userId,movieId,rating,timestamp
1,110,1,1425941529
1,147,4.5,1425942435
1,858,5,1425941523
1,1221,5,1425941546
1,1246,5,1425941556
1,1968,4,1425942148
1,2762,4.5,1425941300
1,2918,5,1425941593
1,2959,4,1425941601
1,4226,4,1425942228
1,4878,5,1425941434
1,5577,5,1425941397
1,33794,4,1425942005
1,54503,3.5,1425941313
1,58559,4,1425942007
1,59315,5,1425941502
1,68358,5,1425941464
1,69844,5,1425942139
1,73017,5,1425942699
1,81834,5,1425942133
1,91500,2.5,1425942647
1,91542,5,1425942618
1,92439,5,1425941424
1,96821,5,1425941382
1,98809,0.5,1425942640
1,99114,4,1425941667
1,112552,5,1425941336
2,5,3,867039249
2,25,3,867039168
2,32,2,867039166
2,58,3,867039325
2,64,4,867039612
2,79,4,867039325
2,141,3,867039168
2,260,4,867039249
2,339,5,867041296
2,377,4,867041121
2,605,4,867039973
2,628,4,867039325
2,648,4,867039167
2,762,3,867039325
2,780,3,867039165
2,786,1,867039249
2,788,1,867039288
2,1210,4,867039325
2,1233,4,867039820
2,1356,5,867039288
2,1475,3,867040824
2,1552,2,867040735
3,480,3,1048076925
3,500,2,1048076945
3,527,4,1048076900
3,858,4,1048076945
3,1092,3,1048076995
3,1097,3,1048076961
3,1270,3,1048076976
3,1968,3,1048077048
3,3101,3,1048076830
3,4474,3,1048077030
4,223,4,1042668576
4,415,4,1042667925
4,648,4,1042674800
4,1097,5,1042667925
4,1197,4,1042667956
4,1210,2,1042667865
4,1221,5,1042667903
4,1422,4,1042674861
4,1431,3,1042667945
4,1597,3,1042674787
4,1617,4,1042674412
4,1644,3,1042674845
4,1645,4,1042674787
4,1732,3,1042674761
4,1909,4,1042674761
4,1911,4,1042668589
4,2023,5,1042667945
4,2338,2,1042674886
4,2355,4,1042668559
4,2396,5,1042672546
4,2443,4,1042672491
4,2541,3,1042668576
4,2581,3,1042672363
4,2683,3,1042668505
4,2692,4,1042672531
4,2694,1,1042668544
4,2706,4,1042668505
4,2710,2,1042668544
4,2712,3,1042668621
4,2716,4,1042672283
4,2762,5,1042672546
4,2763,4,1042672556
4,2805,3,1042672352
4,2875,4,1042674773
4,2881,3,1042668589
4,2987,4,1042672592
4,3004,1,1042668521
4,3005,3,1042668544
4,3114,5,1042672580
4,3160,4,1042672335
4,3203,4,1042668576
4,3285,3,1042668521
4,3298,3,1042668544
4,3408,5,1042668604
4,3409,2,1042668621
4,3476,4,1042674436
4,3578,4,1042672283
4,3623,2,1042672352
4,3751,4,1042668559
4,3752,3,1042672335
4,3753,4,1042672491
4,3798,4,1042672580
4,3908,2,1042672580
4,3909,3,1042672592
4,3977,3,1042668559
4,4014,4,1042667845
4,4084,3,1042667925
4,4226,3,1042674412
4,4238,4,1042674819
4,4848,3,1042674425
4,4896,4,1042667845
4,5679,3,1042674579
5,7,3,949423844
5,157,2,949423787
5,296,4,949424343
5,541,5,949424321
5,750,5,949424271
5,858,5,949424168
5,908,5,949424374
5,1193,5,949424374
5,1198,4,949424343
5,1201,5,949424321
5,1204,5,949424271
5,1225,4,949424343
5,1230,5,949423787
5,1254,5,949424374
5,1263,5,949424271
5,1270,5,949423844
5,1302,5,949423787
5,1945,5,949424321
5,2163,2,949424522
5,2707,5,949424045
5,2877,1,949424482
5,3079,5,949423938
5,3114,4,949423938
5,3156,5,949423978
5,3198,4,949424188
5,3255,3,949423844
6,11,3,944894480
6,1198,3,944894480
6,2565,4,944894144
6,2628,5,944928077
7,293,5,1486253647
7,318,4,1486253595
7,2571,4,1486253599
7,2858,4.5,1486254186
7,2959,4.5,1486253602
7,3535,5,1486253781
7,3948,1.5,1486253699
7,4022,4,1486253683
7,4306,2.5,1486253672
7,4896,4.5,1486253687
7,4993,5,1486253608
7,5618,4,1486253703
7,5810,2,1486253944
7,5816,4.5,1486253705
7,6377,3.5,1486253615
7,6934,2,1486253729
7,7153,4.5,1486253605
7,8368,4,1486253719
7,8533,4,1486253918
7,8961,2.5,1486253617
7,30793,2.5,1486253796
7,33794,4,1486253619
7,35836,3,1486253758
7,39183,3,1486253891
7,40815,2.5,1486253738
7,41566,2,1486253798
7,50872,4,1486253740
7,51255,2.5,1486253771
7,54001,3,1486253787
7,54272,4,1486253880
7,54503,3.5,1486253805
7,55247,2,1486253865
7,58559,5,1486253675
7,60074,1,1486253975
7,63082,3.5,1486253733
7,68954,3,1486253695
7,69844,3.5,1486253817
7,72378,2.5,1486254028
7,79132,3,1486253597
7,80463,3.5,1486253795
7,81834,3,1486253817
7,88125,4.5,1486253827
7,88129,4,1486253959
7,88744,1.5,1486253974
7,89745,2.5,1486253761
7,91529,4.5,1486253752
7,98809,4.5,1486253884
7,99114,2,1486253749
7,106489,4,1486253996
7,106920,3.5,1486253941
7,116797,4.5,1486253789
7,122904,1,1486253905
7,134853,2.5,1486253833
8,1,4,1013443596
8,7,2,1013442976
8,44,3,1013442518
8,47,4,1013443770
8,170,3,1013442544
8,208,3,1013443900
8,318,5,1013444101
8,420,1,1013443085
8,553,4,1013442902
8,585,2,1013443939
8,647,4,1013442921
8,653,4,1013444101
8,784,2,1013443487
8,832,2,1013443752
8,852,2,1013443718
8,912,4,1013442544
8,968,4,1013444101
8,1037,3,1013444040
8,1210,4,1013442408
8,1211,3,1013443677
8,1228,3,1013442366
8,1265,3,1013442825
8,1266,5,1013443659
8,1287,4,1013443993
8,1292,5,1013442804
8,1304,3,1013443638
8,1339,1,1013442921
8,1343,3,1013443596
8,1404,1,1013443848
8,1405,4,1013443698
8,1499,3,1013443867
8,1591,4,1013443848
8,1626,3,1013443939
8,1653,2,1013442853
8,1792,1,1013444101
8,1837,1,1013443596
8,1876,3,1013443659
8,1882,2,1013444013
8,1965,3,1013443867
8,1968,3,1013442518
8,2019,5,1013443447
8,2022,3,1013444158
8,2110,2,1013443544
8,2193,2,1013442936
8,2240,3,1013442902
8,2300,2,1013443698
8,2313,3,1013442804
8,2334,3,1013443923
8,2416,3,1013443974
8,2469,3,1013442463
8,2474,2,1013443508
8,2571,4,1013442825
8,2596,4,1013443848
8,2600,2,1013442463
8,2670,4,1013443974
8,2762,2,1013442774
8,2919,3,1013443461
8,2985,4,1013443508
8,3016,3,1013443770
8,3036,3,1013443380
8,3082,3,1013443597
8,3091,4,1013442463
8,3107,2,1013443529
8,3146,3,1013443659
8,3147,3,1013443731
8,3175,5,1013443796
8,3197,2,1013443461
8,3203,4,1013443993
8,3354,1,1013443830
8,3359,4,1013442758
8,3527,5,1013442902
8,3634,5,1013443881
8,3660,4,1013443900
8,3671,3,1013444040
8,3679,4,1013443447
8,3785,3,1013443796
8,3841,4,1013444013
8,3868,4,1013443638
8,3986,1,1013442956
8,4084,1,1013443031
8,4085,3,1013442825
8,4291,2,1013443796
8,4361,2,1013443638
8,4366,3,1013443179
8,4367,3,1013443045
8,4443,4,1013443447
8,4466,3,1013443557
8,4541,4,1013444101
8,4563,3,1013443508
8,4571,3,1013442837
8,4638,3,1013443070
8,4643,2,1013442976
8,4654,3,1013443923
8,4681,1,1013442872
8,4787,2,1013442518
8,4896,4,1013442518
8,4901,3,1013442662
8,4954,3,1013443013
8,4956,4,1013442758
8,4963,2,1013442662
8,4971,2,1013442921
8,4979,4,1013442677
8,4980,2,1013442956
8,4993,4,1013442629
8,5002,2,1013443013
8,5008,5,1013442758
8,5026,2,1013442707
8,5033,1,1013442956
8,5036,3,1013442989
8,5054,4,1013443338
8,5064,3,1013442629
8,5120,2,1013443273
8,5125,2,1013442758
9,1,4.5,1073837180
9,150,4,1073837284
9,342,5,1061916357
9,497,4,1061916288
9,594,3,1061916233
9,750,4,1061916274
9,852,2,1061916339
9,1059,5,1061918479
9,1079,2,1061916220
9,1183,4,1061916215
9,1188,4.5,1061918506
9,1197,4.5,1073837135
9,1207,4,1073837292
9,1246,4.5,1073837162
9,1262,4,1073837244
9,1291,3.5,1073837197
9,1304,3.5,1061916295
9,1391,2.5,1061916303
9,1527,4,1061916280
9,1653,4.5,1061916352
9,1676,0.5,1061916373
9,1682,4.5,1061916342
9,2245,3.5,1062144212
9,2321,4,1073837327
9,2324,5,1061916334
9,2355,4.5,1061916245
9,2395,4.5,1073837036
9,2396,5,1073837256
9,2571,3.5,1073837149
9,2640,2,1061916416
9,2762,4,1073837125
9,2858,4.5,1073837168
9,3114,4.5,1073837131
9,3408,3.5,1061917407
9,3535,2.5,1061917857
9,3538,3,1061917561
9,3717,3.5,1061918172
9,3751,4,1061917155
9,3793,4,1061917529
9,3948,3.5,1061917586
9,3967,4.5,1061917148
9,3969,3.5,1061917754
9,3996,4,1061916312
9,4014,4.5,1061916906
9,4027,5,1061917088
9,4103,4,1073837233
9,4226,4,1061916957
9,4246,4,1061917359
9,4306,5,1061917073
9,4308,5,1061917384
9,4367,2.5,1061918204
9,4370,2.5,1061917824
9,4848,3,1061917439
9,4878,4,1064941670
9,4881,4,1061917141
9,4886,4,1061917025
9,4896,3.5,1061917348
9,4963,4,1061917258
9,4973,5,1061916953
9,4979,4.5,1062237903
9,4993,5,1061916981
9,5013,3,1061917305
9,5016,3.5,1061917628
9,5151,3,1061918107
9,5299,5,1061917411
9,5349,4,1061917314
9,5378,2.5,1061917724
9,5380,4,1061917454
9,5445,3,1061917166
9,5459,3.5,1061918154
9,5502,3,1061917421
9,5669,4,1061917039
9,5816,3.5,1061917353
9,5872,3,1061917874
9,5902,3.5,1061917084
9,5952,5,1073837104
9,5989,5,1061917101
9,5991,4.5,1061917119
9,6157,3,1061918001
9,6333,4,1061917069
9,6365,3,1061917377
9,6539,5,1061916492
9,6568,4,1063558749
9,7153,5,1073837010
10,150,4,846287850
10,153,3,846288047
10,165,4,846288047
10,296,5,846287850
10,344,4,846288047
10,349,5,846288047
10,380,5,846287850
10,457,4,846288177
10,588,5,846288047
10,590,3,846287850
10,592,4,846287850
10,593,4,846288177
10,595,5,846288177
11,32,3.5,1231677006
11,34,4,1231677071
11,47,3.5,1231677031
11,110,3.5,1231676989
11,165,3.5,1231677046
11,231,2.5,1231677076
11,260,3,1231676984
11,296,4,1231676885
11,318,4.5,1231678204
11,344,3,1231677016
11,356,4,1231676871
11,364,3,1231677051
11,457,3.5,1231676994
11,480,3.5,1231676849
11,500,4,1231677066
11,520,2,1231677440
11,527,4.5,1231677900
11,593,4,1231676857
11,736,3,1231677056
11,750,3,1231677212
11,784,2,1231677333
11,1073,4,1231677094
11,1089,3.5,1231677184
11,1127,3.5,1231677287
11,1265,2.5,1231677102
11,1270,3,1231677026
11,1276,3,1231675786
11,1370,3.5,1231677340
11,1527,3.5,1231677151
11,1573,3.5,1231677261
11,1721,4,1231677086
11,1923,4,1231677156
11,2028,4,1231677061
11,2054,2.5,1231677276
11,2571,3,1231677021
11,2959,2.5,1231676159
11,3408,4,1231677321
11,3409,4,1231683195
11,3440,3,1231674951
11,3513,3.5,1231674869
11,3555,4,1231674770
11,3578,4,1231676542
11,3977,3,1231677315
11,4022,3.5,1231677298
11,4027,3.5,1231677293
11,4036,1,1231674899
11,4052,3.5,1231674934
11,4226,2.5,1231676574
11,4238,3.5,1231674880
11,4878,2,1231676641
11,4963,3.5,1231677256
11,4973,4.5,1231676764
11,4993,4,1231677113
11,4995,4,1231677609
11,5064,4.5,1231676523
11,5418,3.5,1231676532
11,5952,4,1231677134
11,5989,4,1231676517
11,6058,3.5,1231683242
11,6377,3.5,1231677614
11,6539,2.5,1231677241
11,6624,2.5,1231675178
11,6870,3.5,1231676496
11,6942,3.5,1231677705
11,7153,4,1231677192
11,7347,3.5,1231674939
11,7361,2,1231677737
11,7439,3,1231675038
11,8665,4,1231677599
11,27700,4.5,1232316133
11,33437,3,1231675958
11,33679,3.5,1231680079
11,33794,4,1231675372
11,36513,3,1231682019
11,37653,3,1231676959
11,37727,3,1231675016
11,37741,2.5,1231676132
11,40148,2.5,1231676190
11,40339,4,1231675121
11,42013,2,1231676291
11,43679,3,1231683255
11,44199,4,1231676477
11,44555,4,1231676569
11,45442,3,1231676053
11,45672,2,1231676242
11,45728,0.5,1231676381
11,46723,4,1231674889
11,46948,2,1231676270
11,47394,2.5,1231675980
11,47518,3,1231675688
11,47610,4,1231676547
11,47629,3.5,1231676729
11,47642,3,1232307026
11,48043,0.5,1231676395
11,48304,4.5,1231677865
11,48326,1.5,1231676327
11,48394,3,1231675920
11,48516,3.5,1231675568
11,48593,2.5,1232316111
11,48738,3.5,1231676608
11,48774,3.5,1231675538
11,48780,4.5,1231677913
11,48997,5,1231675293
11,49130,3.5,1231675605
11,49272,3.5,1231676680
11,49280,1.5,1231676352
11,49530,3.5,1231676692
11,49910,3.5,1231678614
11,50068,3,1231676613
11,50442,2.5,1231678942
11,50601,2.5,1231678930
11,50794,1.5,1231676313
11,50872,3.5,1231676511
11,51077,2.5,1231676167
11,51086,2,1231676283
11,51091,2,1231676234
11,51255,3,1231678424
11,51412,3.5,1231679030
11,51418,3,1231675998
11,51540,4,1231676507
11,51575,3,1231679189
11,51931,3,1231677639
11,51935,4,1231678514
11,52245,3.5,1231678856
11,52281,2.5,1231678441
11,52321,3.5,1231675662
11,52328,3.5,1231678869
11,52448,4,1231675424
11,52458,3,1231678678
11,52604,3.5,1231678535
11,52644,2.5,1231679083
11,52694,4,1231679151
11,52712,3,1231679007
11,52952,3.5,1231675671
11,52973,3.5,1231678636
11,52975,2,1231678722
11,53125,2.5,1231678861
11,53129,4,1231677679
11,53207,3.5,1231675521
11,53318,3.5,1231678495
11,53322,4,1231678687
11,53519,2.5,1231678670
11,53550,4,1231675472
11,53921,3.5,1231675899
11,53953,3,1231678838
11,53972,4,1231678565
11,53996,3.5,1231678914
11,54259,3,1231678435
11,54286,4,1231675407
11,54503,4,1231678600
11,54736,3.5,1231678587
11,54775,1,1231676372
11,54780,2.5,1231676044
11,54787,2.5,1231676150
11,54997,4,1231675397
11,54999,3,1231678904
11,55052,3,1231678500
11,55080,3,1231675722
11,55094,3,1231678458
11,55116,3.5,1231675860
11,55118,3.5,1231675589
11,55232,1.5,1231676301
11,55247,4.5,1231676750
11,55276,3.5,1231676501
11,55286,2,1231678825
11,55290,4,1231675415
11,55363,3,1231676119
11,55729,2,1231676260
11,55765,3.5,1231676662
11,55814,2,1231676216
11,55820,4.5,1231675313
11,55830,3,1231675698
11,55946,3,1231675883
11,55995,1,1231676342
11,56145,3.5,1231675641
11,56156,2.5,1231676027
11,56171,2,1231678761
11,56174,3.5,1231678705
11,56339,3.5,1231676667
11,56367,4,1231675622
11,56587,3.5,1231676629
11,56607,4,1231675633
11,56633,2.5,1231676083
11,56757,4,1231675487
11,56775,3,1231675910
11,56782,5,1231675322
11,56941,2,1231678776
11,57353,3.5,1231675599
11,57368,3.5,1231675546
11,57528,3,1231675928
11,57669,3,1231678399
11,58025,3,1231675614
11,58078,3,1231676108
11,58103,4,1231675496
11,58162,2.5,1231676201
11,58295,4,1231678543
11,58303,3.5,1231678374
11,58306,1.5,1232307012
11,58559,4.5,1231675382
11,58806,2,1231679062
11,58839,2,1231755849
11,58975,3,1231675946
11,59016,3,1231677462
11,59103,1.5,1231678978
11,59107,2.5,1231676034
11,59141,4.5,1231678766
11,59256,3.5,1231675799
11,59315,3.5,1231676745
11,59362,2.5,1231677454
11,59369,5,1231675302
11,59387,2.5,1231675823
11,59501,2.5,1231676008
11,59900,2.5,1231679199
11,60069,4.5,1231674884
11,60072,3,1231678797
11,60126,3,1231678894
11,60397,2,1231679011
11,60753,3.5,1231675839
11,61132,3.5,1231678919
11,61248,3.5,1231675555
11,61323,3.5,1231675733
11,61352,3.5,1231678623
11,61697,3,1231675937
11,62081,3.5,1231675576
11,62644,4,1231675680
11,63853,4,1231675203
11,64957,3,1232567346
12,1,4,943912205
12,16,4,943913329
12,17,4,943911191
12,29,5,943913115
12,32,2,943911150
12,34,5,943913044
12,36,3,943911325
12,47,5,943912317
12,50,5,943911078
12,73,2,943910885
12,82,4,943911115
12,97,4,943911285
12,123,5,943912719
12,125,5,943912278
12,150,5,943913006
12,155,1,943912539
12,157,1,943910494
12,160,1,943910494
12,162,4,943911613
12,175,5,943911842
12,176,4,943912719
12,194,5,943912278
12,198,1,943912496
12,223,5,943912206
12,232,4,943912719
12,235,5,943912641
12,246,5,943911577
12,247,5,943911191
12,260,5,943911397
12,273,3,943912539
12,290,5,943912122
12,293,4,943911115
12,296,5,943911078
12,301,2,943910918
12,307,5,943912613
12,309,4,943911542
12,318,4,943911325
12,322,5,943912871
12,334,3,943911435
12,337,4,943912353
12,348,4,943912353
12,356,3,943911746
12,363,4,943911700
12,373,5,943912931
12,441,4,943910445
12,446,5,943910409
12,457,3,943912317
12,475,3,943912803
12,492,4,943910623
12,497,4,943912013
12,501,5,943911397
12,523,3,943910758
12,527,5,943911078
12,529,4,943911285
12,535,4,943912396
12,541,4,943911613
12,549,5,943912122
12,555,3,943911790
12,568,3,943911700
12,581,5,943911363
12,589,3,943911435
12,590,4,943913081
12,593,4,943910843
12,595,3,943912679
12,608,5,943910957
12,728,4,943911876
12,735,5,943912679
12,750,5,943912476
12,759,5,943911542
12,778,5,943910587
12,800,5,943910843
12,858,4,943911790
12,866,3,943911790
12,899,3,943911115
12,903,5,943912049
12,904,4,943911078
12,912,5,943910957
12,916,4,943911700
12,926,4,943911285
12,940,3,943911700
12,953,4,943911652
12,969,3,943911325
12,994,5,943911191
12,1023,5,943912166
12,1036,4,943912396
12,1041,4,943911501
12,1059,4,943912317
12,1060,4,943911910
12,1079,5,943911910
12,1080,5,943911285
12,1086,4,943911746
12,1089,5,943911910
12,1111,5,943911240
12,1120,3,943912080
12,1132,4,943911285
12,1136,5,943911285
12,1147,5,943912613
12,1148,5,943911078
12,1172,5,943910843
12,1177,4,943911947
12,1184,5,943912166
12,1185,4,943913115
12,1192,5,943912317
12,1193,5,943911842
12,1196,4,943911947
12,1197,5,943911613
12,1198,4,943910843
12,1199,5,943910843
12,1206,4,943911542
12,1207,4,943910843
12,1208,4,943911790
12,1211,5,943910349
12,1213,4,943911151
12,1214,2,943910987
12,1216,5,943911746
12,1217,5,943912476
12,1219,3,943911325
12,1221,4,943910843
12,1224,4,943910957
12,1225,5,943911542
12,1230,4,943910987
12,1233,4,943911501
12,1234,4,943911577
12,1240,4,943911613
12,1242,4,943912166
12,1245,4,943911746
12,1246,5,943912834
12,1263,4,943911700
12,1264,4,943911501
12,1270,2,943912166
12,1273,5,943911577
12,1277,4,943911240
12,1279,5,943910554
12,1280,5,943911910
12,1285,5,943911746
12,1289,5,943912353
12,1291,4,943911947
12,1293,4,943911542
12,1299,5,943911746
12,1354,5,943911285
12,1356,2,943910471
12,1357,3,943913044
12,1358,4,943911034
12,1394,5,943911078
12,1449,4,943912768
12,1499,1,943910522
12,1517,4,943910634
12,1537,5,943911842
12,1545,4,943910885
12,1552,1,943910471
12,1584,3,943910445
12,1587,1,943910445
12,1610,4,943913115
12,1617,5,943912834
12,1625,4,943912931
12,1635,4,943912641
12,1639,5,943911501
12,1641,3,943911842
12,1643,4,943911034
12,1648,5,943912719
12,1658,1,943910885
12,1672,2,943913081
12,1673,3,943911652
12,1674,4,943913329
12,1678,5,943911700
12,1682,4,943911240
12,1683,4,943910349
12,1684,3,943911034
12,1701,3,943910445
12,1704,4,943912317
12,1719,5,943912978
12,1721,2,943911435
12,1730,4,943911363
12,1784,3,943911435
12,1794,4,943910987
12,1799,5,943912679
12,1834,3,943911397
12,1836,4,943911652
12,1883,4,943911115
12,1892,1,943912013
12,1914,5,943911325
12,1923,2,943912049
12,1952,4,943912122
12,1954,2,943912317
12,1957,4,943911363
12,1960,5,943912396
12,1961,3,943911150
12,1962,4,943912049
12,2020,5,943911325
12,2028,5,943910918
12,2064,4,943912768
12,2081,4,943912237
12,2095,4,943911542
12,2108,4,943911034
12,2136,5,943911435
12,2144,2,943911285
12,2150,3,943911909
12,2160,4,943911397
12,2174,3,943911577
12,2193,3,943911700
12,2194,3,943911947
12,2243,5,943912768
12,2248,5,943911790
12,2252,3,943911034
12,2263,1,943913365
12,2266,1,943911790
12,2268,3,943911700
12,2291,4,943911240
12,2294,2,943911842
12,2302,5,943912896
12,2312,4,943912871
12,2331,4,943911947
12,2333,4,943912803
12,2348,4,943912679
12,2355,4,943912871
12,2363,2,943912613
12,2391,5,943911363
12,2394,2,943910885
12,2416,1,943911115
12,2419,2,943913365
12,2431,2,943911842
12,2520,1,943912396
12,2542,5,943911397
12,2571,5,943911436
12,2572,4,944342904
12,2580,5,943910885
12,2628,3,943911501
12,2657,5,943911435
12,2692,5,943912871
12,2702,4,943911947
12,2716,3,943910957
12,2739,4,943912679
12,2762,3,943911842
12,2791,1,943911115
12,2797,3,943912719
12,2840,1,943910098
12,2841,3,944342803
12,2858,5,943910033
12,2871,4,943911191
12,2916,4,943912353
12,2985,2,943911909
12,2987,2,943911034
12,2997,5,943910033
12,3052,5,944342864
12,3077,4,943910033
12,3079,4,943910122
12,3100,3,943912803
12,4424,3,943910409
13,1911,2,1348788885
13,1965,3.5,1348788909
13,2116,4.5,1348788935
13,2431,3,1348788914
13,3258,2.5,1348789009
13,3444,1.5,1348789109
13,6957,3,1348789004
13,33004,4,1348788930
13,43560,2,1348789278
13,56607,3.5,1348789246
13,58047,1.5,1348789179
14,293,2,1488224496
14,318,2.5,1488224438
14,2571,4.5,1488224459
14,2959,3,1488224441
14,168252,5,1488224471
15,6,4,1346008202
15,107,3.5,1346002224
15,135,0.5,1346002251
15,260,1.5,1346002451
15,293,5,1346008164
15,296,4.5,1346009478
15,348,1.5,1346002171
15,349,3.5,1346008794
15,362,4,1346002144
15,441,3,1346002147
15,531,2.5,1346002151
15,541,4.5,1346002463
15,555,4,1346008005
15,589,3.5,1346008344
15,599,5,1346002553
15,608,5,1346009462
15,733,2,1346008746
15,745,4,1346009522
15,750,5,1346009420
15,778,4.5,1346009442
15,838,0.5,1346002157
15,969,5,1346009466
15,1036,4.5,1346008222
15,1079,5,1346009498
15,1080,5,1346009470
15,1093,1.5,1346002165
15,1148,4.5,1346009490
15,1188,3,1346002181
15,1196,1,1346002455
15,1197,4.5,1346008342
15,1198,4,1346002443
15,1200,5,1346008166
15,1201,5,1346008102
15,1208,4.5,1346002438
15,1209,3.5,1346007984
15,1214,5,1346002464
15,1220,3.5,1346008329
15,1223,4,1346002186
15,1233,4,1346008114
15,1234,4.5,1346009472
15,1240,4,1346008191
15,1249,3.5,1346008150
15,1261,4,1346008003
15,1262,4,1346008106
15,1265,5,1346009494
15,1272,5,1346002168
15,1278,5,1346002456
15,1287,3,1346008215
15,1291,3,1346008385
15,1303,5,1346002580
15,1304,4.5,1346008100
15,1321,3.5,1346002189
15,1378,1,1346002231
15,1387,5,1346002459
15,1394,5,1346009414
15,1396,1,1346009161
15,1408,5,1346008714
15,1527,5,1346008016
15,1580,3.5,1346009439
15,1610,4.5,1346008412
15,1732,5,1346009426
15,1784,4,1346009513
15,1831,0.5,1346002195
15,1884,4,1346009349
15,1953,4.5,1346007946
15,1954,4,1346008211
15,1960,4,1346002241
15,2028,4,1346008206
15,2072,2.5,1346002349
15,2108,1,1346002249
15,2194,3,1346008176
15,2300,3.5,1346009246
15,2401,4.5,1346008664
15,2502,5,1346009531
15,2529,2.5,1346008064
15,2542,4.5,1346009492
15,2571,4,1346008239
15,2692,4.5,1346008199
15,2716,3.5,1346008340
15,2728,3,1346008035
15,2797,3.5,1346009525
15,2871,4,1346002555
15,2918,3,1346016134
15,2944,4.5,1346008146
15,2947,2.5,1346008234
15,2951,4.5,1346008125
15,2959,4,1346002474
15,2997,4,1346009453
15,3030,5,1346002476
15,3037,4.5,1346002551
15,3066,4,1346008805
15,3112,3.5,1346002358
15,3252,3,1346002215
15,3265,4,1346008031
15,3267,3.5,1346009081
15,3275,2.5,1346007989
15,3361,3,1346002218
15,3362,5,1346009407
15,3384,4,1346008453
15,3481,4,1346009511
15,3504,4.5,1346009363
15,3507,4.5,1346009400
15,3508,5,1346002582
15,3527,4.5,1346008266
15,3555,0.5,1346002244
15,3578,4,1346008604
15,3654,2,1346007981
15,3671,5,1346016139
15,3681,4.5,1346008093
15,3703,2.5,1346002572
15,3836,4,1346008461
15,3868,3.5,1346002221
15,3996,4,1346008209
15,4011,4,1346009506
15,4027,5,1346009501
15,4262,5,1346008127
15,4327,4,1346002589
15,4855,4.5,1346008104
15,4881,4,1346009257
15,4886,4,1346009528
15,4973,4.5,1346009459
15,4979,5,1346009416
15,5010,2,1346008769
15,5060,5,1346009352
15,5418,4.5,1346008394
15,5445,3.5,1346008972
15,5782,5,1346008061
15,5899,4.5,1346008421
15,5903,2.5,1346008479
15,6016,5,1346002470
15,6377,4,1346009468
15,6448,3,1346008678
15,6502,4.5,1346007966
15,6711,4,1346009394
15,6807,4.5,1346009423
15,6808,4,1346008456
15,6874,4,1346008118
15,6893,3,1346008966
15,6947,5,1346008968
15,7022,4,1346007978
15,7076,3,1346007986
15,7090,3,1346008363
15,7143,0.5,1346008743
15,7438,4,1346008136
15,7445,4,1346008354
15,7802,4.5,1346008720
15,7980,4,1346008592
15,8132,4,1346008287
15,8169,3,1346002366
15,8665,3.5,1346002585
15,8798,3,1346008196
15,8874,5,1346009450
15,8949,4,1346009380
15,8961,5,1346008352
15,26172,4,1346008764
15,26614,4.5,1346008142
15,27728,3,1346008753
15,27831,4,1346008492
15,27869,3.5,1346008567
15,31878,3,1346008489
15,32587,4.5,1346008098
15,33794,4.5,1346008182
15,34405,4.5,1346008669
15,36529,4.5,1346008070
15,37731,0.5,1346008449
15,37733,5,1346007938
15,38038,4,1346009360
15,38061,4,1346009476
15,39381,5,1346008557
15,41997,4,1346007963
15,44191,5,1346008095
15,44195,4.5,1346009456
15,45517,2.5,1346009241
15,46578,5,1346009433
15,46976,4.5,1346009403
15,48774,4,1346002574
15,49272,4,1346008157
15,49530,3.5,1346002547
15,50872,5,1346007969
15,51255,5,1346007999
15,51662,2,1346008749
15,53972,3,1346009202
15,54286,4,1346008153
15,54995,4,1346009130
15,54997,0.5,1346008028
15,55118,5,1346002646
15,55247,0.5,1346002577
15,55765,4,1346002636
15,58295,3.5,1346009075
15,58559,5,1346002472
15,59315,1.5,1346008159
15,59369,2.5,1346008123
15,59784,3.5,1346008683
15,60684,4.5,1346008703
15,62849,2.5,1346008700
15,65596,4,1346008661
15,66297,3.5,1346008777
15,68157,3.5,1346008120
15,68358,3.5,1346008173
15,68954,5,1346007942
15,69481,4,1346008427
15,69524,5,1346008432
15,69757,2,1346002361
15,71535,4.5,1346008367
15,72998,3.5,1346008392
15,73017,3,1346008562
15,76251,4.5,1346008417
15,79132,2,1346008186
15,79702,0.5,1346008365
15,81229,3.5,1346009156
15,81564,2,1346008698
15,81834,4,1346008380
15,85354,3.5,1346008470
15,86142,4,1346008653
15,87232,4,1346008435
15,88125,4,1346008245
15,88744,4,1346009062
15,89745,2.5,1346008194
15,89774,4.5,1346008278
15,90600,5,1346008711
15,91500,3.5,1346008594
15,91529,3.5,1346008218
15,91542,0.5,1346008672
15,93510,3.5,1346008785
15,93838,2.5,1346009151
15,95167,3.5,1346008818
16,32,4.5,1485646263
16,50,5,1485650563
16,111,5,1485646062
16,198,4.5,1485646778
16,260,3.5,1485645737
16,296,5,1485646091
16,316,3.5,1485646752
16,318,5,1485645745
16,380,4,1485645954
16,480,4.5,1485649634
16,541,5,1485645886
16,589,5,1485645837
16,593,4.5,1485645876
16,924,5,1485646073
16,968,4.5,1485650425
16,1036,4,1485645842
16,1080,5,1485673003
16,1089,5,1485649797
16,1129,4.5,1485645951
16,1136,5,1485673012
16,1196,3.5,1485645741
16,1198,4,1485645743
16,1200,5,1485645838
16,1206,4.5,1485646100
16,1208,5,1485646065
16,1210,4,1485645751
16,1214,5,1485646112
16,1220,5,1485650493
16,1222,5,1485646044
16,1240,5,1485645853
16,1241,4.5,1485673046
16,1255,4.5,1485673183
16,1261,5,1485673042
16,1270,4.5,1485646494
16,1288,4.5,1485673002
16,1291,5,1485645756
16,1320,4.5,1485646001
16,1321,4.5,1485673061
16,1527,4.5,1485645898
16,1580,4.5,1485647186
16,1653,5,1485645991
16,1676,4.5,1485645995
16,1682,4,1485645891
16,1690,4,1485646808
16,1732,4.5,1485646130
16,1884,5,1485673051
16,1982,4,1485650447
16,2105,5,1485646298
16,2174,4.5,1485673069
16,2193,4,1485650431
16,2288,5,1485646095
16,2329,5,1485646042
16,2455,5,1485646478
16,2528,4.5,1485646907
16,2571,4.5,1485645749
16,2662,4.5,1485646424
16,2791,5,1485650498
16,2858,5,1485649804
16,2916,4.5,1485645919
16,2959,5,1485645873
16,2985,4.5,1485647033
16,2997,4.5,1485646116
16,3018,5,1485646907
16,3033,4,1485646436
16,3147,4.5,1485646152
16,3156,3.5,1485646767
16,3275,4.5,1485646102
16,3300,4,1485646493
16,3527,5,1485645906
16,3698,4.5,1485647155
16,3702,4,1485646181
16,3703,5,1485646919
16,3704,4.5,1485649630
16,3868,4.5,1485673049
16,3917,4.5,1485650413
16,4011,4.5,1485646088
16,4226,4.5,1485650594
16,4239,5,1485650478
16,4262,5,1485646090
16,4553,5,1485646300
16,4878,4.5,1485646047
16,4975,4,1485673119
16,4995,5,1485650434
16,5254,4,1485649655
16,5445,4.5,1485645999
16,5669,4,1485650653
16,5853,4.5,1485646932
16,5903,4.5,1485646503
16,5989,4.5,1485650475
16,6016,4.5,1485646040
16,6502,5,1485646163
16,6537,3.5,1485649693
16,6731,4.5,1485673180
16,7153,4,1485645752
16,7202,4.5,1485649733
16,7387,4,1485649807
16,7984,4.5,1485647040
16,8464,4,1485673124
16,8501,4,1485650511
16,8622,4,1485650654
16,8644,4,1485646272
16,8861,4.5,1485649641
16,8985,4,1485649677
16,26558,4,1485649687
16,27846,4.5,1485650734
16,31658,5,1485646064
16,34292,4,1485646838
16,34405,4.5,1485645895
16,37386,4,1485646786
16,42738,4,1485647159
16,44191,5,1485645958
16,48394,5,1485646033
16,48516,5,1485645889
16,48774,4,1485646167
16,54286,4,1485645871
16,54881,4.5,1485650698
16,55232,5,1485647172
16,55820,4,1485646114
16,56174,4.5,1485649643
16,59315,4,1485645856
16,60069,4,1485646482
16,60684,2,1485645948
16,62733,4,1485647045
16,65982,4,1485646917
16,68205,4,1485650533
16,68237,4.5,1485646038
16,68358,4.5,1485645863
16,68791,4.5,1485649662
16,68954,5,1485645867
16,70286,5,1485645908
16,71135,5,1485646470
16,71282,4,1485650690
16,72129,2,1485650530
16,72998,4,1485646006
16,73268,4,1485646904
16,75985,4,1485646925
16,78499,4,1485645772
16,79057,5,1485646285
16,79132,4,1485645845
16,79592,4,1485650537
16,80463,4.5,1485645776
16,80862,4.5,1485650727
16,82461,4,1485646290
16,84772,4.5,1485647030
16,84954,4.5,1485646484
16,85414,4,1485646520
16,87232,4.5,1485645970
16,88744,5,1485645941
16,89470,4.5,1485646922
16,89745,4,1485645962
16,90345,4.5,1485646935
16,93563,4,1485647178
16,94777,4.5,1485646796
16,94864,3.5,1485645965
16,95875,4,1485646289
16,96737,4.5,1485646440
16,98122,4.5,1485650737
16,101864,4,1485646946
16,102070,4.5,1485673253
16,103042,4.5,1485646283
16,103228,4,1485649631
16,103249,5,1485649652
16,103253,4.5,1485646720
16,106920,5,1485646472
16,108945,4,1485646763
16,110102,4,1485645973
16,111235,4,1485650721
16,111362,4.5,1485645968
16,111759,4.5,1485645866
16,112552,5,1485649758
16,112623,5,1485645900
16,112852,5,1485645850
16,114180,4.5,1485647170
16,115713,4.5,1485646189
16,119145,4,1485645912
16,120466,4.5,1485646782
16,122892,4,1485646276
16,122904,4,1485645858
16,134130,4,1485650527
16,134853,3,1485646123
16,135567,4,1485646297
16,135569,4.5,1485646523
17,356,5,1002811484
17,593,4,1002811207
17,597,5,1002811293
17,1089,4,1002811320
17,1753,3,1002811320
17,2109,4,1002811403
17,3210,4,1002811484
17,3987,3,1002811424
17,4020,4,1002811635
17,4023,5,1002811635
17,4143,4,1002811713
17,4149,2,1002811713
17,4155,3,1002811684
17,4159,3,1002811731
17,4161,4,1002811684
17,4226,4,1002811601
17,4228,2,1002811684
17,4239,4,1002811601
17,4247,3,1002811293
17,4265,5,1002811713
17,4270,2,1002811713
17,4310,3,1002811320
17,4718,4,1002811818
17,4745,2,1002811818
18,81,5,965665345
18,912,5,965665264
18,1193,5,965665345
18,1270,3,965665315
18,1295,5,965665315
18,3005,2,965665345
19,327,1,1321323149
19,481,2.5,1321323242
19,880,2.5,1321323246
19,1125,2,1321323233
19,1175,3,1321323208
19,1292,2.5,1321323223
19,1298,3,1321323217
19,1411,2.5,1321323206
19,2108,1.5,1321323180
19,2109,2,1321323166
19,2160,4,1321323153
19,2371,1.5,1321323197
19,2378,3,1321323236
19,2948,2.5,1321323170
19,3868,0.5,1321323175
20,1,4,1368361348
20,39,5,1492183739
20,150,4,1432292271
20,161,4,1419975922
20,216,3.5,1443037004
20,260,4,1367493792
20,296,4.5,1389542613
20,344,4,1457984514
20,345,4.5,1395875323
20,364,3,1437638364
20,367,4,1399364672
20,370,3,1383427672
20,410,5,1390830725
20,480,4,1383426827
20,520,4.5,1457984608
20,551,4.5,1422575315
20,588,5,1377794753
20,595,3.5,1419008449
20,741,4,1368361043
20,780,3,1432292261
20,858,4.5,1428911924
20,899,4,1422575407
20,908,4,1368360968
20,911,4.5,1441827098
20,912,5,1441464486
20,915,4,1458564945
20,919,4,1368360899
20,920,5,1460281505
20,936,3.5,1367490414
20,946,4.5,1422575354
20,1025,3,1422575595
20,1028,5,1441444348
20,1031,4,1399365099
20,1080,4.5,1368361221
20,1136,4.5,1367494173
20,1148,4.5,1367493785
20,1196,3.5,1459240846
20,1197,5,1367493929
20,1210,4,1431972498
20,1220,4,1422575479
20,1221,3.5,1438149944
20,1230,4.5,1415372596
20,1234,4,1437638152
20,1265,4,1368360762
20,1270,4.5,1368361180
20,1422,2.5,1395875535
20,1485,4,1427461780
20,1517,3.5,1383427072
20,1527,3.5,1427925360
20,1566,4,1432574941
20,1573,3,1437638287
20,1580,4,1436857187
20,1588,4,1395875521
20,1617,4.5,1491051763
20,1682,5,1367494761
20,1688,4,1367489762
20,1701,4,1367490069
20,1704,4,1410262521
20,1732,4.5,1368361519
20,1907,4,1450250366
20,2010,2.5,1427126818
20,2078,4,1427925313
20,2081,3.5,1419008582
20,2087,3,1457984670
20,2089,3,1427358987
20,2124,5,1367489443
20,2141,3,1399364961
20,2174,4,1377794820
20,2291,4,1367494460
20,2294,4.5,1399364771
20,2325,4,1367490291
20,2355,4,1449908670
20,2394,4,1367489512
20,2571,4.5,1427925256
20,2617,4,1427925608
20,2628,3,1395875056
20,2657,4.5,1415255846
20,2687,3,1432574954
20,2700,4.5,1419008551
20,2701,3,1449909107
20,2716,3.5,1479915630
20,2746,3.5,1441464597
20,2843,4,1447933443
20,2959,4,1367493773
20,2987,4.5,1457984384
20,3000,4,1368361378
20,3033,4,1432319821
20,3034,4,1442771375
20,3114,4.5,1368360914
20,3147,3,1368361598
20,3159,4.5,1450250744
20,3176,3.5,1441464859
20,3408,3.5,1469959367
20,3462,3.5,1368360796
20,3481,3.5,1368361152
20,3671,3.5,1368361011
20,3751,3.5,1377794999
20,3752,3.5,1447933701
20,3793,3.5,1395875049
20,3869,3.5,1383427323
20,4016,4,1450250500
20,4027,5,1368361470
20,4223,4,1427359763
20,4246,3.5,1462384936
20,4270,4,1395875211
20,4306,5,1368361657
20,4728,4,1383427403
20,4754,4,1367490338
20,4881,3.5,1471149885
20,4886,4,1457984475
20,4896,4,1439661499
20,4963,4,1439661464
20,4973,5,1367493755
20,4979,4,1367494428
20,4993,3.5,1367493944
20,5218,3.5,1377793548
20,5299,3.5,1395875159
20,5349,3.5,1399364304
20,5378,2.5,1422575166
20,5459,4,1451815490
20,5481,3,1447933656
20,5618,4.5,1367493779
20,5669,4,1367494436
20,5816,4,1422575131
20,5902,3.5,1367494724
20,5952,4,1367493985
20,5971,4,1457984490
20,5989,3,1368361253
20,6283,4,1399132509
20,6365,3.5,1462384958
20,6377,5,1368361186
20,6440,4,1427461599
20,6539,4.5,1449908714
20,6579,3.5,1447677524
20,6584,3,1462385011
20,6662,4,1383427643
20,6711,4.5,1367495603
20,6874,5,1367494322
20,6993,4,1368360927
20,7034,2,1377793597
20,7153,4,1367493947
20,7323,4.5,1368360735
20,7361,4.5,1367494790
20,7367,4,1422575652
20,7373,3.5,1399364512
20,7438,3.5,1367494332
20,7762,5,1485882045
20,8360,5,1377793562
20,8368,4,1476204990
20,8464,4,1368361171
20,8622,4.5,1395875132
20,26491,4,1441464660
20,27800,3.5,1450250450
20,30793,3.5,1383426705
20,31878,3.5,1415381507
20,32587,3.5,1367494281
20,33493,3,1427925990
20,33615,3.5,1399364815
20,33794,3.5,1422575527
20,34048,3,1462384898
20,40815,3,1476204974
20,46530,2.5,1395875395
20,46578,4,1367494391
20,46976,4,1383426601
20,48059,4,1450250586
20,48385,3.5,1460021148
20,49272,4,1403884190
20,50872,5,1368360935
20,51662,4,1427925942
20,52885,5,1457984473
20,53121,3,1396525646
20,53894,4,1395875613
20,54001,4,1476204938
20,54272,3,1383427567
20,55442,4,1422575488
20,56367,4.5,1367495587
20,58559,5,1367493748
20,59141,2.5,1427925457
20,59315,4,1368361649
20,59784,3,1449908989
20,59900,3.5,1422575534
20,60069,4.5,1368361070
20,60950,4,1367495441
20,61236,5,1437638083
20,61323,3.5,1427461568
20,63113,3,1403884271
20,64620,3,1392921435
20,64839,3.5,1368361245
20,65261,4.5,1415255886
20,66934,5,1367490140
20,67997,3.5,1420877645
20,68157,4.5,1368361499
20,68954,4.5,1367494939
20,69604,4,1367495370
20,69757,5,1484694694
20,70286,4,1368361532
20,71464,4,1427461548
20,72011,3,1484940834
20,72226,3.5,1444895660
20,72998,3,1420368098
20,74789,2.5,1395875359
20,76251,4,1367494261
20,79132,3.5,1367493805
20,79702,5,1367494210
20,80463,5,1484940508
20,80834,3.5,1450250613
20,81845,4,1368361432
20,81847,4,1368361333
20,82459,4.5,1419976882
20,83349,4,1399364640
20,84944,3,1367490662
20,84954,3,1449908941
20,86882,3.5,1410900477
20,89302,4.5,1400778725
20,89745,4,1367494956
20,89753,3.5,1485608382
20,89804,3.5,1367490797
20,90746,3.5,1376551959
20,90866,2,1434807291
20,91077,3,1436159896
20,91529,3.5,1399132434
20,91622,3.5,1418416347
20,94677,3.5,1449908792
20,94959,4.5,1457339496
20,95167,3.5,1458564697
20,95311,4.5,1419008542
20,95654,3.5,1443041265
20,96079,4,1403884300
20,96588,4,1449908060
20,97913,5,1471149765
20,98809,4,1419975973
20,103042,3.5,1459978672
20,104283,3.5,1443571928
20,106696,3.5,1454073097
20,109374,4.5,1395874025
20,110102,4,1399364169
20,111364,3,1449908932
20,111587,3.5,1400780544
20,111589,4,1400780979
20,112290,5,1428660053
20,113315,4.5,1407837339
20,113345,3,1454673207
20,113741,3,1427924977
20,117529,3,1476831417
20,117861,2,1449909090
20,118696,3,1419975992
20,122886,3.5,1451059155
20,122900,3,1443572068
20,122904,4,1476831446
20,122920,3.5,1462032838
20,128360,4.5,1454073092
20,128520,4,1484940599
20,129659,2,1441464786
20,129779,3.5,1441464052
20,130073,3,1427126471
20,133653,4,1431895251
20,134853,5,1437763505
20,135456,3.5,1441464104
20,136020,4,1448541954
20,139859,3.5,1441464078
20,139861,3.5,1441464085
20,139863,4,1441464091
20,141858,2,1441444477
20,148855,3,1450249210
20,150548,4,1455915169
20,152081,4.5,1470086217
20,155064,3,1491743748
20,166528,4,1484694727
20,168434,4.5,1485337923
20,168612,2.5,1491733987
21,519,5,1240086167
21,1645,5,1242865736
21,2006,4,1240085724
21,2087,5,1240086015
21,2136,4,1240086393
21,2380,4.5,1240086434
21,2402,4,1240086195
21,2533,5,1240086327
21,2687,5,1240086133
21,2826,5,1240086628
21,3006,5,1240085802
21,3703,5,1240085813
21,4643,4.5,1240085931
21,5418,4.5,1240085705
21,6383,4.5,1240086656
21,31696,4.5,1240086364
21,33166,3.5,1240086023
21,33794,3.5,1240085745
21,53953,4.5,1240086633
21,60609,5,1241979525
21,62374,4,1240086569
21,63033,5,1240086557
21,63853,5,1240086535
21,65088,4,1240086546
21,66156,5,1241979660
21,67197,5,1241979641
21,67799,4,1241979571
21,67867,3,1241979553
21,67923,5,1241979542
21,68135,5,1241979464
21,68319,5,1241979447
21,68358,5,1241979456
22,48,1,1111936910
22,110,5,1111937009
22,163,4,1111936871
22,172,0.5,1111936884
22,260,4,1111937058
22,282,1,1111936893
22,342,3,1111936890
22,356,0.5,1111937012
22,370,1,1111936857
22,457,3.5,1111937085
22,466,1,1111936854
22,543,4,1111936914
22,552,2.5,1111936922
22,1380,1,1111936875
22,1396,4,1111936911
22,1485,3,1111936887
22,1610,5,1111937096
22,2054,2.5,1111936882
22,2194,5,1111936918
22,2268,4.5,1111937052
22,2406,3,1111936859
22,2502,0.5,1111936992
22,2571,0.5,1111937064
22,2640,2,1111936862
22,2657,1.5,1111937004
22,2683,1,1111937047
22,2706,3,1111936999
22,2716,4.5,1111937002
22,2858,3,1111937056
22,2890,3,1111937062
22,2916,3.5,1111937016
22,3114,1.5,1111937044
22,3751,2,1111937049
22,3753,3,1111936990
22,3897,4,1111936849
22,4993,4.5,1111936995
22,5445,4,1111937038
22,5952,4.5,1111936906
23,527,4,1019516059
23,1104,4,1019516095
23,1193,5,1019516074
23,1197,4,1019516124
23,1198,4,1019516095
23,1956,4,1019516112
23,2028,4,1019516045
23,2116,3,1019516178
23,2993,3,1019516074
23,3334,4,1019516112
23,3702,3,1019516095
23,4993,4,1019516178
24,1,4,979869938
24,2,3,979974023
24,6,4,979870499
24,16,3,979870379
24,17,3,979974163
24,21,4,979870629
24,25,3,979870091
24,26,3,979870852
24,32,4,979974219
24,34,3,979870012
24,36,5,979869938
24,39,4,979870484
24,45,3,979870580
24,47,4,979870039
24,50,5,979869845
24,52,3,979870714
24,57,2,979871159
24,58,5,979870539
24,62,2,979870775
24,73,3,979869845
24,86,4,979974460
24,101,5,979870144
24,104,3,979870744
24,110,5,979870012
24,111,5,979972507
24,112,4,979871047
24,147,4,979870988
24,162,4,979869871
24,164,3,979870714
24,175,4,979871026
24,176,3,979973260
24,194,4,979870291
24,198,2,979870759
24,232,3,979870108
24,233,3,979870580
24,235,3,979973296
24,246,4,979869981
24,260,5,979972507
24,261,3,979870815
24,265,4,979870091
24,266,4,979874598
24,293,4,979870179
24,296,5,979869871
24,299,4,979870484
24,300,4,979870500
24,307,4,979869981
24,317,3,979974007
24,318,5,979869871
24,319,4,979870179
24,322,4,979870663
24,337,4,979870196
24,349,4,979870815
24,352,3,979870865
24,356,5,979870760
24,367,4,979974007
24,372,4,979870897
24,377,4,979870580
24,383,2,979870832
24,388,3,979870218
24,412,3,979870179
24,416,3,979974387
24,417,4,979871026
24,428,4,979870815
24,431,3,979870361
24,440,2,979870539
24,441,5,979870500
24,443,4,979973816
24,446,4,979870307
24,448,2,979870243
24,454,3,979870897
24,457,4,979870179
24,471,3,979871159
24,480,4,979869604
24,481,4,979870975
24,482,4,979870910
24,497,3,979870650
24,507,5,979870922
24,508,3,979870897
24,524,2,979870484
24,527,5,979869871
24,541,4,979971320
24,550,2,979871026
24,553,4,979870614
24,555,5,979870599
24,562,4,979870278
24,574,4,979871047
24,587,3,979871124
24,588,4,979870865
24,589,3,979870039
24,590,3,979870315
24,592,4,979974428
24,593,5,979869887
24,595,4,979974511
24,597,3,979870988
24,608,5,979869912
24,648,3,979869799
24,714,5,979869961
24,728,3,979870218
24,733,4,979871047
24,778,5,979870361
24,781,4,979870944
24,785,3,979870629
24,788,4,979974023
24,832,3,979871026
24,838,3,979870512
24,852,3,979871124
24,858,5,979972491
24,904,5,979972761
24,924,5,979875257
24,986,3,979870731
24,994,4,979869961
24,1036,4,979971397
24,1042,2,979871072
24,1054,3,979870910
24,1060,5,979870091
24,1073,3,979972545
24,1079,4,979971355
24,1080,5,979972559
24,1084,4,979972739
24,1088,2,979971920
24,1089,5,979869912
24,1090,5,979875231
24,1091,4,979972073
24,1094,3,979870243
24,1097,4,979971355
24,1101,4,979971972
24,1120,2,979870463
24,1125,4,979972595
24,1127,3,979974444
24,1136,5,979972507
24,1147,5,979973859
24,1179,4,979870327
24,1185,4,979971397
24,1186,4,979971563
24,1188,4,979870144
24,1191,3,979870744
24,1193,5,979972507
24,1196,5,979974204
24,1197,4,979973281
24,1198,4,979971355
24,1200,4,979971476
24,1201,4,979972725
24,1204,4,979972693
24,1207,4,979972708
24,1208,5,979875221
24,1210,4,979974219
24,1213,5,979869887
24,1214,4,979972545
24,1219,4,979972708
24,1220,4,979971503
24,1221,5,979972491
24,1222,5,979875242
24,1225,5,979971258
24,1228,5,979971258
24,1230,5,979973219
24,1231,4,979971454
24,1233,4,979869887
24,1235,5,979972529
24,1240,3,979971454
24,1242,4,979971339
24,1243,4,979870361
24,1245,4,979870196
24,1246,4,979971476
24,1247,5,979972708
24,1249,4,979870129
24,1257,5,979971476
24,1258,5,979971301
24,1259,5,979971339
24,1265,4,979973313
24,1266,4,979974341
24,1268,4,979870512
24,1270,4,979971355
24,1271,3,979870512
24,1272,4,979972575
24,1275,3,979971753
24,1276,4,979972739
24,1287,4,979974412
24,1288,5,979971339
24,1291,4,979974428
24,1293,3,979971487
24,1297,4,979971540
24,1298,4,979971823
24,1300,4,979971301
24,1302,3,979971634
24,1304,5,979972725
24,1305,4,979971682
24,1307,4,979971371
24,1323,2,979972421
24,1326,2,979972382
24,1347,3,979971713
24,1354,4,979869912
24,1357,5,979870580
24,1358,3,979870108
24,1370,4,979870816
24,1373,3,979972198
24,1375,3,979971823
24,1376,4,979974219
24,1378,4,979972028
24,1381,1,979972382
24,1387,4,979972575
24,1389,3,979972447
24,1393,3,979870055
24,1394,5,979971339
24,1408,3,979870731
24,1441,3,979874587
24,1446,4,979870055
24,1447,4,979870629
24,1449,4,979870339
24,1466,4,979870307
24,1488,2,979871142
24,1500,4,979870409
24,1527,3,979870944
24,1542,4,979871142
24,1580,3,979871058
24,1587,3,979971900
24,1594,4,979870379
24,1600,4,979874587
24,1610,4,979974257
24,1611,4,979870975
24,1617,4,979869912
24,1619,2,979870832
24,1649,5,979973805
24,1653,4,979870157
24,1673,3,979869912
24,1674,3,979971454
24,1704,4,979869938
24,1721,3,979870639
24,1729,4,979870435
24,1735,4,979869604
24,1747,4,979870599
24,1777,2,979875337
24,1784,4,979870435
24,1797,4,979973795
24,1805,3,979870791
24,1810,4,979870551
24,1836,4,979871026
24,1840,3,979870884
24,1848,3,979870791
24,1873,3,979870218
24,1894,2,979869579
24,1895,2,979871142
24,1912,4,979870039
24,1914,4,979870463
24,1921,5,979974204
24,1923,4,979870463
24,1947,3,979972725
24,1952,5,979972708
24,1954,4,979972646
24,1956,3,979971397
24,1958,3,979971540
24,1959,3,979972059
24,1960,3,979971371
24,1961,5,979971320
24,1962,3,979971563
24,1963,4,979973351
24,1968,4,979971430
24,1969,2,979972359
24,1970,2,979972133
24,1972,2,979972324
24,1974,3,979972258
24,1976,2,979972277
24,1977,2,979874632
24,1978,2,979972421
24,1979,2,979972447
24,1980,2,979972402
24,1981,2,979972382
24,1982,3,979972662
24,1983,2,979972311
24,1984,2,979972469
24,1985,2,979972277
24,1986,2,979972359
24,1989,2,979972421
24,1994,3,979971563
24,1995,2,979972258
24,1996,2,979972359
24,2000,4,979971713
24,2001,3,979971900
24,2003,4,979971838
24,2005,4,979971694
24,2006,3,979871106
24,2011,4,979971838
24,2012,3,979974362
24,2021,4,979971972
24,2028,5,979869961
24,2050,3,979972277
24,2054,3,979972013
24,2058,4,979870791
24,2064,5,979971355
24,2065,3,979971454
24,2072,3,979972087
24,2100,3,979971803
24,2105,3,979971823
24,2106,3,979870379
24,2108,3,979870663
24,2109,4,979972633
24,2115,4,979971713
24,2121,3,979972214
24,2122,2,979972339
24,2144,4,979971634
24,2145,4,979971936
24,2146,3,979971920
24,2147,3,979972311
24,2150,5,979971653
24,2151,3,979972164
24,2161,3,979971694
24,2162,2,979974052
24,2166,3,979870379
24,2174,3,979971563
24,2193,4,979971951
24,2194,4,979971653
24,2245,3,979971866
24,2247,2,979971866
24,2248,4,979971320
24,2253,3,979974052
24,2259,3,979972258
24,2261,4,979971682
24,2268,4,979870580
24,2273,4,979871124
24,2282,4,979870399
24,2289,4,979870108
24,2291,4,979974163
24,2294,3,979870629
24,2295,4,979869579
24,2301,4,979971753
24,2302,3,979870816
24,2305,5,979870435
24,2320,3,979870852
24,2321,4,979870196
24,2324,5,979870218
24,2329,4,979869961
24,2331,3,979870760
24,2333,3,979870039
24,2336,4,979869938
24,2348,5,979874517
24,2352,3,979971503
24,2355,3,979870179
24,2368,2,979972447
24,2369,4,979972028
24,2371,5,979875167
24,2372,4,979875167
24,2375,3,979972087
24,2376,3,979971993
24,2378,3,979972087
24,2379,3,979972339
24,2380,2,979972359
24,2381,3,979972402
24,2382,2,979972469
24,2383,2,979972469
24,2394,3,979870268
24,2395,5,979973281
24,2396,5,979869981
24,2402,2,979972228
24,2403,4,979972028
24,2404,3,979972339
24,2405,4,979972073
24,2406,4,979974475
24,2408,2,979972240
24,2410,4,979972240
24,2411,3,979972311
24,2413,3,979972059
24,2416,4,979972013
24,2420,4,979971881
24,2422,3,979972402
24,2423,5,979971803
24,2427,5,979870268
24,2435,2,979870399
24,2450,3,979972311
24,2457,4,979972013
24,2460,2,979972469
24,2468,3,979972277
24,2469,2,979971881
24,2470,4,979971823
24,2471,3,979972228
24,2474,3,979971753
24,2478,4,979972109
24,2513,3,979972214
24,2517,3,979972109
24,2539,2,979870959
24,2542,4,979870055
24,2571,5,979869579
24,2572,3,979870614
24,2581,3,979870731
24,2596,4,979870852
24,2599,4,979869922
24,2600,3,979870463
24,2615,3,979972176
24,2640,4,979972646
24,2641,3,979971781
24,2642,3,979972311
24,2643,3,979972447
24,2657,4,979972633
24,2671,3,979870975
24,2677,4,979870196
24,2686,4,979870039
24,2687,4,979974511
24,2692,4,979869981
24,2701,2,979974387
24,2702,3,979870944
24,2706,4,979870884
24,2716,3,979971503
24,2717,3,979972043
24,2734,4,979971838
24,2735,4,979972214
24,2739,3,979971563
24,2743,3,979971397
24,2745,3,979971371
24,2746,3,979971823
24,2749,4,979971972
24,2754,2,979972422
24,2758,2,979972422
24,2762,4,979870012
24,2770,3,979871124
24,2771,2,979870599
24,2772,3,979870714
24,2791,4,979971521
24,2792,4,979874613
24,2794,4,979972133
24,2795,4,979973351
24,2797,4,979971653
24,2815,3,979972292
24,2816,3,979972402
24,2819,4,979972529
24,2858,5,979874506
24,2871,4,979974460
24,2878,2,979972422
24,2890,3,979870291
24,2891,3,979870910
24,2902,2,979972198
24,2903,2,979972402
24,2908,4,979870069
24,2915,3,979971540
24,2916,3,979870663
24,2917,3,979971397
24,2918,4,979971371
24,2926,2,979971575
24,2928,4,979972013
24,2942,2,979972133
24,2947,3,979972725
24,2950,4,979972311
24,2952,4,979870327
24,2959,4,979973919
24,2966,4,979869912
24,2968,2,979971563
24,2976,4,979870959
24,2985,3,979971682
24,2987,4,979971521
24,2989,4,979972043
24,2990,3,979971972
24,2991,3,979972646
24,2997,5,979973247
24,3006,3,979870055
24,3014,4,979972164
24,3017,2,979972258
24,3019,5,979971416
24,3033,4,979972059
24,3040,4,979972618
24,3041,3,979972447
24,3042,3,979972469
24,3052,4,979870179
24,3060,4,979870361
24,3071,3,979971521
24,3072,3,979869579
24,3074,4,979974362
24,3081,2,979871159
24,3087,2,979971881
24,3098,4,979971634
24,3100,4,979870218
24,3101,4,979971803
24,3102,3,979971753
24,3105,3,979870144
24,3108,3,979870339
24,3114,4,979973247
24,3129,4,979870690
24,3135,3,979972607
24,3142,4,979971866
24,3147,3,979870253
24,3148,4,979870379
24,3157,3,979870463
24,3160,4,979870268
24,3168,5,979974444
24,3169,4,979971476
24,3174,3,979870463
24,3175,3,979974219
24,3177,3,979973015
24,3178,3,979870731
24,3182,4,979973782
24,3186,4,979870816
24,3197,3,979971866
24,3198,3,979972559
24,3206,3,979972109
24,3210,5,979973331
24,3250,4,979870884
24,3252,4,979870599
24,3253,4,979973351
24,3255,3,979870865
24,3256,4,979870791
24,3259,3,979870690
24,3267,4,979870435
24,3270,2,979870580
24,3271,4,979870243
24,3273,2,979973004
24,3276,2,979973065
24,3285,4,979973039
24,3286,2,979972983
24,3298,2,979972968
24,3300,3,979972837
24,3301,3,979972968
24,3317,4,979972983
24,3324,2,979973065
24,3328,4,979972900
24,3347,4,979973930
24,3360,4,979971487
24,3361,3,979971320
24,3363,4,979972595
24,3386,2,979870463
24,3387,3,979972277
24,3388,2,979972109
24,3391,3,979972382
24,3394,3,979972198
24,3396,4,979972559
24,3398,3,979971781
24,3408,4,979972968
24,3412,3,979971920
24,3418,4,979870055
24,3421,4,979972559
24,3422,3,979971540
24,3423,4,979971866
24,3424,4,979971416
24,3431,2,979972324
24,3438,3,979974023
24,3441,4,979972109
24,3448,4,979971900
24,3450,4,979870975
24,3452,3,979973026
24,3476,2,979870714
24,3478,3,979971803
24,3479,4,979971713
24,3481,4,979972887
24,3484,2,979874613
24,3489,3,979974037
24,3498,4,979972595
24,3499,3,979870253
24,3502,2,979870852
24,3505,3,979971682
24,3510,4,979869767
24,3512,3,979869767
24,3524,3,979971920
24,3526,3,979971521
24,3527,4,979971766
24,3534,3,979972931
24,3543,3,979971416
24,3552,5,979971563
24,3555,2,979874546
24,3556,3,979869767
24,3578,4,979869767
24,3591,3,979971936
24,3593,1,979874632
24,3608,3,979971634
24,3614,3,979871159
24,3617,4,979869799
24,3618,4,979874572
24,3623,3,979972950
24,3624,4,979972992
24,3635,3,979972662
24,3646,3,979869604
24,3653,4,979972693
24,3671,4,979972545
24,3682,4,979974341
24,3683,5,979973940
24,3688,4,979972028
24,3689,3,979972402
24,3690,3,979972359
24,3695,2,979972447
24,3698,4,979972043
24,3699,3,979971682
24,3702,4,979972662
24,3703,2,979971371
24,3704,4,979971972
24,3707,3,979972164
24,3708,3,979972214
24,3717,2,979869810
24,3745,3,979874572
24,3751,4,979869767
24,3753,1,979869767
24,3755,2,979869799
24,3768,2,979972382
24,3785,4,979869799
24,3793,4,979869767
24,3809,4,979870944
24,3844,3,979971900
24,3861,3,979869767
24,3868,4,979971540
24,3897,4,979973230
24,3911,4,979972877
24,3939,2,979972292
24,3941,2,979972382
24,3961,2,979972109
24,3962,2,979972339
24,3969,3,979972968
24,3984,3,979874546
24,3985,4,979874572
24,3991,3,979973065
24,3999,1,979869724
24,4002,5,979874517
24,4003,3,979971951
24,4005,3,979874587
24,4007,4,979971781
24,4008,3,979874530
24,4010,4,979971920
24,4019,3,979869674
24,4022,4,979869689
24,4031,3,979869709
24,4034,5,979869674
24,4039,3,979874613
24,4041,3,979874530
24,4047,4,979870069
24,4062,3,979874546
24,4066,4,979874572
24,4067,3,979874613
24,4084,3,979972013
24,4085,3,979971476
24,4086,3,979971653
24,4091,3,979972164
24,4100,3,979972292
24,4102,4,979971972
24,4103,3,979971397
24,4104,2,979972359
24,4109,3,979972422
24,4111,4,980469335
24,4124,3,980469320
24,4125,2,979972311
24,4126,3,980469320
24,4128,4,979971540
24,4132,3,980469303
25,2,3,838419351
25,10,3,838419184
25,19,2,838419248
25,21,4,838419248
25,44,3,838419408
25,95,3,838419381
25,150,3,838419085
25,153,4,838419113
25,160,3,838419263
25,161,3,838419159
25,208,4,838419184
25,225,3,838419248
25,231,3,838419136
25,292,3,838419159
25,296,4,838419085
25,317,3,838419248
25,318,5,838419136
25,339,3,838419184
25,344,3,838419113
25,356,5,838419201
25,367,4,838419248
25,432,3,838419278
25,457,3,838419159
25,480,3,838419221
25,539,3,838419313
25,553,3,838419335
25,586,3,838419313
25,587,4,838419313
25,588,4,838419113
25,590,4,838419084
25,592,3,838419084
25,593,4,838419159
25,597,4,838419335
26,1923,4,985047440
26,1977,4,985047532
26,2478,4,985047532
26,2558,3,985047480
26,3450,3,985047480
27,1,3.5,1201213305
27,32,3.5,1201203291
27,47,0.5,1201203264
27,50,4,1201203293
27,69,3,1201202615
27,111,4.5,1201214142
27,175,2.5,1201202612
27,260,5,1201203111
27,318,4,1201203400
27,356,0.5,1201203102
27,457,4,1271574589
27,541,4.5,1201213505
27,588,1.5,1201213333
27,589,4,1271574612
27,590,3.5,1271574665
27,593,4.5,1271574561
27,608,4.5,1201203261
27,858,5,1201203273
27,904,4.5,1271574148
27,912,5,1201213528
27,919,4.5,1201213493
27,1089,3,1201213516
27,1103,5,1201202461
27,1196,4.5,1201217203
27,1197,4,1201213240
27,1198,5,1201203255
27,1207,5,1271574205
27,1210,4.5,1201203258
27,1213,4,1201213512
27,1221,4.5,1201213475
27,1243,4.5,1201217198
27,1258,4.5,1201213594
27,1259,4,1201213599
27,1267,4,1271574236
27,1270,4,1271574638
27,1304,3.5,1271574319
27,1441,2.5,1201202455
27,1653,3,1201213642
27,1834,3.5,1201202551
27,1968,3.5,1201213579
27,1997,4.5,1201217124
27,2115,3.5,1201213309
27,2139,4,1201202621
27,2174,3,1201213224
27,2291,3,1201213587
27,2450,0.5,1201202637
27,2495,5,1201205187
27,2502,4,1201213608
27,2528,3.5,1201202549
27,2571,3.5,1271574585
27,2628,4.5,1271574646
27,2640,4,1201213634
27,2700,3.5,1201213458
27,2762,3,1271574576
27,2791,5,1201202808
27,2792,4.5,1201202633
27,2795,4.5,1201202464
27,2797,3,1201213341
27,2804,4.5,1271574363
27,2870,5,1201204725
27,2916,3.5,1201213165
27,2959,0.5,1201203170
27,3052,1,1201213610
27,3060,3.5,1201202453
27,3087,3,1201202556
27,3088,5,1271574471
27,3098,4,1201202561
27,3481,2.5,1201213345
27,4002,3.5,1201202432
27,5353,4.5,1201204717
27,5502,0.5,1201213513
27,6377,4,1201203393
27,6612,3,1271574323
27,8464,4,1201202443
27,8622,4,1201213469
27,8874,3.5,1201214137
27,33493,4.5,1201203396
27,48385,3.5,1201213351
27,48774,4,1201213246
27,53996,0.5,1201213519
28,50,4,1392410191
28,260,4.5,1392410239
28,318,4.5,1392410182
28,527,4.5,1392410194
28,858,4.5,1392410188
28,1196,4,1392410257
28,1198,4,1392410220
28,1221,4.5,1392410199
28,1515,3,1392409322
28,2571,4,1392410235
28,2641,3,1392409073
28,2959,4,1392410223
28,3440,3,1392409544
28,4226,4,1392410253
28,4799,3.5,1392409598
28,8866,3,1392409675
28,35957,3,1392409663
28,36708,4,1392409612
28,37727,3,1392409624
28,43930,2.5,1392410062
28,47124,3.5,1392410115
28,49347,3,1392409977
28,58559,4.5,1392410205
28,58998,3,1392409368
28,79132,4.5,1392410262
28,82852,3,1392410075
28,89470,3,1392409773
28,91535,3,1392409885
29,17,4,1044020781
29,110,3,1044020005
29,236,1,1044020128
29,296,3,1044020481
29,342,2,1044020491
29,369,2,1044020005
29,454,4,1044019988
29,506,5,1044020143
29,527,4,1044020621
29,778,4,1044020653
29,899,5,1044020743
29,914,4,1044020781
29,934,2,1044019988
29,1029,5,1044020240
29,1051,2,1044020128
29,1172,5,1044020721
29,1188,5,1044020793
29,1196,4,1044019988
29,1197,5,1044019964
29,1247,5,1044020721
29,1265,4,1044020781
29,1267,5,1044020099
29,1307,4,1044020721
29,1688,3,1044020601
29,1693,3,1044020143
29,1944,4,1044020764
29,2065,5,1044019964
29,2071,4,1044020527
29,2134,2,1044020642
29,2248,5,1044020754
29,2331,5,1044020527
29,2371,1,1044020100
29,2396,5,1044020743
29,2413,5,1044020538
29,2572,2,1044020143
29,2746,5,1044020642
29,3007,4,1044020653
29,3072,4,1044020621
29,3108,5,1044019988
29,3210,3,1044020667
29,3436,2,1044020169
29,3479,4,1044020682
29,3844,5,1044020563
29,4010,2,1044020196
29,4306,2,1044020128
29,4359,5,1044020667
29,4678,1,1044020218
29,4713,4,1044019988
29,5218,3,1044020879
29,5309,1,1044020022
29,5349,2,1044020869
29,5378,3,1044020889
29,5445,2,1044020869
29,5459,2,1044020907
29,5646,5,1044020754
29,5952,4,1044020840
30,24,3,968585802
30,32,4,968585731
30,50,5,967845749
30,110,5,967986311
30,111,3,967845628
30,235,4,967845684
30,260,5,967845749
30,296,4,967845886
30,318,5,967845749
30,379,4,968585885
30,405,5,968585924
30,450,4,967805247
30,480,5,968585731
30,497,3,967805247
30,527,5,967845628
30,541,4,967845749
30,593,5,967845886
30,608,4,967986210
30,707,3,969463524
30,780,4,968585802
30,788,4,968585802
30,848,5,969914504
30,858,5,967845749
30,923,5,967986166
30,1093,3,967986660
30,1179,4,969463524
30,1196,4,967986311
30,1198,5,967845684
30,1204,4,967845684
30,1210,4,967805203
30,1219,4,967845749
30,1225,4,967986210
30,1250,5,976916140
30,1265,4,967845886
30,1284,4,967845886
30,1343,4,967805157
30,1356,4,968585802
30,1387,4,967845800
30,1527,4,968585802
30,1573,3,968585802
30,1580,4,968585731
30,1617,4,967805157
30,1659,5,976916388
30,1674,4,967805247
30,1676,3,968585802
30,1704,5,967845838
30,1721,5,967805247
30,1799,4,969103582
30,1831,3,968585885
30,1876,4,968585802
30,1898,4,969224011
30,1914,4,968322102
30,1917,5,968585845
30,2028,5,967845749
30,2094,3,968585885
30,2126,3,968962990
30,2188,3,967986529
30,2266,3,968963058
30,2316,4,969013651
30,2333,3,967986772
30,2336,5,967845749
30,2355,3,967986581
30,2396,5,967845684
30,2492,4,967986529
30,2502,3,967986874
30,2518,4,967805157
30,2539,4,967805157
30,2541,3,967986660
30,2567,4,968667715
30,2571,4,968585731
30,2581,3,967986874
30,2598,3,967986874
30,2599,4,968605813
30,2600,2,967987015
30,2605,4,967986724
30,2628,4,968585731
30,2644,4,967845587
30,2690,3,967986772
30,2706,4,967986529
30,2707,5,967986529
30,2712,3,967986724
30,2716,4,967986724
30,2723,3,972213302
30,2762,5,967845800
30,2763,4,967986991
30,2806,3,967986991
30,2826,3,967986529
30,2827,3,968963058
30,2829,3,968494611
30,2840,5,967986991
30,2858,4,967986529
30,2866,4,967845886
30,2881,4,967986660
30,2916,4,968585731
30,2959,4,967986724
30,2997,3,976916436
30,3005,3,967986581
30,3062,4,967845838
30,3114,5,967845838
30,3147,5,967986311
30,3148,5,976916071
30,3185,4,969463455
30,3219,4,967986874
30,3225,4,971730793
30,3269,4,968585845
30,3298,4,968322057
30,3354,4,976916260
30,3408,4,972213175
30,3481,3,976916039
30,3498,4,967986127
30,3510,4,978175559
30,3516,4,967986581
30,3578,5,978175338
30,3624,4,977499560
30,3703,3,967986127
30,3753,4,977056288
30,3791,3,968668053
30,3841,4,968667975
30,5649,4,967805203
30,6184,3,968668015
31,520,4,1328850462
31,1358,4.5,1328850488
31,1377,4.5,1328850511
31,1513,3.5,1328850569
31,2006,4.5,1328850493
31,2018,5,1328850590
31,2087,4.5,1328850594
31,2294,3,1328850542
31,3755,5,1328850546
32,260,5,1462268999
32,527,2.5,1462269073
32,586,5,1462996911
32,589,2,1462997142
32,597,1.5,1462997136
32,736,3,1462997139
32,1036,4,1462996897
32,1196,5,1462996833
32,1198,3,1462269075
32,1210,5,1462301823
32,1270,5,1462301994
32,1291,3,1462996891
32,1527,5,1462301636
32,1682,3,1462997096
32,2011,5,1462301885
32,2028,4,1462269077
32,2571,5,1462269013
32,2700,2.5,1462996855
32,2916,4,1462301806
32,3082,2.5,1462997113
32,3578,4,1462293950
32,3623,4,1462996858
32,3751,3,1462996862
32,3793,5,1462295613
32,3977,3,1462996866
32,4306,4,1462293956
32,4886,4,1462293971
32,4993,5,1462269071
32,5219,4,1462997102
32,5254,4,1462997112
32,5378,5,1462996852
32,5445,4,1462301807
32,5944,4,1462997036
32,5952,5,1462269072
32,6539,3,1462293961
32,7153,5,1462269070
32,33493,5,1462302091
32,33794,3,1462996909
32,40815,3.5,1462301773
32,48394,4,1462997210
32,51255,3.5,1462301365
32,54001,3,1462301914
32,54286,4,1462269042
32,58559,3.5,1462269031
32,59315,5,1462269039
32,60069,3,1462269040
32,61160,4.5,1462997192
32,68157,4.5,1462269045
32,68954,4,1462269046
32,69844,3.5,1462301858
32,70286,5,1462295496
32,79132,5,1462269033
32,80463,4,1462301508
32,81834,3.5,1462301631
32,88125,3,1462301890
32,88140,5,1462301401
32,89745,4,1462301827
32,90405,4,1462301876
32,91500,5,1462301384
32,95510,3,1462301425
32,96610,5,1462301356
32,97938,2.5,1462301497
32,98809,5,1462301878
32,101864,4,1463088176
32,102125,4,1462301418
32,102445,4,1462301412
32,103335,4,1462997032
32,106487,5,1462301389
32,106489,5,1462301408
32,109487,3,1462301766
32,110102,5,1462301387
32,111759,4,1463088136
32,112852,4,1462301725
32,114180,5,1462301797
32,114662,4,1462997189
32,115617,3.5,1462997149
32,116823,5,1462301754
32,117895,5,1462301841
32,122886,5,1462301612
32,122892,4,1462301395
32,122900,3.5,1462301795
32,122904,4,1462301702
32,135133,5,1462301990
33,10,5,840451766
33,19,3,840451964
33,34,4,840451856
33,39,4,840452088
33,43,3,840450897
33,110,3,840451812
33,150,4,840451538
33,153,5,840451592
33,161,4,840451713
33,165,5,840451592
33,185,3,840451766
33,208,5,840451766
33,231,5,840451652
33,235,5,840452089
33,246,4,840452137
33,253,5,840451766
33,288,3,840451812
33,292,3,840451713
33,296,3,840451538
33,300,4,840451856
33,306,5,840452221
33,307,5,840452221
33,316,4,840451652
33,318,5,840451713
33,329,5,840451713
33,337,4,840452088
33,344,3,840451592
33,349,4,840451592
33,353,5,840452089
33,356,5,840451812
33,364,5,840451856
33,367,3,840451964
33,370,5,840452089
33,377,5,840451964
33,380,3,840451538
33,410,5,840451856
33,434,3,840451713
33,454,3,840451812
33,457,3,840451652
33,466,5,840452137
33,480,5,840451812
33,494,4,840450897
33,588,5,840451592
33,589,4,840451964
33,592,4,840451538
33,595,4,840451652
33,780,5,840452137
34,1,3,1498760963
34,2,3,1498761848
34,6,4,1498761067
34,10,2.5,1498761822
34,16,5,1498761075
34,32,5,1498760931
34,34,1.5,1498761815
34,47,5,1498761049
34,50,4.5,1498760940
34,110,5,1498760804
34,111,4.5,1498761607
34,150,3.5,1498760958
34,153,2.5,1498761805
34,161,4,1498761850
34,165,2.5,1498761788
34,172,4,1498761886
34,173,2.5,1498761238
34,208,3,1498761825
34,231,3,1498761808
34,253,4,1498761829
34,260,5,1498760736
34,288,5,1498761835
34,293,5,1498761034
34,296,5,1498760847
34,316,2,1498761812
34,318,4,1498760745
34,329,2.5,1498761831
34,344,3.5,1498761780
34,353,2.5,1498762587
34,356,3,1498760825
34,364,1.5,1498761784
34,367,3,1498761807
34,377,3,1498761785
34,442,3.5,1498761517
34,527,5,1498760803
34,541,5,1498761154
34,555,4,1498761168
34,589,5,1498761762
34,593,5,1498761079
34,608,4,1498760967
34,648,3,1498761782
34,733,3,1498761810
34,736,2.5,1498761806
34,778,4,1498760942
34,780,5,1498760956
34,858,3,1498760925
34,912,1,1498762750
34,924,4.5,1498761719
34,1036,3,1498762284
34,1080,5,1498761379
34,1089,5,1498761063
34,1090,3.5,1498762257
34,1127,4.5,1498762547
34,1129,2.5,1498762584
34,1136,4,1498761503
34,1193,5,1498760929
34,1196,5,1498760739
34,1197,0.5,1498764692
34,1198,3,1498760742
34,1199,4.5,1498761261
34,1200,5,1498761712
34,1201,5,1498761683
34,1204,5,1498762450
34,1206,4,1498761722
34,1208,5,1498761690
34,1209,5,1498762490
34,1210,5,1498760749
34,1213,5,1498760923
34,1214,5,1498761699
34,1219,2.5,1498761701
34,1221,4,1498760927
34,1222,3,1498761015
34,1228,4,1498764703
34,1234,4.5,1498762375
34,1240,5,1498762154
34,1247,3,1498762502
34,1250,5,1498762448
34,1262,5,1498762391
34,1263,4,1498762647
34,1265,4.5,1498762816
34,1266,4,1498761764
34,1270,5,1498762647
34,1275,4.5,1498764444
34,1276,4.5,1498762414
34,1287,5,1498762581
34,1288,4,1498761653
34,1291,2,1498760754
34,1299,4,1498764582
34,1304,5,1498762321
34,1320,3,1498762157
34,1321,4,1498764478
34,1374,4,1498762626
34,1387,5,1498762608
34,1391,2.5,1498761523
34,1466,4.5,1498762333
34,1517,2,1498761843
34,1527,5,1498761819
34,1544,5,1498761111
34,1552,2,1498761120
34,1580,3.5,1498761794
34,1617,3,1498761826
34,1641,3,1498761108
34,1674,3,1498764702
34,1676,5,1498761866
34,1704,2,1498761789
34,1721,2,1498761796
34,1729,5,1498762385
34,1732,2,1498761409
34,1953,4,1498764473
34,1954,4,1498762806
34,1961,4,1498764592
34,1968,1,1498764706
34,1997,4,1498762456
34,2000,4,1498764518
34,2003,3,1498762287
34,2011,4.5,1498762771
34,2028,4,1498764453
34,2105,4.5,1498764689
34,2115,2.5,1498764447
34,2288,5,1498761753
34,2291,3.5,1498764488
34,2329,3.5,1498761071
34,2403,3,1498762281
34,2407,4.5,1498762693
34,2455,4,1498762639
34,2529,5,1498762561
34,2542,5,1498761044
34,2571,5,1498760746
34,2628,1.5,1498760892
34,2692,3.5,1498761144
34,2716,4.5,1498762665
34,2728,4,1498764472
34,2762,2,1498760817
34,2791,5,1498762696
34,2858,4,1498760883
34,2916,5,1498762568
34,2951,4.5,1498762411
34,2959,5,1498760852
34,2985,5,1498762684
34,3039,4,1498762710
34,3052,4,1498761165
34,3300,2.5,1498762566
34,3421,2,1498762814
34,3471,5,1498761766
34,3527,5,1498762255
34,3578,5,1498760888
34,3671,5,1498762717
34,3681,5,1498762453
34,3697,2.5,1498764547
34,3702,4,1498762120
34,3703,4,1498762119
34,3793,3.5,1498761367
34,3868,5,1498762809
34,3869,4.5,1498762839
34,3996,5,1498761356
34,4002,4.5,1498762848
34,4011,5,1498761073
34,4034,2,1498761498
34,4226,5,1498760808
34,4262,3.5,1498762548
34,4306,2,1498760889
34,4327,4.5,1498762642
34,4855,3.5,1498762802
34,4878,3.5,1498761672
34,4886,1.5,1498761364
34,4963,3.5,1498761353
34,4973,4,1498760893
34,4993,4.5,1498760885
34,4995,3,1498761350
34,5010,3,1498761042
34,5266,2.5,1498762574
34,5349,1.5,1498761358
34,5418,5,1498762631
34,5445,2.5,1498761360
34,5574,2,1498761396
34,5618,3,1498761036
34,5952,4.5,1498760886
34,5995,3,1498760935
34,6016,5,1498760861
34,6377,1.5,1498761363
34,6502,4,1498762537
34,6807,3.5,1498761696
34,6874,3,1498760862
34,7143,4,1498760903
34,7153,5,1498760751
34,7360,4,1498762307
34,7387,3,1498762672
34,7438,3,1498761929
34,7458,3,1498762854
34,8360,2.5,1498761945
34,8368,4,1498761935
34,8622,2.5,1498762022
34,8636,2.5,1498761942
34,8644,4.5,1498761959
34,8665,5,1498761947
34,8874,4.5,1498761951
34,8961,3.5,1498761927
34,26614,5,1498762612
34,27773,5,1498760980
34,31410,5,1498760978
34,32587,5,1498761182
34,33162,1.5,1498764647
34,33493,0.5,1498761419
34,33794,2.5,1498761180
34,34048,5,1498762007
34,40815,2.5,1498761428
34,41569,1.5,1498760788
34,44191,2,1498760854
34,44555,5,1498760782
34,45499,2.5,1498762027
34,45722,2.5,1498761968
34,48385,3,1498762178
34,48394,5,1498761188
34,48516,3,1498761088
34,48738,2.5,1498764533
34,48774,2.5,1498761974
34,49272,2.5,1498761184
34,51255,1.5,1498761459
34,51662,5,1498761434
34,51935,2,1498761381
34,53000,4.5,1498762149
34,54001,4,1498762187
34,54286,5,1498761186
34,55820,4.5,1498760999
34,56174,3.5,1498762189
34,56782,4,1498761710
34,57368,4.5,1498762125
34,58559,4,1498760868
34,59315,5,1498761192
34,60069,5,1498761195
34,60684,4.5,1498762004
34,61240,5,1498761679
34,63082,1.5,1498761431
34,64839,4.5,1498761686
34,68157,3.5,1498761004
34,68237,4.5,1498761040
34,68358,3.5,1498761964
34,68954,3,1498761931
34,69122,0.5,1498761979
34,69481,3,1498762563
34,70286,5,1498761955
34,72998,3.5,1498761933
34,79132,2.5,1498761938
34,81847,1.5,1498761250
34,82459,3.5,1498762617
34,89745,3,1498761966
34,96610,1.5,1498761263
34,99114,4.5,1498761952
34,109374,2,1498762128
34,109487,3.5,1498761948
34,111759,5,1498764558
34,112175,1.5,1498761256
34,115569,3,1498761587
34,116797,2.5,1498760822
34,122882,5,1498762023
34,122886,1.5,1498760859
34,122918,5,1498761203
34,122922,1.5,1498760819
34,139385,4,1498762151
34,143355,3,1498764575
34,161582,3,1498760799
34,163645,2.5,1498762199
34,164179,2.5,1498760793
34,166461,2.5,1498761543
34,166528,2,1498760900
34,168252,5,1498761212
34,171763,0.5,1498760765
34,172547,2,1498760764
34,174585,0.5,1498760878
35,29,5,1386529371
35,342,3,1386529291
35,551,5,1386529577
35,785,4,1386529311
35,910,3.5,1386529314
35,1088,3,1386529319
35,1089,4,1386529424
35,1092,3,1386529321
35,1094,3.5,1386529301
35,1175,5,1386529570
35,1199,5,1386529417
35,1235,5,1386529611
35,1285,4,1386529326
35,1396,4.5,1386529297
35,1682,4,1386530098
35,1921,4,1386529574
35,1947,4,1386529366
35,2019,4,1386529431
35,2100,3.5,1386529279
35,2105,4,1386529337
35,2161,4.5,1386529340
35,2291,4,1386529592
35,2407,4,1386529331
35,2571,4.5,1386529526
35,2692,4.5,1386529414
35,2746,4.5,1386529367
35,2997,5,1386529422
35,3000,5,1386529580
35,3911,4.5,1386529343
35,4848,4,1386529573
35,4973,4.5,1386529509
35,4979,5,1489771043
35,5618,5,1386529519
35,6773,4,1386530083
35,55442,4,1386530088
35,68237,3.5,1386530104
35,68954,4,1386530086
35,96610,3,1386530113
36,116,1,965349001
36,170,4,965349039
36,835,3,965349001
36,902,2,965349039
36,920,2,965348973
36,1097,5,965349039
36,1198,4,965349001
36,2531,3,965349039
36,2951,3,965349039
36,3396,3,965349039
37,1,3.5,1301635308
37,10,2.5,1301635444
37,47,3,1301810806
37,150,4,1301635293
37,231,2.5,1301635409
37,260,3.5,1301635288
37,296,4,1301635278
37,316,2.5,1301635382
37,318,4,1301633675
37,356,4,1301635283
37,357,3.5,1301810798
37,362,3,1301633554
37,364,3.5,1301635365
37,367,3,1301810795
37,410,3,1301810790
37,457,3,1301634174
37,500,2.5,1301635387
37,527,4,1301635119
37,541,3.5,1301635519
37,587,1,1301635454
37,588,2.5,1301810786
37,592,4,1301635298
37,593,3.5,1301635128
37,597,2.5,1301635402
37,736,2,1301635379
37,741,3.5,1301810993
37,778,4.5,1301727950
37,780,3,1301635303
37,838,3,1301810982
37,858,5,1301634937
37,904,4,1301635173
37,908,4,1301728205
37,910,4,1301633344
37,911,5,1301633620
37,912,4,1301634872
37,914,3,1301633480
37,915,3,1301635108
37,919,4.5,1301634443
37,922,4,1301728215
37,930,4,1301728411
37,955,5,1301634471
37,1032,3,1301810988
37,1035,3,1301810977
37,1042,3,1301633510
37,1060,3,1301633426
37,1073,4,1301635464
37,1097,4.5,1301635433
37,1148,3,1301728475
37,1197,3.5,1301634225
37,1198,4,1301728210
37,1203,4,1301634286
37,1207,4,1301634276
37,1210,3.5,1301635323
37,1213,5,1301634932
37,1214,4,1301635499
37,1240,4,1301635439
37,1265,3,1301635459
37,1270,4,1301635012
37,1272,4.5,1301635103
37,1291,4,1301634305
37,1387,4,1301810781
37,1391,3,1301810957
37,1438,2,1301810947
37,1527,4,1301633650
37,1569,2.5,1301633416
37,1580,3.5,1301635392
37,1644,2,1301810952
37,1704,3.5,1301633826
37,1721,2.5,1301635397
37,1747,3.5,1301633360
37,1907,2.5,1301810942
37,1912,3.5,1301633559
37,1917,1.5,1301810777
37,1955,4,1301633960
37,1961,4,1301633849
37,1994,3.5,1301633500
37,1997,4,1301810937
37,2028,3.5,1301635178
37,2087,3,1301810932
37,2144,3,1301810927
37,2145,2.5,1301810913
37,2160,3.5,1301810908
37,2186,4,1301728243
37,2324,4,1301810903
37,2329,4,1301728373
37,2353,3,1301810899
37,2396,3.5,1301810772
37,2542,4,1301810893
37,2571,3.5,1301635679
37,2628,2.5,1301635449
37,2692,4,1301635168
37,2716,4,1301634927
37,2726,5,1301728324
37,2762,3.5,1301634270
37,2797,3,1301810766
37,2804,3.5,1301635065
37,2881,2.5,1301633549
37,2915,3.5,1301633528
37,2918,3.5,1301635017
37,2947,3.5,1301635080
37,2959,3.5,1301635422
37,2997,5,1301633774
37,3039,4,1301633495
37,3072,3,1301633505
37,3101,3,1301810888
37,3114,4,1301634448
37,3210,4,1301633544
37,3252,3.5,1301633980
37,3255,1,1301633475
37,3418,3.5,1301810855
37,3469,3,1301728401
37,3504,4,1301811182
37,3536,3,1301811170
37,3556,3,1301811175
37,3755,0.5,1301633428
37,3825,2.5,1301811175
37,3827,2.5,1301811160
37,3882,2.5,1301811165
37,3897,4,1301633761
37,3911,3.5,1301633421
37,3949,4,1301634028
37,3977,2.5,1301810860
37,3978,2.5,1301811155
37,4014,2.5,1301810865
37,4029,3,1301811138
37,4069,1,1301811127
37,4103,3,1301811132
37,4148,2.5,1301810875
37,4306,3,1301635492
37,4308,3,1301728050
37,4489,3,1301811122
37,4546,3,1301810666
37,4639,1,1301811112
37,4700,2.5,1301811117
37,4718,2.5,1301810870
37,4808,3,1301810661
37,4865,3,1301811107
37,4886,3.5,1301634319
37,4973,2.5,1301728610
37,4995,4,1301633812
37,5015,3.5,1301727691
37,5391,4,1301810621
37,5620,1,1301811102
37,5669,3,1301810850
37,5673,2.5,1301811085
37,5881,3,1301811090
37,5954,4,1301634011
37,5989,3.5,1301634479
37,5992,3,1301811080
37,5995,3,1301810845
37,6188,3,1301811090
37,6331,4,1301728727
37,6367,2,1301728055
37,6377,4,1301635077
37,6385,4,1301811075
37,6502,4,1301727930
37,6659,3.5,1301811075
37,6724,3.5,1301634222
37,6957,2.5,1301811065
37,6963,4,1301634898
37,7013,4,1301728408
37,7116,4,1301728185
37,7147,3.5,1301728010
37,7156,4,1301728543
37,7162,3,1301811060
37,7285,3.5,1301810615
37,7361,3,1301810840
37,7387,3.5,1301811070
37,8128,4,1301728378
37,8376,3,1301811055
37,8528,3,1301811052
37,27790,4.5,1301727978
37,30749,4,1301635022
37,30825,2.5,1301811032
37,32587,3,1301810811
37,34048,3,1301811040
37,34319,2,1301728062
37,39183,3,1301811028
37,41569,3,1301811022
37,48516,3.5,1301728538
37,57368,3,1301811017
37,58559,3.5,1301728509
37,63082,3.5,1301727890
37,69849,4,1301728304
37,72011,3,1301634428
37,79132,3.5,1301728396
37,80463,3.5,1301633795
37,80917,3.5,1301727674
37,81562,3.5,1301727746
38,312,3.5,1392948616
38,1372,3.5,1392948250
38,1373,3.5,1392948322
38,2153,3.5,1392948469
38,2420,4,1392948304
38,3578,4,1392949486
38,4993,3.5,1392949307
38,5040,3.5,1392948551
38,5952,4.5,1392949294
38,7153,4,1392949309
38,26696,3.5,1392949211
38,54259,4,1392949377
38,74458,4,1392948384
38,74530,3.5,1392949405
38,87520,3,1392948788
38,93766,4,1392949117
38,97304,4.5,1392948576
38,97938,3.5,1392948651
38,99114,4,1392948495
38,102125,4.5,1392948702
38,103688,4,1392949418
38,104841,4.5,1392948744
39,318,1.5,1461999100
39,122886,5,1462001007
39,122904,5,1462001005
39,134130,5,1462000995
40,1,4,862515453
40,5,4,862515493
40,7,3,862515528
40,14,2,862515619
40,36,2,862515493
40,62,4,862515453
40,95,3,862515453
40,260,4,862515493
40,608,3,862515493
40,628,4,862515619
40,648,3,862515453
40,653,3,862515528
40,708,4,862515528
40,733,3,862515493
40,736,3,862515453
40,780,5,862515453
40,784,1,862515528
40,786,3,862515493
40,802,4,862515619
40,805,5,862515619
40,1356,4,862515619
41,1,3.5,1445256336
41,39,5,1445255444
41,293,4.5,1445255272
41,296,4.5,1445255251
41,356,5,1445255164
41,364,4.5,1445256271
41,587,4,1445255452
41,588,5,1445255403
41,594,3.5,1445256287
41,595,5,1445256269
41,902,4,1445255341
41,1022,4,1445256273
41,1097,4,1445255442
41,1265,4,1445255314
41,1544,3.5,1445255572
41,1566,5,1445256260
41,1580,5,1445255590
41,1680,4,1445255797
41,1721,4,1445255591
41,1907,5,1445255777
41,1923,5,1445255604
41,2018,4,1445256304
41,2078,3,1445256306
41,2081,4.5,1445256268
41,2096,3.5,1445256290
41,2144,4,1445256092
41,2273,5,1445255746
41,2294,1,1445255738
41,2355,2.5,1445255640
41,2396,4.5,1445255611
41,2485,3.5,1445255469
41,2571,3.5,1445254900
41,2572,5,1445255463
41,2687,4,1445256252
41,2706,4.5,1445255607
41,2908,4,1445255780
41,2959,5,1445255418
41,3000,5,1445255743
41,3034,4.5,1445256302
41,3114,3.5,1445255615
41,3578,3.5,1445255189
41,3751,2,1445255658
41,3785,1,1445255756
41,3793,5,1445255598
41,3882,5,1445256064
41,3897,4,1445255650
41,3948,4,1445255663
41,3996,3,1445255601
41,4025,5,1445255747
41,4246,4,1445255416
41,4366,5,1445256444
41,4447,5,1445255339
41,4700,5,1445255430
41,4886,4.5,1445255326
41,4973,5,1445255249
41,4993,4,1445254905
41,5218,4,1445256257
41,5299,5,1445255974
41,5618,5,1445255926
41,5620,4.5,1445255431
41,5690,4,1445256448
41,5952,3.5,1445254908
41,5971,4,1445255170
41,5995,4,1445255176
41,6155,5,1445255433
41,6218,4.5,1445255412
41,6377,5,1445255317
41,6874,5,1445255824
41,7153,4,1445254903
41,7293,4.5,1445255946
41,7380,5,1445256430
41,7438,4,1445255826
41,7444,4.5,1445255439
41,7451,5,1445255548
41,8360,3,1445255352
41,8533,4.5,1445255461
41,8643,5,1445255476
41,26662,4,1445256208
41,27731,5,1445255535
41,31658,5,1445256008
41,31685,5,1445255479
41,33669,4,1445255493
41,35836,2,1445255963
41,40629,3,1445255323
41,40815,4.5,1445255276
41,41566,4.5,1445255302
41,44193,5,1445256067
41,45720,5,1445255389
41,46578,5,1445255399
41,47099,5,1445255547
41,47122,5,1445256057
41,47382,4.5,1445256438
41,48394,4,1445255391
41,48780,4,1445256418
41,54001,5,1445255957
41,55247,3.5,1445255293
41,56152,5,1445255950
41,56367,5,1445255400
41,56949,4,1445255474
41,58047,4.5,1445256441
41,58559,4.5,1445256426
41,59315,5,1445256400
41,59369,1,1445255919
41,60069,5,1445255266
41,63082,5,1445255224
41,64034,3,1445255347
41,64957,5,1445255409
41,64969,4,1445255929
41,65261,5,1445256010
41,66097,4,1445256186
41,68135,4.5,1445256063
41,68954,5,1445255183
41,69406,5,1445255948
41,69844,5,1445255241
41,71264,4,1445256385
41,72641,5,1445255344
41,72737,5,1445256254
41,72998,4.5,1445255286
41,74946,3.5,1445256114
41,76093,5,1445255944
41,78499,3,1445255279
41,79091,5,1445256389
41,79132,5,1445255160
41,80549,5,1445256034
41,81834,4.5,1445255407
41,81845,5,1445255181
41,81847,5,1445256240
41,87232,5,1445256206
41,88125,5,1445256160
41,88744,5,1445255349
41,89745,5,1445255928
41,91500,4,1445255260
41,91529,4,1445255178
41,91658,3.5,1445255238
41,95167,4,1445256256
41,95441,1,1445256190
41,96588,5,1445256398
41,96610,4.5,1445256238
41,96821,3,1445255309
41,99007,5,1445256107
41,99114,5,1445255185
41,102125,5,1445255977
41,105037,5,1445256035
41,106487,3,1445256396
41,106489,4.5,1445255967
41,106696,4,1445256250
41,106920,3,1445255311
41,108932,0.5,1445255364
41,110102,5,1445256158
41,111362,5,1445256204
41,111759,4.5,1445256183
41,112138,5,1445256193
41,112623,5,1445255932
41,112852,5,1445256202
41,115617,5,1445254931
41,115664,5,1445255878
41,116797,5,1445254924
41,117176,4.5,1445255231
41,117529,5,1445256210
41,119145,5,1445256178
41,122892,5,1445256151
41,134853,4,1445254922
42,5504,2,1163521434
42,5995,4.5,1163519251
42,6863,3.5,1163519276
42,7143,4,1163519220
42,7445,4,1163521113
42,7934,3.5,1163521488
42,34072,4.5,1163521321
42,45499,4,1163521327
43,1,3.5,1179198876
43,2,4,1179199137
43,10,3.5,1179198979
43,34,3,1180401082
43,39,2,1179198229
43,44,3,1179199789
43,48,2.5,1179199478
43,60,2,1179196804
43,104,3.5,1179199232
43,135,2.5,1179200349
43,150,3,1180401005
43,153,3.5,1180401048
43,158,3.5,1179199513
43,216,4,1179200072
43,231,3.5,1179198960
43,260,3.5,1180400996
43,262,3.5,1179196923
43,277,3,1179199892
43,282,3,1179196213
43,317,3,1179199267
43,333,3,1179199744
43,344,3.5,1179198913
43,355,2.5,1179199828
43,356,4,1180400985
43,362,2.5,1179196461
43,364,3.5,1179198945
43,367,2.5,1179198964
43,435,3,1179199393
43,441,5,1180400521
43,455,3,1179200097
43,480,3,1180400989
43,500,3,1179198958
43,520,2.5,1179196205
43,524,2.5,1179200291
43,539,3.5,1179198206
43,551,3,1179199228
43,585,2.5,1179199823
43,586,3.5,1179199047
43,588,3.5,1179198903
43,592,3,1180400934
43,593,3,1179198862
43,595,3,1179198923
43,596,1.5,1179196221
43,648,3,1179198917
43,661,3.5,1179199794
43,673,3,1179199876
43,724,2.5,1179196446
43,736,2.5,1179198938
43,780,3.5,1179198880
43,783,2,1179199722
43,784,2.5,1179199388
43,788,4,1179199148
43,801,2.5,1179283755
43,902,4.5,1179197971
43,919,3,1179199096
43,1020,2.5,1179201257
43,1022,3.5,1179200014
43,1029,2.5,1179200016
43,1032,3.5,1179200377
43,1035,2.5,1179199509
43,1059,4,1179367044
43,1073,3.5,1179198994
43,1088,5,1179198003
43,1097,3,1179198971
43,1101,5,1179198231
43,1196,3.5,1180401037
43,1206,3.5,1179199189
43,1210,4,1179198895
43,1231,3.5,1179200045
43,1246,3,1179199246
43,1258,3.5,1179199212
43,1278,3.5,1179199435
43,1282,2.5,1179196250
43,1293,2.5,1179199897
43,1347,2.5,1179196786
43,1367,3.5,1179200076
43,1377,3,1179199641
43,1380,4,1182286357
43,1381,3,1182286360
43,1391,2,1179199309
43,1405,2.5,1179199977
43,1485,2.5,1179199306
43,1513,2,1179200086
43,1517,3,1179199120
43,1562,3.5,1179199996
43,1569,4,1179199846
43,1580,3.5,1179198986
43,1644,3,1179200390
43,1682,3,1179199236
43,1717,3,1179200539
43,1721,4.5,1179198144
43,1777,2,1179198224
43,1911,3,1179200778
43,1918,3.5,1179200031
43,1947,3.5,1179200081
43,1968,4,1179199156
43,1997,4,1179199629
43,2005,3,1179199920
43,2014,2.5,1179283705
43,2054,2.5,1179199316
43,2078,3,1179200126
43,2081,4,1179199491
43,2085,2,1179196793
43,2114,4.5,1179284578
43,2124,2.5,1179200200
43,2125,2.5,1179198037
43,2144,3.5,1179198097
43,2145,4,1179200397
43,2167,3.5,1179199763
43,2174,3.5,1179199221
43,2248,3.5,1179199965
43,2273,3,1179199971
43,2291,3.5,1179199279
43,2296,2.5,1179283559
43,2355,2.5,1179199201
43,2396,3.5,1179199058
43,2420,3,1179200256
43,2428,2.5,1179196855
43,2470,2,1179199710
43,2485,3,1179196861
43,2501,4,1179200394
43,2502,3.5,1179199361
43,2541,4,1179200143
43,2572,3.5,1179198554
43,2581,2.5,1179196779
43,2622,2,1179197033
43,2633,2.5,1179283786
43,2657,3,1179199516
43,2671,3,1179198195
43,2683,3,1179199090
43,2694,4.5,1179200020
43,2701,2.5,1179199803
43,2706,4,1179198695
43,2716,3,1179199053
43,2798,2.5,1179283817
43,2804,5,1179198073
43,2860,3,1179283821
43,2918,4.5,1179199207
43,2959,5,1179367724
43,3082,3.5,1179200092
43,3175,3,1179199589
43,3210,4.5,1179200263
43,3253,4,1179199652
43,3270,3,1179198148
43,3440,3.5,1179283674
43,3489,3,1179200242
43,3552,3.5,1179200094
43,3594,3,1179198153
43,3617,3,1179200710
43,3623,3,1179199381
43,3624,3.5,1179200400
43,3717,3,1179200066
43,3785,3,1179200192
43,3916,4,1179200514
43,3948,4,1179199597
43,3977,3,1179199425
43,3988,3,1179196876
43,4018,3,1179200253
43,4022,4,1179199423
43,4025,3,1179200139
43,4132,2.5,1179283590
43,4149,2.5,1179283663
43,4246,2,1179198051
43,4270,3,1179200549
43,4306,3.5,1179199077
43,4308,4,1179199843
43,4310,4.5,1179200323
43,4447,2.5,1179198129
43,4718,3.5,1179198697
43,4878,4,1179197258
43,4896,4,1179199662
43,4963,4,1179199431
43,4979,4,1182286286
43,4993,4,1179198796
43,5103,5,1179368286
43,5110,4,1179283767
43,5283,3.5,1179198684
43,5299,3,1179198047
43,5349,5,1179197174
43,5418,5,1179367754
43,5445,3,1179199276
43,5459,3,1179200231
43,5481,2.5,1179200844
43,5502,3.5,1179200058
43,5505,1.5,1179198248
43,5620,5,1182286337
43,5679,3.5,1179198791
43,5816,3.5,1179199833
43,5989,4,1179199751
43,6297,2,1179283546
43,6333,4,1179199749
43,6377,3.5,1179199483
43,6383,3,1179283735
43,6502,1.5,1179200813
43,6539,4.5,1179199415
43,6549,3.5,1179198728
43,6593,2,1179283575
43,6863,3,1179200847
43,7147,3,1179200188
43,7149,3.5,1180400951
43,7293,3.5,1179284398
43,7320,3.5,1179198007
43,7444,5,1179197101
43,8131,4.5,1179284280
43,8366,3.5,1179283728
43,8368,4,1179200183
43,8533,5,1179197118
43,8636,4,1179197177
43,8722,2.5,1179283859
43,8784,4.5,1179197227
43,8807,3,1179283627
43,8937,4,1179359946
43,8961,3,1179199770
43,31685,5,1182286316
43,33085,4,1179283923
43,34162,4,1179284478
43,34336,3,1179198252
43,36525,3,1179198041
43,37384,4.5,1179368250
43,38798,5,1179198082
43,40819,4.5,1179198756
43,41569,3.5,1179284612
43,41997,5,1179368226
43,42725,4,1179198777
43,44004,3,1179198264
43,45517,4.5,1180400677
43,45672,3.5,1179198609
43,45720,4,1179198632
43,45722,4,1179284588
43,46530,3,1179283761
43,46976,1.5,1179198346
43,47099,4,1179198336
43,48385,2.5,1179198317
43,48412,5,1179198595
43,48516,4,1179284892
43,49130,2.5,1179198356
43,49274,3,1179198390
43,49286,4.5,1179198369
43,49824,2,1179198365
43,50802,4,1179198122
43,51084,4,1179198302
43,52245,3,1179198424
43,52458,4,1179198418
43,52722,5,1179197181
43,53125,3,1180400551
44,1,5,834753794
44,111,5,834753852
44,150,4,834753695
44,153,2,834753728
44,165,3,834753728
44,231,1,834753760
44,266,4,834753835
44,296,5,834753695
44,300,4,834753810
44,318,5,834753759
44,339,4,834753777
44,344,4,834753728
44,349,5,834753728
44,457,5,834753810
44,588,5,834753728
44,590,3,834753695
44,593,5,834753794
44,595,5,834753760
45,2483,4,920639182
46,1,4.5,1045606538
46,3,3.5,1046465682
46,6,3,979328509
46,16,3.5,1054059882
46,19,3.5,1054057806
46,21,4,1133202945
46,24,3,979331875
46,29,2.5,1109543229
46,32,3,979331727
46,44,3.5,1045608585
46,47,3.5,1054057705
46,50,3.5,1045608545
46,63,2.5,1090960370
46,65,2,979351075
46,69,3.5,1045606823
46,70,4,1043182836
46,88,4.5,1045606665
46,104,4,1074990420
46,105,1.5,1045607440
46,112,3.5,1054057708
46,122,3,979350361
46,135,3.5,1046465675
46,145,3.5,1045607743
46,150,4.5,1045606662
46,153,3.5,1045607929
46,158,3,979351738
46,160,2.5,1045608675
46,163,3,979328542
46,165,4,1060353377
46,173,2,979329979
46,174,2,979351226
46,177,3,979331198
46,180,3.5,1045608522
46,184,1,979422468
46,188,4.5,1045606441
46,196,3,1045607618
46,198,2.5,1045694288
46,204,3,979329867
46,216,4,979349846
46,223,4.5,1045606639
46,231,4,1056747175
46,253,4.5,1045606434
46,260,4.5,1045606534
46,261,4,979353406
46,267,3,979350940
46,273,3,979330735
46,292,4,979328898
46,296,4,1054327807
46,303,2,979329201
46,316,4,979328848
46,317,2.5,1045608458
46,318,4,1054327884
46,329,2.5,1054058649
46,332,2,979330638
46,333,5,979350203
46,337,3.5,1045606752
46,339,3.5,1045606686
46,344,4.5,1056743180
46,350,3.5,1056350906
46,352,1.5,1045607443
46,353,4,979328726
46,356,4,979349597
46,364,4,979348671
46,366,3,979330414
46,367,4,979349720
46,368,3.5,1046465504
46,372,2.5,1045608533
46,377,4,979328542
46,379,2.5,1045608467
46,382,3,979331198
46,383,4,979351473
46,416,4,979351488
46,435,3,979331875
46,440,4,979349571
46,441,3.5,1045608491
46,442,3,979331844
46,448,3,979353443
46,457,5,979328458
46,473,2.5,1045607807
46,479,3,1045694451
46,480,4.5,1045606649
46,481,3,1010421717
46,489,2,979350848
46,494,3,979328898
46,500,3.5,1045608538
46,502,2,979330086
46,507,3,979328675
46,512,3,979330503
46,520,3.5,1045607500
46,544,2,979329966
46,550,3,979350185
46,551,3.5,1046465533
46,552,4,979328899
46,553,5,979351433
46,586,4.5,1045606827
46,587,3,979349817
46,588,4,979348590
46,589,4,1057679846
46,592,5,979328485
46,593,4,1045693483
46,608,3.5,1045607873
46,611,1.5,1045607447
46,648,3,1015968850
46,653,2.5,1045607687
46,671,2.5,1045693900
46,714,3,1074261435
46,719,3,979350408
46,724,3.5,1046466348
46,733,3,979328608
46,736,3,979329438
46,737,2,979329932
46,741,3,1017682522
46,742,2,1010014478
46,743,3,979351005
46,748,3,979328149
46,778,3,979352483
46,780,2.5,1045607698
46,784,3,979350279
46,785,3,979350029
46,788,3,979350541
46,799,3,979330320
46,802,3.5,1045608289
46,829,3,979351005
46,832,3.5,1054058543
46,839,2,979330087
46,880,2.5,1057091802
46,886,2,979329966
46,968,3.5,1045608357
46,996,3.5,1045608250
46,1027,4,979412235
46,1036,4.5,1057679902
46,1037,3,979329438
46,1042,3,979349700
46,1049,3,1008440473
46,1061,3.5,1090419338
46,1064,3,979348854
46,1089,4,979354089
46,1091,1.5,1054058752
46,1097,3,979331727
46,1100,3,979329906
46,1127,4.5,1074990043
46,1135,3,979349896
46,1136,5,979332128
46,1193,3.5,1045608685
46,1196,5,979331630
46,1198,4.5,1045606509
46,1200,5,979328388
46,1201,3.5,1045608572
46,1210,4.5,1045606450
46,1214,5,979328347
46,1215,3,1008440473
46,1222,3.5,1056350176
46,1240,3.5,1057679849
46,1258,4,1056743485
46,1259,4,979349124
46,1261,3.5,1046465559
46,1265,5,979332223
46,1266,5,979351410
46,1270,4,979331683
46,1278,4,1045693577
46,1291,3,979351594
46,1320,3.5,1045608670
46,1321,3.5,1046466344
46,1339,4.5,1045606417
46,1356,4,1056743495
46,1358,4,979352119
46,1370,2,979328509
46,1377,3,979350149
46,1378,3,979328790
46,1379,3.5,1046465512
46,1385,3,979329438
46,1387,4,1045608615
46,1388,3.5,1045608618
46,1391,3.5,1046465550
46,1393,3.5,1101937755
46,1405,3,979348671
46,1407,4,979330236
46,1409,3.5,1046465612
46,1429,3,1045694253
46,1431,3,979329966
46,1454,3,979349552
46,1461,3.5,1046465662
46,1476,3,979353957
46,1479,3,979329507
46,1485,4,979349993
46,1488,3,979328848
46,1499,1.5,1045607421
46,1500,4,979332370
46,1513,3.5,1045608269
46,1517,3.5,1054057836
46,1527,3.5,1045608570
46,1544,3.5,1054058281
46,1552,3.5,1045606812
46,1562,2,979329966
46,1573,3,979328632
46,1580,4.5,1045606623
46,1584,4.5,1045606497
46,1587,3,979328790
46,1590,4,979329826
46,1591,2,979329932
46,1597,3.5,1045694264
46,1603,2.5,1045608479
46,1608,3.5,1045694232
46,1617,3,979354117
46,1639,3,1010014342
46,1645,4,1056743271
46,1655,2.5,1057091809
46,1665,3,979350479
46,1676,3,979329201
46,1681,1,979330122
46,1682,4,979352606
46,1690,3.5,1108588028
46,1704,3.5,1045693502
46,1721,3,979353383
46,1732,3,979349700
46,1748,3.5,1122389885
46,1753,4,979349817
46,1754,3,979328808
46,1756,3,979330375
46,1762,2,979330002
46,1771,2,979331419
46,1777,4,1054327875
46,1779,1,979331967
46,1792,3,979328808
46,1799,3.5,1045608464
46,1801,3.5,1054058437
46,1805,3,979353383
46,1835,3,979411278
46,1837,2,979350982
46,1866,3,979329545
46,1875,3,1024924440
46,1876,4,979329201
46,1885,3,979349465
46,1887,3,979349993
46,1909,4,979331759
46,1917,3,979328971
46,1920,2,979348828
46,1923,4,979332347
46,1954,4,1045693706
46,1961,3.5,1045608295
46,1968,4.5,1045606494
46,1970,3,979330735
46,1973,3,979330689
46,1994,5,979330263
46,1995,3.5,1045608419
46,1997,4.5,1045606427
46,1998,2,979331564
46,2003,3,979330414
46,2004,2,979330521
46,2011,3.5,1122389798
46,2012,3.5,1122389855
46,2028,3.5,1045608694
46,2054,1.5,1045607548
46,2060,3,1056350639
46,2076,2.5,1056350304
46,2083,3.5,1054058461
46,2092,3,979348891
46,2100,3.5,1045608274
46,2115,4,979328608
46,2119,3,979331564
46,2121,3,979330735
46,2137,3.5,1045606809
46,2140,3,979331772
46,2141,3,979348783
46,2143,3.5,1122389861
46,2148,2,979330607
46,2149,0.5,1045607357
46,2153,2,979330002
46,2160,2.5,1045608690
46,2161,2.5,1045608647
46,2167,3,979328758
46,2174,4,979349053
46,2231,3,979353921
46,2273,4,979328808
46,2278,3,979328509
46,2288,4.5,1045606628
46,2291,4,979352351
46,2294,3,1010014605
46,2297,3,979411464
46,2298,3.5,1133202998
46,2302,3.5,1045608588
46,2313,3,979352435
46,2322,2.5,1045607563
46,2328,2,979330638
46,2334,3,979329463
46,2335,4,979350479
46,2353,3.5,1054059428
46,2355,3.5,1045693293
46,2373,2.5,1045608529
46,2387,3,979350565
46,2393,3.5,1054328220
46,2394,3,979348624
46,2395,4,979349053
46,2401,3.5,1045606758
46,2402,3,979329783
46,2403,3.5,1074990514
46,2407,3,979331825
46,2409,3,979329463
46,2410,3,979329438
46,2411,3,979329783
46,2421,3,979329591
46,2423,5,979349320
46,2428,3.5,1046466356
46,2429,2,979351758
46,2455,3.5,1045606818
46,2456,2,979330902
46,2470,3,979350093
46,2471,1.5,1054058702
46,2476,4,979328574
46,2478,3,979351473
46,2490,3.5,1054057701
46,2501,3.5,1046718215
46,2502,4,1124906800
46,2506,3,979350982
46,2513,4,979330552
46,2514,3,979331451
46,2516,1,1045607332
46,2517,3,979331290
46,2539,3,1056350783
46,2542,3,979349163
46,2548,2.5,1045608635
46,2549,2,979332060
46,2568,3,979330122
46,2571,4,1056747152
46,2572,3,1010439297
46,2599,3,1010439909
46,2606,4,979330902
46,2617,3,979328758
46,2628,2,1099342722
46,2640,4,979328542
46,2641,3.5,1045608408
46,2642,3,979329867
46,2643,2,979351867
46,2662,3.5,1045606683
46,2681,3,979332017
46,2683,3,979350149
46,2694,4,979350093
46,2700,3.5,1046465624
46,2701,2.5,1045607560
46,2706,4,1064867253
46,2709,2.5,1045608393
46,2710,3.5,1045608364
46,2713,3,979331198
46,2716,4,1043182836
46,2717,3,979330902
46,2719,2,979330735
46,2720,1,979351281
46,2722,4,979329691
46,2723,3.5,1046465501
46,2735,3.5,1046465607
46,2746,3,979330350
46,2747,3,979330279
46,2761,4,979348591
46,2762,5,979412654
46,2779,3,979349669
46,2791,3.5,1045606696
46,2793,3.5,1064867280
46,2797,3.5,1045606694
46,2798,0.5,1045607340
46,2799,0.5,1057091692
46,2804,5,979332165
46,2805,3,979411723
46,2808,3,979329591
46,2836,3.5,1056351144
46,2840,3,979412591
46,2841,3.5,1045608375
46,2842,2.5,1099343185
46,2858,2.5,1057091792
46,2860,3.5,1056206326
46,2867,4,979331129
46,2868,3,979331484
46,2908,3,1121982153
46,2916,3.5,1045607762
46,2918,4,979349124
46,2922,3.5,1054058356
46,2951,3,979328485
46,2953,3.5,1045608516
46,2959,4,1043627981
46,2965,3,979330122
46,2985,3,979328632
46,2986,2,979330002
46,2987,2.5,1090870030
46,2992,0.5,1045607343
46,2995,3.5,1045607878
46,2997,3,1010014268
46,3020,3,979328632
46,3033,4,979331844
46,3034,4,979348747
46,3052,4.5,1045606670
46,3081,4.5,1045606585
46,3082,4,979441420
46,3087,4,1056747157
46,3114,4,979332240
46,3117,3,1040067828
46,3120,3.5,1045607865
46,3147,4.5,1045606429
46,3175,4,979331727
46,3210,3.5,1054058531
46,3213,4,979348671
46,3243,2.5,1045607738
46,3247,1.5,1045607393
46,3250,3.5,1045608236
46,3253,4,979349495
46,3254,3,979350185
46,3255,3.5,1054058068
46,3258,3,979350433
46,3264,3,1057091886
46,3268,1.5,1054058745
46,3300,4,979412617
46,3301,3.5,1056350825
46,3316,3,1045694330
46,3327,3.5,1058813009
46,3354,3,979331949
46,3355,1.5,1045607324
46,3358,3,1045693887
46,3386,3.5,1054057711
46,3396,3.5,1045693590
46,3397,3,979349389
46,3401,3,979332099
46,3409,3,1090960309
46,3438,3,979329591
46,3439,1.5,1045607389
46,3440,2,979330087
46,3441,4,979329464
46,3448,3.5,1045693770
46,3450,5,979349741
46,3471,4,1046466447
46,3477,3.5,1054058513
46,3481,4,979349124
46,3508,3.5,1045608292
46,3510,3,1010440129
46,3527,4,1056743477
46,3534,3,979350059
46,3552,3.5,1046465670
46,3555,3,979328646
46,3578,4,1040068171
46,3591,3.5,1046465651
46,3593,1.5,1054058675
46,3617,3.5,1045607716
46,3618,2.5,1045607712
46,3623,1.5,1054058824
46,3624,4,979328574
46,3671,4.5,1045606550
46,3681,4,979351410
46,3686,3.5,1056350690
46,3697,3,979329714
46,3698,3,979328916
46,3699,3,979331807
46,3709,2.5,1045608640
46,3740,4,979328646
46,3745,3.5,1046465390
46,3752,4.5,1045606717
46,3753,4.5,1057785037
46,3755,3,1043077589
46,3774,2,979351205
46,3791,3,1099342964
46,3793,4.5,1057091406
46,3809,4,979349465
46,3826,3,1010014385
46,3827,3,1010014478
46,3840,4,1090870045
46,3857,3,1045493715
46,3863,3,1010014317
46,3864,2.5,1045608434
46,3877,2,979351931
46,3882,2,1015686082
46,3897,4,1045693461
46,3905,3,1056350953
46,3911,2.5,1045608560
46,3916,4,979352183
46,3917,3.5,1121982215
46,3918,3,1010014920
46,3928,3.5,1054057832
46,3948,3,1010014426
46,3949,3,1084816963
46,3956,3,1061562076
46,3969,3.5,1056348850
46,3979,3.5,1046465645
46,3981,3,1015968892
46,3986,1.5,1045607540
46,3988,3.5,1045608519
46,3994,3.5,1045608470
46,3997,1.5,1045607543
46,4002,5,979349212
46,4006,3,979348809
46,4015,3,1057091898
46,4016,3.5,1046465380
46,4018,3,1026158845
46,4022,4,1011032603
46,4027,3,1015686140
46,4030,2,1024924604
46,4033,3.5,1045608279
46,4040,2.5,1045608567
46,4084,3.5,1045694197
46,4085,4,1045693568
46,4102,4,1054059366
46,4105,3.5,1045693680
46,4128,3.5,1046385441
46,4142,3,1042121231
46,4159,2.5,1045607485
46,4164,3,1136925003
46,4213,2,1016202877
46,4223,3,1045693644
46,4226,4,1043628082
46,4231,3,1020110413
46,4233,3,1038341750
46,4266,2,1018294475
46,4270,3,1011032581
46,4275,3,1045694456
46,4306,4,1010421738
46,4310,3,1045694403
46,4343,2.5,1045607788
46,4367,3,1046385369
46,4370,3,1020096279
46,4388,2,1066076717
46,4446,3,1010439938
46,4448,3,1058198413
46,4489,3.5,1054059384
46,4498,3.5,1056348507
46,4541,3.5,1124114291
46,4553,3,1066076767
46,4571,3.5,1056348652
46,4623,3,1045693636
46,4630,2,1045694388
46,4638,3.5,1054058534
46,4643,3,1038855469
46,4654,2.5,1045694315
46,4679,3,1045693904
46,4682,3,1045694441
46,4701,3,1071174298
46,4718,4,1064867226
46,4720,3.5,1054058432
46,4725,4,1122579461
46,4734,4.5,1045606644
46,4744,3,1088620456
46,4756,3,1043628141
46,4758,2.5,1106522005
46,4774,4,1046385326
46,4776,4,1057784570
46,4815,3,1044913908
46,4816,2.5,1054058758
46,4844,3.5,1056351010
46,4865,3.5,1107192380
46,4876,2,1056993913
46,4878,3.5,1112028254
46,4886,4.5,1045606579
46,4890,3,1056350658
46,4903,2.5,1099342385
46,4950,3,1045694428
46,4958,3,1045694499
46,4963,4,1050941718
46,4967,3.5,1071174313
46,4974,4,1044114250
46,4975,3,1051551430
46,4986,3,1045694461
46,4993,4,1050941662
46,4994,4,1054057777
46,5025,2.5,1101937565
46,5055,3.5,1060971113
46,5060,3.5,1046465527
46,5064,3.5,1058197170
46,5065,3,1057091327
46,5103,3.5,1045693640
46,5107,3.5,1061562100
46,5110,3,1056351048
46,5127,3,1058197150
46,5128,2,1037649474
46,5146,3,1067882573
46,5152,4,1054059442
46,5171,3,1098039860
46,5212,2.5,1045694380
46,5218,4.5,1045606554
46,5219,3,1104864681
46,5254,3,1049640590
46,5267,3.5,1058362067
46,5293,3.5,1056241545
46,5294,3.5,1070918770
46,5313,3,1043628241
46,5349,4,1020775881
46,5377,3.5,1084379534
46,5378,2.5,1099342719
46,5400,3,1063397679
46,5418,3.5,1110812030
46,5419,3,1093449036
46,5433,3,1056348386
46,5438,2.5,1045694354
46,5445,3,1049743346
46,5459,3,1045607235
46,5460,3,1043077894
46,5463,2.5,1045608549
46,5464,3.5,1056743080
46,5472,3.5,1056349504
46,5478,2,1043628213
46,5502,5,1043077480
46,5505,3,1099342418
46,5507,3.5,1114459488
46,5528,3,1079982351
46,5574,3.5,1135025064
46,5589,3,1056350877
46,5609,2,1044114129
46,5620,3,1110231990
46,5621,2.5,1069188160
46,5629,4,1054059136
46,5665,3,1056993949
46,5669,0.5,1119896246
46,5673,3,1084894750
46,5679,3,1063638328
46,5691,2,1039535561
46,5765,4,1056743229
46,5784,2.5,1088620581
46,5785,3.5,1054058303
46,5804,3,1037036797
46,5843,4,1043077781
46,5881,2.5,1069254426
46,5883,3,1066076750
46,5944,2.5,1056206257
46,5945,3,1062884639
46,5952,4,1067882357
46,5956,3.5,1073331554
46,5969,3,1043077894
46,5970,3.5,1045693331
46,5995,3.5,1102357884
46,6014,3,1069188174
46,6040,2,1093448917
46,6058,3,1090960312
46,6059,3,1061221562
46,6156,4,1047592836
46,6157,2.5,1068844233
46,6166,3.5,1090960365
46,6186,4,1074261337
46,6187,3,1075221720
46,6213,2.5,1067882274
46,6250,2,1049393222
46,6281,3,1098039817
46,6287,3,1098040107
46,6290,2.5,1067882304
46,6298,3,1101937578
46,6323,3.5,1086626563
46,6333,4.5,1057679895
46,6365,3,1058273271
46,6373,3,1098040101
46,6377,4,1084816989
46,6379,3,1098039891
46,6502,3,1083779558
46,6534,2,1084379543
46,6537,2.5,1057679835
46,6541,2,1073331569
46,6548,3.5,1106076952
46,6565,3.5,1099342399
46,6586,3,1101936576
46,6615,3,1099342759
46,6659,3.5,1060971377
46,6664,3,1060971383
46,6695,3,1088620459
46,6707,2,1103220916
46,6711,0.5,1098039850
46,6731,2.5,1079982414
46,6751,3,1110811992
46,6754,3,1074630408
46,6764,3.5,1096907950
46,6870,3,1093449093
46,6874,4,1102519277
46,6880,3,1138746158
46,6890,2.5,1110384850
46,6934,2.5,1090419379
46,6936,3.5,1101936680
46,6950,2.5,1087417508
46,7153,4,1093448950
46,7158,2.5,1083683614
46,7173,3.5,1110232021
46,7254,3.5,1090419309
46,7263,3.5,1101936592
46,7293,4,1136494461
46,7318,4,1078153722
46,7325,3,1113236429
46,7360,4,1080572087
46,7369,2.5,1103220973
46,7373,3,1098040044
46,7376,3,1111416105
46,7387,3.5,1080572092
46,7438,4,1102519275
46,7449,1,1103220898
46,7454,2.5,1101936564
46,7458,3,1111416163
46,8361,2.5,1112801768
46,8369,3,1128975053
46,8371,3,1104864732
46,8528,3,1109543297
46,8529,4,1109543259
46,8533,4,1112028216
46,8640,3.5,1113236412
46,8641,2.5,1109887302
46,8665,3.5,1110812032
46,8730,3,1107192412
46,8746,3.5,1140048240
46,8783,3,1107192631
46,8807,2.5,1111416253
46,8810,4,1108588014
46,8814,3,1110812094
46,8815,3,1116525276
46,8827,4,1093449305
46,8830,0.5,1114457988
46,8835,3.5,1109543329
46,8836,2.5,1108757489
46,8860,3.5,1108587985
46,8861,3,1104864684
46,8865,2.5,1112028292
46,8870,4,1122579471
46,8874,4,1113420910
46,8907,3,1110384580
46,8917,4,1124114326
46,8918,3,1136924958
46,8937,3.5,1110231976
46,8947,3,1111416438
46,8949,3.5,1122389471
46,8950,3,1146155403
46,8957,3.5,1109543675
46,8961,4.5,1113420872
46,8968,3.5,1114458007
46,9004,3.5,1101936651
46,25835,3.5,1122225515
46,27434,3,1117725258
46,27618,3,1146155457
46,27706,3,1117725291
46,27788,4,1124114304
46,27822,1.5,1108757963
46,27837,2.5,1116525241
46,30707,3,1122389459
46,30894,4,1122389687
46,31424,1.5,1123172566
46,31429,3,1140048106
46,31431,3.5,1122579528
46,32011,4,1121982192
46,32019,4,1133202966
46,32587,4.5,1124906814
46,32598,4.5,1136494474
46,33004,3.5,1140048176
46,33085,3,1135025663
46,33162,3,1135020944
46,33164,3.5,1130442065
46,33437,3.5,1133970073
46,33493,3,1121982136
46,33834,4,1119896221
46,34072,3.5,1136924967
46,34162,4,1140048125
46,34323,3,1135020930
46,34534,4,1136494442
46,35957,4,1140048087
46,36401,3,1140048136
46,36509,2.5,1136925000
46,36519,3,1140048194
46,37380,2.5,1146156060
46,37382,3.5,1143578697
46,37720,3.5,1136494575
46,37727,3.5,1140048074
46,37729,3.5,1140048052
46,37733,4,1143578713
46,39400,2,1140047963
46,39427,0.5,1149091073
46,40614,3.5,1146243229
46,40723,3,1146155383
46,41566,3.5,1146155430
46,41569,3,1144794801
46,42011,3.5,1149090960
46,42013,3.5,1149091439
46,42723,3,1149090943
47,1,5,1169076292
47,17,5,1036709442
47,25,4,1036709534
47,34,5,970512152
47,36,5,970512210
47,50,4,1169076304
47,58,4,1036709513
47,80,4,970512243
47,111,5,970512005
47,154,4,970512112
47,164,3,1036709188
47,215,3,1036709534
47,296,5,1169076343
47,318,5,970511043
47,356,4,1036709647
47,357,5,1036709534
47,377,4,1169076308
47,457,3.5,1169076443
47,480,3,1169076350
47,523,4,970504718
47,527,4.5,1169076418
47,535,4,970512093
47,541,2,1036709129
47,593,5,970504628
47,608,5,970511787
47,648,3,1169076339
47,745,3,970510953
47,858,5,970510993
47,898,4,1036709405
47,899,4,1036709241
47,900,3,1036709313
47,902,5,1036709534
47,904,5,970511012
47,905,4,970511196
47,908,4,970511787
47,909,4,970512299
47,910,4,970511109
47,911,4,1036709614
47,912,5,970510993
47,914,2,1036709267
47,915,3,1036709405
47,918,4,1036709334
47,919,5,970511196
47,920,5,970504609
47,922,5,1036709129
47,923,5,970511012
47,926,4,970512243
47,928,4,1036709387
47,930,5,970511083
47,933,3,1036709614
47,942,4,1036709159
47,945,2,1036709241
47,953,4,970512344
47,969,5,970504609
47,973,4,970512363
47,1010,2,970504609
47,1028,4,1036709334
47,1035,4,1036709334
47,1041,4,970511196
47,1073,4,1169076461
47,1084,5,970512053
47,1086,4,970511808
47,1094,3,970511829
47,1104,4,970511109
47,1148,3,970510953
47,1178,5,970512005
47,1179,5,1036709159
47,1183,3,1036709461
47,1186,3,970512255
47,1193,5,970511012
47,1196,4,970512169
47,1197,4.5,1169076429
47,1198,5,1169076437
47,1207,4,970510993
47,1213,5,970512152
47,1219,4,970511154
47,1221,5,970511109
47,1225,5,970511083
47,1226,4,1036709534
47,1228,4,970512210
47,1230,5,1036709360
47,1231,4,970512169
47,1244,4,970512093
47,1247,4,970512093
47,1250,4,970512068
47,1252,4,970511012
47,1265,5,1036709387
47,1266,4,970504628
47,1267,5,970511808
47,1270,4.5,1169076522
47,1276,5,970511787
47,1277,4,1036709479
47,1284,4,1036709159
47,1288,4,1036709267
47,1299,4,970512039
47,1358,4,970512299
47,1617,4.5,1169076353
47,1639,4,1036709614
47,1673,4,970512191
47,1674,5,1036709387
47,1699,5,970512039
47,1704,3.5,1169076451
47,1721,4,1169076380
47,1784,3.5,1169076474
47,1873,2,970511043
47,1912,4,1036709506
47,1935,4,970512344
47,1936,4,970512363
47,1938,4,970512053
47,1939,4,970512068
47,1944,3,1036709387
47,1945,4,970512039
47,1946,4,970512093
47,1947,2,1036709267
47,1950,5,970511787
47,1952,5,970512039
47,1959,4,1036708811
47,1961,3.5,1169076367
47,2013,4,1036708825
47,2019,5,970511083
47,2020,4,970512268
47,2028,4,970512093
47,2065,3,1036709479
47,2070,4,1036709057
47,2130,4,970512243
47,2132,2,970512268
47,2186,4,970511154
47,2202,3,970512363
47,2203,4,1036709129
47,2243,5,1036709534
47,2248,5,1036709461
47,2289,3,970512299
47,2300,3,970511787
47,2303,5,1036709291
47,2357,4,970511169
47,2395,3,1036709015
47,2396,5,970504628
47,2502,3,1036708811
47,2612,4,970512152
47,2648,3,970511043
47,2686,5,1036708842
47,2689,4,970510927
47,2692,5,1036709015
47,2724,2,1036709015
47,2732,4,970512112
47,2762,4,1036709031
47,2763,4,1036709057
47,2804,5,970511196
47,2858,5,970511829
47,2859,5,970511169
47,2918,3,1169076486
47,2919,3,1036709631
47,2927,5,970512344
47,2935,5,1036709387
47,2941,3,1036709313
47,2961,2,1036709031
47,2971,4,1036709241
47,2987,4,1036709081
47,2997,4,1169076397
47,3006,4,970512023
47,3061,4,1036709291
47,3089,4,970512023
47,3095,4,970511979
47,3111,4,970512093
47,3114,5,1036709071
47,3152,4,970512152
47,3157,3,1036709057
47,3176,4,1036709057
47,3196,4,970511845
47,3198,4,970512191
47,3251,2,970510909
47,3334,4,1036709159
47,3359,5,970510909
47,3363,4,970512191
47,3364,3,1036709172
47,3435,5,970510953
47,3467,4,970511154
47,3468,4,970510909
47,3475,4,1036709442
47,3543,4,970512169
47,3545,4,1036709241
47,3549,3,1036709267
47,3554,4,1036709442
47,3578,2,1169076298
47,3606,3,1036709291
47,3685,3,1036709534
47,3730,5,970511083
47,3735,3,970511845
47,3741,4,970511135
47,3897,4,973282174
47,4022,3.5,1169076517
47,4027,4,1169076476
47,4037,3,1036709130
47,4061,4,1036709506
47,4226,4.5,1169076311
47,4246,4,1036709647
47,4361,4,1036709387
47,4372,4,1036709461
47,4642,2,1036709291
47,4857,4,1036709241
47,4963,3.5,1169076432
47,4995,3,1036709405
47,5015,4,1036709360
47,5418,3.5,1169076371
47,5693,4,1036709241
47,5707,3,1036709631
47,5989,3,1169076409
47,6539,4,1169076336
47,6711,5,1169076320
47,6874,2,1169076376
48,261,3,1309848520
48,318,5,1309849480
48,520,4,1309848469
48,1381,0.5,1309848737
48,2033,3,1309849095
48,2563,4,1309849215
48,2581,4,1309848585
48,3189,3.5,1309848937
48,3565,4,1309848918
48,4014,5,1309849985
48,4161,2.5,1309848708
48,4993,4.5,1309849442
48,5380,4.5,1309848925
48,5952,4.5,1309849445
48,7153,4.5,1309849443
48,7173,3.5,1309848863
48,7381,3.5,1309849250
48,31658,5,1309849435
48,37729,3.5,1309848759
48,54259,5,1309849966
48,55267,4.5,1309849146
48,56152,5,1309849990
48,56757,3.5,1309848820
48,58347,4,1309849424
48,62155,3.5,1309849253
48,81834,4,1309849777
48,81845,4,1309849754
48,82152,2,1309849849
48,83349,0.5,1309849801
48,84601,5,1309849795
48,85367,5,1309849832
48,85397,3.5,1309849859
48,85510,4.5,1309849815
48,86190,3,1309849670
48,86332,2.5,1309849704
48,86548,5,1309849716
48,86880,3,1309849723
48,87232,5,1309849718
49,1,5,1149447665
49,2,4.5,1149447909
49,10,5,1149446885
49,19,3.5,1149447926
49,32,4,1149446883
49,34,3.5,1149447738
49,39,3,1149447587
49,47,5,1149446418
49,50,5,1149444898
49,70,4,1149445581
49,104,4,1149447999
49,110,4,1149446569
49,111,5,1149445574
49,112,4,1149444635
49,145,3,1149446737
49,151,4,1149444626
49,153,4,1149446562
49,160,3,1149448078
49,163,4.5,1149448230
49,165,4,1149447696
49,168,4,1149448352
49,172,4,1149446730
49,173,4,1149444572
49,185,4,1149447806
49,196,3.5,1149448326
49,208,4,1149447802
49,223,4.5,1149447041
49,231,3.5,1149447752
49,235,5,1149448022
49,253,5,1149447789
49,260,5,1149444815
49,265,1,1149447037
49,288,4,1149447831
49,293,5,1149446076
49,296,4.5,1149444925
49,316,4.5,1149447723
49,317,4,1149448005
49,329,3.5,1149447748
49,333,5,1149446732
49,338,4.5,1149446500
49,344,4,1149446555
49,349,3.5,1149447707
49,353,4,1149447032
49,356,2.5,1149447637
49,364,4,1149447735
49,367,3,1149447762
49,368,4.5,1149447963
49,370,3,1149444624
49,377,4,1149447687
49,380,4.5,1149446552
49,410,3.5,1149447906
49,420,3,1149448081
49,432,2.5,1149444561
49,434,3,1149447781
49,442,4,1149447950
49,455,1,1149447018
49,466,3.5,1149448217
49,480,4,1149447645
49,485,3.5,1149448528
49,500,3.5,1149446874
49,509,4,1149447939
49,520,4,1149448322
49,527,3.5,1149444879
49,541,5,1149445027
49,543,4,1149448349
49,551,5,1149447013
49,553,4,1149448044
49,587,3.5,1149444686
49,588,4.5,1149447681
49,589,4.5,1149447660
49,590,2.5,1149447654
49,592,4.5,1149447649
49,593,4,1149444881
49,595,4.5,1149447700
49,608,4,1149446871
49,610,4.5,1149447010
49,648,3.5,1149447691
49,653,4,1149448074
49,733,4,1149447742
49,741,4.5,1149445728
49,750,5,1149445294
49,778,4,1149447979
49,780,4,1149447669
49,784,4,1149448194
49,786,4,1149447956
49,799,4,1149447219
49,832,4,1149444593
49,858,5,1149445059
49,899,5,1149444894
49,903,5,1149445157
49,908,4.5,1149444589
49,912,5,1149445063
49,913,5,1149445082
49,919,4,1149447007
49,920,4.5,1149448100
49,923,4,1149445221
49,953,5,1149444843
49,968,4,1149447501
49,1028,5,1149448390
49,1036,4.5,1149446549
49,1073,4.5,1149447785
49,1080,4,1149447460
49,1089,5,1149445031
49,1090,4,1149448201
49,1129,4.5,1149446711
49,1136,5,1149444955
49,1193,4,1149445179
49,1196,5,1149444862
49,1197,5,1149444837
49,1198,5,1149444829
49,1200,4.5,1149445667
49,1201,5,1149444967
49,1203,3.5,1149447372
49,1206,4,1149446998
49,1208,4,1149445255
49,1210,5,1149445694
49,1213,4,1149444977
49,1214,5,1149446094
49,1215,5,1149445378
49,1219,4.5,1149446519
49,1220,4.5,1149445862
49,1221,5,1149445066
49,1222,4,1149447275
49,1234,4,1149446321
49,1240,4.5,1149447137
49,1246,4,1149448031
49,1247,0.5,1149448161
49,1249,4,1149447407
49,1250,4,1149444975
49,1252,5,1149445285
49,1254,3,1149445166
49,1258,4,1149447394
49,1261,5,1149445825
49,1266,3.5,1149446356
49,1267,4,1149445145
49,1270,4,1149447729
49,1274,5,1149445719
49,1275,4.5,1149445396
49,1278,4.5,1149446696
49,1288,4,1149445034
49,1291,5,1149447356
49,1320,4.5,1149448416
49,1321,4,1149447498
49,1356,5,1149446256
49,1370,4,1149446660
49,1374,4.5,1149446966
49,1376,4,1149448361
49,1377,4,1149448747
49,1380,5,1149444611
49,1391,4,1149446963
49,1393,5,1149446959
49,1394,4,1149448158
49,1407,4,1149448071
49,1485,3,1149444578
49,1500,4,1149444613
49,1517,4.5,1149447932
49,1527,5,1149447865
49,1544,3.5,1149448334
49,1552,4,1149448385
49,1573,4,1149448065
49,1580,4,1149447795
49,1584,4,1149447947
49,1591,3,1149448759
49,1617,4,1149444889
49,1645,4,1149446956
49,1653,4,1149444564
49,1676,4,1149448317
49,1690,4,1149446655
49,1876,2,1149446945
49,1909,4,1149446650
49,1968,4,1149447944
49,1997,4.5,1149446643
49,2000,5,1149448153
49,2001,4,1149448371
49,2019,5,1149445268
49,2028,4,1149444841
49,2054,3.5,1149444569
49,2105,3.5,1149446639
49,2115,4.5,1149445975
49,2167,4,1149448651
49,2193,5,1149446015
49,2194,4,1149448212
49,2278,4,1149445970
49,2291,4.5,1149448096
49,2321,3.5,1149446941
49,2329,4,1149444930
49,2353,4,1149448298
49,2396,4.5,1149447838
49,2406,4,1149444629
49,2450,3,1149448769
49,2502,4.5,1149447427
49,2571,5,1149444885
49,2617,5,1149447609
49,2628,4,1149446546
49,2640,4.5,1149444596
49,2641,4,1149448662
49,2642,2,1149449038
49,2643,2,1149449042
49,2657,4,1149446898
49,2683,4,1149447890
49,2692,4,1149445000
49,2699,4,1149448303
49,2700,4,1149445921
49,2706,4,1149447976
49,2710,3,1149448019
49,2712,3,1149446623
49,2716,4.5,1149446542
49,2762,4,1149444819
49,2791,4,1149448068
49,2804,4,1149444811
49,2808,3.5,1149447518
49,2858,4,1149444990
49,2872,3.5,1149445392
49,2916,4,1149446617
49,2918,5,1149446896
49,2944,4,1149447402
49,2948,4.5,1149445836
49,2951,5,1149445789
49,2959,5,1149445045
49,2968,4,1149447159
49,2985,4,1149446614
49,2987,4,1149447600
49,2993,4,1149445885
49,2997,4,1149446611
49,3000,5,1149445004
49,3030,5,1149445299
49,3052,4,1149446608
49,3114,4.5,1149447960
49,3176,4,1149448382
49,3267,4,1149445844
49,3408,3.5,1149446604
49,3438,4,1149448749
49,3439,3.5,1149448773
49,3440,3,1149448813
49,3448,4.5,1149446893
49,3471,4,1149448526
49,3527,3.5,1149445932
49,3535,5,1149446473
49,3578,4,1149447849
49,3593,4,1149446795
49,3623,3,1149448223
49,3635,4.5,1149445982
49,3681,5,1149445658
49,3703,4.5,1149445840
49,3740,4.5,1149445402
49,3753,3.5,1149447595
49,3793,4.5,1149445926
49,3863,4,1149446487
49,3882,4,1149446847
49,3897,5,1149448109
49,3977,3.5,1149446888
49,3984,4.5,1149446007
49,3996,4,1149445374
49,4034,4,1149444643
49,4085,3,1149447592
49,4105,5,1149445830
49,4128,4.5,1149445928
49,4148,4,1149446492
49,4210,0.5,1149446449
49,4226,5,1149444993
49,4327,4,1149445794
49,4446,2.5,1149445757
49,4487,3,1149445586
49,4636,3.5,1149448893
49,4641,4,1149448624
49,4678,4,1149446009
49,4855,4,1149447463
49,4865,5,1149446464
49,4878,4.5,1149445210
49,4886,3,1149444616
49,4896,5,1149445642
49,4973,4,1149445241
49,4993,5,1149444921
49,5021,4.5,1149445909
49,5060,4,1149448307
49,5072,4.5,1149445746
49,5146,5,1149445738
49,5254,4,1149448659
49,5294,4.5,1149446444
49,5349,5,1149448630
49,5418,4,1149447149
49,5445,3.5,1149444584
49,5464,4,1149446840
49,5489,4.5,1149447166
49,5618,4.5,1149445365
49,5630,4.5,1149446516
49,5669,0.5,1149446579
49,5690,4.5,1149445320
49,5782,5,1149445163
49,5816,5,1149445632
49,5903,5,1149445865
49,5952,5,1149444902
49,5971,4.5,1149445368
49,5995,4,1149445049
49,6157,3.5,1149448757
49,6283,5,1149447415
49,6333,4.5,1149447434
49,6350,5,1149445171
49,6461,4.5,1149445672
49,6502,4.5,1149447052
49,6534,3.5,1149446751
49,6539,5,1149445805
49,6541,4,1149446748
49,6711,3.5,1149446577
49,6755,5,1149447142
49,6807,5,1149445680
49,6857,5,1149445697
49,6874,5,1149447351
49,6880,3.5,1149446497
49,6986,4,1149446159
49,7090,4,1149447380
49,7099,4.5,1149445371
49,7153,5,1149444958
49,7360,4.5,1149445915
49,7373,4,1149447047
49,7387,4.5,1149447442
49,7438,5,1149446573
49,7439,4.5,1149448895
49,7481,4,1149445987
49,7482,4.5,1149445800
49,7569,4,1149445849
49,7842,5,1149445399
49,7925,4.5,1149445094
49,8157,4.5,1149445417
49,8225,4,1149447510
49,8228,4.5,1149445313
49,8253,4.5,1149445725
49,8368,5,1149445639
49,8370,4.5,1149445684
49,8376,5,1149446743
49,8636,5,1149448615
49,8874,5,1149445677
49,8957,1,1149446460
49,8961,4,1149444864
49,26242,3.5,1149447343
49,26662,4,1149445414
49,30707,4,1149447444
49,31221,3.5,1149448762
49,31658,5,1149445227
49,31660,4.5,1149445750
49,31696,4.5,1149448657
49,32587,5,1149445797
49,33794,4.5,1149444832
49,33834,4,1149447505
49,34150,4,1149448672
49,34153,3,1149446115
49,34405,5,1149445661
49,37382,3.5,1149448669
49,37733,5,1149448564
49,37830,4.5,1149444732
49,40815,5,1149445634
49,40819,5,1149447410
49,41566,4.5,1149444789
49,44191,5,1149444712
49,45081,4.5,1149447531
49,45499,4.5,1149448636
50,296,3,1462078322
50,318,4,1462078090
50,480,3,1462078336
50,527,4,1462078110
50,780,2.5,1462078345
50,858,4.5,1462078105
50,1213,4,1462078126
50,1221,4.5,1462078108
50,2571,3.5,1462078316
50,2959,3.5,1462078129
50,56782,4,1462078163
50,122886,3,1462078184
50,134130,3.5,1462078178
50,142488,3.5,1462078189
50,148626,4,1462078181
51,1,5,1218161011
51,47,5,1218086537
51,111,5,1218161097
51,296,5,1218086319
51,318,5,1218086542
51,431,5,1218161763
51,593,5,1218160997
51,608,5,1218086382
51,1089,4.5,1218127064
51,1136,4,1218165761
51,1193,5,1218127067
51,1208,4.5,1218161067
51,1209,5,1218121215
51,1213,5,1218086626
51,1222,4.5,1218127440
51,1228,5,1218162071
51,1240,5,1218165705
51,1250,5,1218161521
51,1252,5,1218127459
51,1258,5,1218162611
51,1266,5,1218165495
51,1617,5,1218086397
51,1968,5,1218162643
51,1982,5,1218083749
51,2028,5,1218086114
51,2118,5,1218162342
51,2329,5,1218263618
51,2459,5,1218162985
51,2858,5,1218086325
51,2871,5,1218083879
51,3074,5,1218314327
51,3360,5,1218165892
51,3578,5,1218086348
51,4262,5,1218161774
51,4993,5,1218161207
51,5418,4.5,1218165712
51,5952,4.5,1218161192
51,6870,5,1218165687
51,6874,4,1218086330
51,6880,4.5,1218163054
51,7137,4.5,1218263726
51,7153,5,1218086138
51,7360,4.5,1218162367
51,7387,5,1218162369
51,30749,5,1218162042
51,33166,5,1218163006
51,34323,4.5,1218162678
51,40732,4.5,1218162719
51,44397,4.5,1218162704
51,48516,5,1218086556
51,50872,5,1218085056
51,54785,4.5,1218162734
51,54997,5,1218084195
51,55765,5,1218086029
51,55820,5,1218086084
51,56145,4,1218161592
51,56587,4.5,1218162151
51,56782,5,1218084220
51,57368,4.5,1218163025
52,6,3,868514382
52,32,4,868514333
52,95,3,868514333
52,112,4,868515047
52,260,5,868514382
52,376,4,868515047
52,494,4,868514382
52,648,3,868514333
52,653,3,868515047
52,733,5,868514382
52,736,4,868514333
52,780,4,868514332
52,784,3,868515047
52,786,4,868514382
52,788,3,868515047
53,11,4,938811671
53,43,3,938811965
53,47,4,940212104
53,50,4,940212104
53,62,3,938812032
53,175,5,938813137
53,176,4,946022380
53,180,5,938811917
53,223,5,938813091
53,233,5,957087311
53,296,4,938655662
53,302,5,1061790840
53,446,4,938657184
53,527,3,938655933
53,534,5,938655523
53,539,4,938811965
53,562,5,938811542
53,593,5,938657184
53,613,4,938656994
53,800,5,952151976
53,838,4,938657528
53,848,4,939605017
53,902,5,938811917
53,920,5,938655933
53,953,5,938657360
53,1193,4,938655376
53,1199,2,938811834
53,1259,5,938657360
53,1277,5,938655523
53,1307,5,938657672
53,1365,5,938657059
53,1398,4,938811671
53,1476,4,938657528
53,1513,3,938811717
53,1535,4,946022505
53,1613,4,938657528
53,1617,4,940212144
53,1625,4,940212104
53,1639,4,938657265
53,1704,5,938657184
53,1721,4,938657265
53,1796,3,938813024
53,1885,4,938657265
53,1900,4,939093295
53,1923,5,938656994
53,2081,3,949993498
53,2125,4,943483691
53,2165,5,938657528
53,2188,3,938812351
53,2236,3,938655523
53,2271,5,940212474
53,2318,5,938657613
53,2324,5,943540557
53,2329,5,938655800
53,2333,5,938812993
53,2356,2,938658306
53,2357,5,938658145
53,2360,4,1100034150
53,2361,3,952938887
53,2396,3,938658145
53,2431,3,938812162
53,2439,4,938658145
53,2442,4,938658259
53,2445,2,940210886
53,2446,4,940210793
53,2447,4,938657528
53,2481,3,940210793
53,2490,3,938658145
53,2492,2,938658428
53,2496,4,938811671
53,2499,4,938812993
53,2502,4,1069482418
53,2504,3,938658193
53,2505,3,938657419
53,2539,4,938658259
53,2541,3,938658259
53,2567,4,938658259
53,2572,3,940211052
53,2575,3,939604867
53,2580,3,938811671
53,2589,4,938658372
53,2596,4,941229500
53,2610,5,939093295
53,2611,4,952151994
53,2674,2,943541452
53,2682,5,946022265
53,2683,3,940210935
53,2686,5,947226103
53,2706,4,938654405
53,2710,2,938655254
53,2725,4,950597736
53,2762,5,938654405
53,2763,4,938654405
53,2839,4,938654405
53,2840,4,938654860
53,2841,4,950598068
53,2858,4,943483439
53,2865,2,938654793
53,2875,3,938811917
53,2894,4,940210491
53,2996,5,947226276
53,3007,4,943483439
53,3055,4,943546827
53,3067,4,952152225
53,3083,5,946022328
53,3090,5,952938902
53,3160,4,949991707
53,3174,4,947225915
53,3844,4,965707419
53,3852,5,972970937
53,3894,4,974923809
53,3909,3,972971002
53,3911,3,974923809
53,3948,3,972970937
53,3949,5,996595215
53,3996,5,978834392
53,4014,4,1001135485
53,4017,4,996595215
53,4027,4,996595215
53,4028,4,996595128
53,4226,5,1006482854
53,4246,4,992153030
53,4378,4,996595114
53,5013,5,1018667298
53,5015,5,1018667298
53,5225,5,1018667298
53,5791,4.5,1061790773
53,5808,4.5,1070782751
53,5817,5,1061790828
53,5878,4.5,1061790779
53,5992,4.5,1061790782
53,6002,4.5,1061790969
53,6190,5,1052550799
53,6216,5,1048666013
53,6269,4,1054952726
53,6331,4.5,1055106566
53,6380,4,1059185521
53,6382,4,1060476057
53,6591,4.5,1065596702
53,6620,5,1065596698
53,6636,5,1061790792
53,6711,4.5,1065596695
53,6881,4.5,1073866305
53,6954,5,1073866296
53,8622,3.5,1100034072
54,5,5,986221889
54,480,5,986221733
54,593,4,986221112
54,595,5,986221914
54,908,4,986221077
54,919,5,986222060
54,920,5,986221672
54,928,5,986221700
54,934,5,986221889
54,1073,4,986221503
54,1207,5,986222017
54,1286,3,986221077
54,1422,4,986222284
54,1544,4,986221733
54,2078,5,986221112
54,2353,4,986222259
54,2762,4,986221851
54,2881,4,986222312
54,3250,3,986221077
54,3408,4,986222399
54,3578,4,986221574
54,3618,3,986222159
54,3784,4,986222193
54,3826,3,986222175
54,3897,4,986222114
54,3948,3,986222142
54,3996,5,986221537
54,4014,5,986221503
54,4023,4,986221392
54,4024,3,986221392
54,4025,3,986221392
54,4027,5,986221368
54,4033,4,986221368
54,4034,4,986221368
54,4154,4,986221428
55,1,5,1037743445
55,17,1,999891659
55,41,5,1037741936
55,105,4,1037741740
55,111,5,1037744732
55,150,5,1037742871
55,185,3,1037745529
55,208,4,1037742842
55,353,3,1037744169
55,356,4,999892217
55,357,2,1037742931
55,590,3,1037742826
55,593,5,999891639
55,608,5,1037743096
55,648,5,1037742740
55,903,4,1037744745
55,912,3,1037741910
55,924,5,999892267
55,1089,5,1037744771
55,1125,5,1037741624
55,1127,5,1037742696
55,1175,5,1037744277
55,1200,5,1037741811
55,1201,5,999892044
55,1222,5,999892217
55,1225,5,1037743064
55,1270,3,999891688
55,1302,2,1037741664
55,1307,3,1037742097
55,1387,4,999892064
55,1480,5,1037745481
55,1552,5,1037742708
55,1580,5,1037742680
55,1610,5,1037745440
55,1645,4,1037745470
55,1649,5,1037741633
55,1674,4,1037745415
55,1921,5,1037745557
55,2028,5,1037744209
55,2174,4,1037741610
55,2245,3,1037743235
55,2311,5,1037741650
55,2355,5,1037743432
55,2426,5,1037742600
55,2551,5,1037745374
55,2571,5,1037744761
55,2598,5,1037741715
55,2628,5,1037743175
55,2657,5,1037741792
55,2763,3,1037744169
55,2918,3,1037742079
55,2947,4,1037741910
55,3000,5,999892064
55,3147,4,1037742097
55,3160,5,1037743076
55,3176,5,1037745498
55,3181,5,1037742981
55,3186,5,1037741993
55,3285,5,999892176
55,3328,5,1037742528
55,3448,4,1037743560
55,3481,5,1037742097
55,3555,5,1037745498
55,3566,5,999891622
55,3623,5,999891572
55,3755,5,999892166
55,3863,5,1037745579
55,3893,3,1037742048
55,3897,4,1037741715
55,3910,5,1037742195
55,3983,5,999891878
55,3994,4,999891878
55,3996,5,999892121
55,4014,4,999891810
55,4022,5,999891878
55,4027,5,999891810
55,4029,5,999891810
55,4054,5,999892235
55,4055,5,999892204
55,4056,5,999891878
55,4148,5,999891878
55,4223,5,999891810
55,4226,5,1037743086
55,4246,4,1037744340
55,4270,4,999892166
55,4299,5,999892166
55,4306,5,1037744614
55,4308,5,1037744525
55,4310,4,1037741978
55,4326,4,1037742079
55,4343,3,1037744386
55,4344,5,1037741839
55,4367,4,1037744653
55,4370,4,1037744298
55,4446,4,1037744399
55,4448,5,1037744605
55,4643,3,1037744553
55,4727,3,1037744353
55,4728,3,1037744569
55,4814,5,1037744373
55,4816,2,1037744701
55,4874,4,1037742760
55,4880,5,1037744494
55,4881,5,1037744504
55,4886,5,1037743421
55,4888,5,1037744669
55,4889,5,1037744443
55,4896,5,1037742588
55,4902,5,1037744373
55,4903,5,1037744467
55,4963,5,1037744538
55,4973,5,1037744308
55,4975,3,1037744690
55,4976,5,1037743259
55,4978,5,1037744487
55,4979,5,1037744587
55,4993,5,1037742648
55,4995,5,1037744329
55,5011,5,1037744353
55,5015,5,1037744511
55,5108,3,1037745603
55,5135,4,1037742280
55,5152,5,1037742308
55,5225,5,1037742280
55,5266,5,1037742308
55,5293,3,1037742290
55,5297,4,1037742321
55,5349,4,1037742308
55,5378,5,1037743175
55,5388,5,1037745396
55,5420,5,1037742321
55,5445,5,1037745415
55,5780,3,1037742958
56,1,5,1410108291
56,5,4,1410105373
56,47,1,1410106371
56,50,4.5,1410105493
56,95,4.5,1410108252
56,110,4,1410106323
56,161,4,1410108534
56,162,3,1410106695
56,260,5,1410105678
56,296,4,1410105805
56,307,2.5,1410106944
56,318,4,1410105480
56,349,4,1410108140
56,356,3.5,1410106455
56,364,4,1410108520
56,370,3,1410105301
56,420,3.5,1410107190
56,432,3.5,1410105526
56,457,5,1410106702
56,474,4,1410108773
56,480,5,1410107345
56,527,3.5,1410105509
56,541,4,1410105843
56,553,5,1410105312
56,589,4.5,1410108821
56,592,4.5,1410108868
56,608,3.5,1410105999
56,648,5,1410107632
56,733,3.5,1410107386
56,780,4,1410108147
56,858,4,1410105488
56,899,4.5,1410106397
56,900,4,1410107398
56,904,4.5,1410105544
56,908,4,1410105595
56,912,4.5,1410105559
56,913,3.5,1410105797
56,919,3.5,1410106828
56,923,3.5,1410105888
56,933,4.5,1410106577
56,953,5,1410106267
56,965,3.5,1410106684
56,969,3.5,1410106093
56,1028,4,1410108526
56,1035,4.5,1410108365
56,1036,4.5,1410108641
56,1078,3.5,1410108515
56,1089,3,1410106120
56,1101,4.5,1410108113
56,1136,4,1410105756
56,1193,4.5,1410105563
56,1196,5,1410105727
56,1197,4.5,1410105763
56,1198,5,1410105627
56,1203,2.5,1410105605
56,1204,3,1410105864
56,1206,3.5,1410106757
56,1210,5,1410106820
56,1214,3.5,1410106414
56,1221,3.5,1410105536
56,1222,2.5,1410106464
56,1228,2.5,1410106167
56,1230,4.5,1410106220
56,1233,2.5,1410105918
56,1234,4,1410105780
56,1240,5,1410108659
56,1244,4.5,1410106493
56,1247,3.5,1410106143
56,1250,3.5,1410106035
56,1252,3.5,1410105694
56,1256,3.5,1410105946
56,1257,3,1410108460
56,1259,3.5,1410106727
56,1262,4,1410105856
56,1266,4.5,1410106952
56,1270,4.5,1410108339
56,1275,4.5,1410108191
56,1276,3,1410106050
56,1278,4.5,1410106962
56,1291,5,1410106650
56,1292,3,1410106972
56,1303,3,1410106480
56,1304,4.5,1410106438
56,1356,4,1410107163
56,1370,4.5,1410108359
56,1372,4,1410108590
56,1374,4.5,1410107313
56,1375,4.5,1410108402
56,1376,4.5,1410108407
56,1393,5,1410107096
56,1500,4,1410108311
56,1527,4.5,1410108005
56,1580,5,1410107798
56,1610,4.5,1410108509
56,1617,3.5,1410106154
56,1704,2.5,1410106471
56,1917,4,1410108786
56,1952,3,1410106898
56,1954,5,1410108801
56,2000,5,1410107330
56,2001,4.5,1410108883
56,2005,2.5,1410108205
56,2006,2.5,1410105340
56,2010,2.5,1410106798
56,2028,4,1410106173
56,2065,4,1410107421
56,2100,3.5,1410105392
56,2115,5,1410107145
56,2302,3,1410105290
56,2321,2.5,1410105345
56,2324,3,1410105713
56,2403,3.5,1410108608
56,2467,4.5,1410108765
56,2565,4,1410108395
56,2571,5,1410105646
56,2657,1,1410105353
56,2699,0.5,1410105324
56,2712,3.5,1410106200
56,2716,5,1410108175
56,2750,3.5,1410107468
56,2761,3,1410107149
56,2762,4,1410106255
56,2797,4.5,1410108791
56,2890,3,1410105387
56,2947,4,1410108574
56,2959,2.5,1410105613
56,2987,4,1410108877
56,3037,3,1410106909
56,3039,5,1410107393
56,3088,3.5,1410106602
56,3101,3.5,1410105403
56,3114,4.5,1410108350
56,3147,3.5,1410106766
56,3175,4.5,1410105358
56,3256,4.5,1410107806
56,3359,4,1410106594
56,3418,3,1410105408
56,3468,3.5,1410105901
56,3527,3.5,1410107356
56,3623,4.5,1410107655
56,3671,3.5,1410108277
56,3793,4.5,1410107831
56,4084,4,1410108297
56,4085,5,1410107790
56,4226,2.5,1410105718
56,4306,3,1410108346
56,4489,4,1410107956
56,4896,4.5,1410107369
56,4973,2.5,1410105632
56,4993,5,1410105825
56,5049,5,1410107774
56,5339,3.5,1410108559
56,5349,4,1410107838
56,5445,4.5,1410108582
56,5782,3.5,1410105969
56,5952,5,1410106005
56,5995,3,1410106297
56,6059,3.5,1410107713
56,6333,4,1410107844
56,6539,3.5,1410108262
56,6711,3,1410105330
56,6787,3.5,1410106423
56,7143,3.5,1410108284
56,7153,5,1410105791
56,7361,3,1410105988
56,7934,4,1410107439
56,7983,4,1410107406
56,8132,4,1410107300
56,8368,4.5,1410107339
56,8636,4,1410108507
56,8665,4,1410108666
56,8961,5,1410108796
56,26614,5,1410106434
56,30749,2.5,1410106335
56,33493,4,1410108196
56,33794,4,1410106853
56,34405,3.5,1410106663
56,40815,4.5,1410107334
56,41566,4.5,1410108187
56,45186,4,1410107660
56,45499,4,1410108594
56,48394,4,1410106289
56,48516,2.5,1410105935
56,48780,3.5,1410106499
56,51662,4.5,1410108160
56,53972,4,1410108214
56,54259,4,1410108722
56,54286,4,1410106861
56,55247,2.5,1410106782
56,55820,3.5,1410106715
56,58559,3,1410105587
56,59315,5,1410107045
56,60069,4,1410106404
56,63082,3.5,1410106812
56,68954,3,1410106310
56,69844,4.5,1410108267
56,73017,4,1410108315
56,77561,5,1410107052
56,78499,4.5,1410106517
56,79132,3.5,1410105740
56,81834,4,1410108387
56,81845,3.5,1410106345
56,81847,3,1410108808
56,84601,3.5,1410107743
56,85414,3.5,1410108617
56,86332,5,1410107817
56,86345,3,1410106067
56,87232,4,1410108233
56,88125,4,1410106884
56,88140,4.5,1410107822
56,89745,5,1410106747
56,91500,3.5,1410108157
56,91529,4,1410108825
56,91542,4.5,1410107850
56,91630,4,1410107641
56,92535,3,1410106110
56,93840,1,1410107131
56,95510,4,1410107780
56,97913,2.5,1410108271
56,98809,5,1410108228
56,99114,3.5,1410106132
56,102125,5,1410107057
56,102445,4.5,1410108123
56,103042,5,1410107827
56,103228,3,1410107982
56,103772,4,1410108044
56,104841,4,1410108684
56,106072,5,1410107169
56,106487,3.5,1410108131
56,106489,4.5,1410107306
56,110102,4.5,1410107139
56,111362,4.5,1410107365
56,111759,4,1410107902
56,111781,4,1410107650
56,112623,1.5,1410107860
56,112852,5,1410106103
57,800,5,1140470749
57,1249,5,1140470772
57,1262,5,1140470759
57,1293,5,1140470753
57,1333,5,1140470729
57,1339,5,1140470742
57,2289,5,1140470747
57,2294,5,1140470766
57,2455,5,1140470744
57,2572,5,1140470757
57,3255,5,1140470760
57,3671,5,1140470769
57,3911,5,1140470768
57,4246,5,1140470756
57,6333,5,1140470751
58,6,4,837677230
58,10,4,837676984
58,16,3,837677263
58,19,3,837677029
58,21,3,837677029
58,22,4,837677250
58,32,4,837677063
58,39,3,837677047
58,44,4,837677160
58,47,4,837677000
58,50,3,837677047
58,95,2,837677150
58,110,5,837677000
58,141,4,837677150
58,153,2,837676929
58,161,3,837676970
58,165,4,837676928
58,198,4,837677355
58,208,3,837676984
58,224,3,837677207
58,231,3,837676954
58,273,3,837677230
58,288,5,837677000
58,292,3,837676970
58,296,4,837676904
58,316,3,837676954
58,319,4,837677355
58,337,4,837677119
58,339,3,837676984
58,344,3,837676929
58,353,3,837677217
58,356,4,837677012
58,357,4,837677119
58,367,3,837677029
58,368,4,837677263
58,370,3,837677292
58,377,4,837677063
58,380,5,837676904
58,383,3,837677376
58,410,3,837677000
58,434,3,837676970
58,442,3,837677132
58,454,3,837677012
58,457,4,837676971
58,474,4,837677185
58,480,3,837677012
58,485,3,837677272
58,509,3,837677150
58,527,3,837677093
58,551,3,837677207
58,552,4,837677272
58,555,5,837677185
58,588,3,837676929
58,589,4,837677047
58,590,4,837676904
58,592,3,837676904
58,593,4,837676971
58,597,3,837677109
59,1,1,1216419372
59,26,2,1216419033
59,50,4,1216419376
59,65,1,1216418770
59,150,3.5,1216419320
59,296,5,1216419304
59,480,1.5,1216419329
59,608,4,1216419394
59,609,0.5,1216419058
59,688,0.5,1216419011
59,780,2,1216419311
59,898,3.5,1216418460
59,1015,0.5,1216418964
59,1196,4,1216419314
59,1270,4.5,1216419392
59,1888,3.5,1216419014
59,2109,2.5,1216418474
59,2125,3.5,1216418694
59,2301,3.5,1216418887
59,2496,4,1216418915
59,2762,2.5,1216419340
59,3168,1.5,1216418792
59,3264,2.5,1216418843
59,3578,3.5,1216419364
59,3996,4.5,1216419405
59,4226,4,1216419327
59,5952,4,1216419335
59,5956,3,1216418540
59,6296,3.5,1216419074
59,7361,3.5,1216419349
59,8636,2.5,1216419309
60,112,2.5,1136304271
60,153,2.5,1136306947
60,163,4,1136304313
60,165,4,1136306968
60,168,0.5,1136304366
60,180,4,1136307596
60,223,5,1136306133
60,315,1,1136304376
60,353,4.5,1136307603
60,466,4,1136304287
60,592,4.5,1136306931
60,714,5,1136307133
60,805,3.5,1136304453
60,891,4.5,1136305739
60,904,4.5,1136304297
60,1036,5,1136306958
60,1047,4,1136306631
60,1148,5,1136304459
60,1200,5,1136305554
60,1201,5,1136306214
60,1252,4,1136304311
60,1320,0.5,1136304382
60,1370,3.5,1136306966
60,1377,5,1136306936
60,1466,5,1136307179
60,1485,3.5,1136304263
60,1500,0.5,1136304260
60,1562,0.5,1136306950
60,1573,5,1136307170
60,1687,0.5,1136306684
60,1732,4,1136304280
60,1835,0.5,1136306908
60,1982,5,1136305720
60,1983,4,1136305746
60,1984,2.5,1136305743
60,1985,3,1136305757
60,1986,0.5,1136305753
60,2019,5,1136307115
60,2081,4,1136304445
60,2107,2,1136305729
60,2232,5,1136306998
60,2318,5,1136306115
60,2329,5,1136305976
60,2353,0.5,1136304363
60,2502,4,1136304292
60,2549,1,1136306477
60,2560,0.5,1136306646
60,2571,4.5,1136306198
60,2706,5,1136306981
60,3147,4.5,1136304318
60,3148,0.5,1136305569
60,3275,5,1136307057
60,3298,0.5,1136306297
60,3328,4.5,1136307145
60,3939,0.5,1136306758
60,3949,5,1136306099
60,3977,2.5,1136304442
60,3997,0.5,1136306384
60,4143,3,1136655604
60,4299,0.5,1136306040
60,4310,0.5,1136306596
60,4367,0.5,1136306471
60,4718,3.5,1136306984
60,4776,0.5,1136306860
60,4816,0.5,1136306879
60,4852,0.5,1136306278
60,4878,5,1136307180
60,4886,3,1136304323
60,4889,0.5,1136306519
60,4958,0.5,1136306265
60,4993,5,1136655434
60,5074,4,1136306127
60,5476,2.5,1136305732
60,5618,5,1136304620
60,5620,0.5,1136306786
60,5675,0.5,1136306805
60,5903,5,1136306160
60,5952,3.5,1136655454
60,6365,1.5,1136306174
60,6934,3,1136306182
60,6947,2.5,1136306481
60,7022,4,1136306089
60,7151,2,1136306607
60,7153,4,1136655470
60,7360,4,1136307545
60,7373,0.5,1136306506
60,7454,0.5,1136306840
60,7773,4,1136307540
60,8485,4.5,1136304597
60,8666,0.5,1136306308
60,8831,4,1136655565
60,8941,0.5,1136306663
60,8957,5,1136306319
60,27803,4,1136305048
60,27905,4,1136306150
60,31221,0.5,1136306399
60,31424,0.5,1136306232
60,31431,1,1136655612
60,33162,3,1136655358
60,33166,5,1136307091
60,33437,5,1136307066
60,33794,4.5,1136306942
60,34405,2.5,1136304570
60,39446,4,1136306330
60,41569,3,1136655416
61,198,0.5,1071875879
61,261,2.5,1071875859
61,342,2.5,1071875850
61,345,4.5,1071875876
61,471,3,1071875848
61,783,4.5,1071875874
61,785,2.5,1071875867
61,1035,3,1071875858
61,1250,3.5,1071875870
61,1372,5,1071875884
61,2012,4,1071875840
61,2054,3,1071875873
61,2268,4,1071875845
61,2712,1.5,1071875842
61,2804,3.5,1071875865
61,3751,1.5,1071875855
61,3897,2.5,1071875864
62,1,3,1095393662
62,2,2,1095394231
62,10,4,1095394054
62,19,4,1117834029
62,34,1,1095394042
62,47,4.5,1095394044
62,48,1,1095393459
62,50,4.5,1156725344
62,62,3.5,1095394153
62,104,4,1095396058
62,107,4,1117835323
62,111,4,1128521908
62,123,4.5,1157309685
62,150,4.5,1095393658
62,158,3.5,1099977767
62,180,4.5,1114361328
62,185,4.5,1095394089
62,223,4.5,1095394207
62,231,4,1095394057
62,260,4.5,1095393866
62,277,2.5,1099977783
62,296,5,1109561248
62,300,4,1095394133
62,316,4,1095394573
62,317,2,1095394570
62,329,4,1095394031
62,333,4,1117834814
62,344,4.5,1095393905
62,345,4,1095393498
62,364,3,1095394027
62,368,4,1109561643
62,377,4,1095393900
62,455,2,1117835144
62,457,4.5,1095393871
62,466,4,1095524832
62,480,4,1095393855
62,500,2.5,1095394558
62,505,3,1095462124
62,509,3,1179860313
62,520,4,1095467471
62,529,4,1095394563
62,539,3,1095474106
62,541,4,1184347971
62,586,2.5,1095394178
62,587,3,1095394084
62,588,2,1095393894
62,594,2,1117834335
62,595,2.5,1095474085
62,596,2,1095393477
62,599,4,1099976923
62,608,4,1119588185
62,609,3.5,1099977715
62,616,3,1099976909
62,648,4.5,1095393908
62,673,2.5,1095395252
62,733,4,1117834180
62,750,5,1109561628
62,780,4,1095393877
62,783,2,1179860634
62,849,3,1097433321
62,858,4,1117834182
62,912,4.5,1142620821
62,919,2.5,1095394215
62,923,4.5,1125262780
62,924,2.5,1095394210
62,945,4,1139526167
62,953,3,1095394535
62,1033,2,1099977704
62,1035,3,1099977718
62,1036,4.5,1097433285
62,1042,4,1109561990
62,1079,4,1095394254
62,1089,5,1117834323
62,1090,5,1120978836
62,1097,2.5,1099976694
62,1101,4.5,1095394527
62,1103,4,1095395186
62,1136,5,1095394200
62,1148,3,1095393489
62,1196,4,1095461357
62,1197,4.5,1179471766
62,1198,4.5,1095394050
62,1199,4.5,1127918583
62,1201,4.5,1126576688
62,1207,2.5,1095393464
62,1208,4.5,1121628028
62,1210,4.5,1095393889
62,1220,5,1099977363
62,1222,4.5,1134542445
62,1230,4.5,1129274706
62,1231,4.5,1117835080
62,1246,4,1095466844
62,1247,5,1132183365
62,1248,4,1139269943
62,1257,4,1121926747
62,1258,4,1117834411
62,1259,4.5,1109561381
62,1262,4,1095395166
62,1265,4.5,1095394163
62,1270,4,1095394047
62,1278,4,1117834536
62,1282,2.5,1095394493
62,1285,4,1100060917
62,1288,4,1117834510
62,1291,4,1095394196
62,1302,4,1095393472
62,1304,4,1095474502
62,1356,4,1095394191
62,1367,2,1095395153
62,1371,2.5,1095393532
62,1372,3.5,1117834729
62,1374,3.5,1095394474
62,1376,4,1095461472
62,1396,5,1095393461
62,1438,3.5,1179861354
62,1449,4.5,1117835513
62,1466,4,1128803720
62,1527,4,1095467610
62,1544,3.5,1095461401
62,1552,3,1183492124
62,1566,2.5,1095395135
62,1580,4,1095394116
62,1584,4,1095394517
62,1608,4,1095394478
62,1610,4,1120854531
62,1682,4,1095464130
62,1702,2,1095395119
62,1704,4.5,1095394244
62,1711,3.5,1095474715
62,1721,2.5,1095394149
62,1722,3.5,1099977658
62,1732,4.5,1095394452
62,1747,4.5,1140155499
62,1797,4.5,1120855453
62,1799,4,1123053837
62,1831,1.5,1095395116
62,1876,3,1099976675
62,1917,3.5,1117834402
62,1920,3,1095395105
62,1921,4.5,1157309695
62,1923,4,1179810394
62,1947,3.5,1099976821
62,1954,3,1095461475
62,1968,5,1117834314
62,2000,4.5,1095394464
62,2001,4.5,1099976657
62,2006,4,1095393508
62,2011,3.5,1099976665
62,2012,2,1095394456
62,2018,1.5,1109561790
62,2028,4.5,1095394086
62,2078,1.5,1117835161
62,2081,3,1099977640
62,2085,2,1117835376
62,2115,4.5,1095396029
62,2144,4.5,1120855176
62,2146,4,1099976866
62,2150,4,1145487734
62,2178,4.5,1145398280
62,2248,3.5,1135978343
62,2291,4,1135978214
62,2301,4,1095395069
62,2316,3.5,1099977125
62,2329,5,1122275246
62,2335,2.5,1095395062
62,2355,3.5,1095396036
62,2359,4,1095474718
62,2384,0.5,1095395056
62,2393,3,1095395044
62,2395,4.5,1179472691
62,2398,3,1099977625
62,2406,4,1095393719
62,2423,4.5,1117835652
62,2424,4,1117834990
62,2501,5,1095461561
62,2502,5,1095466895
62,2542,5,1120197131
62,2571,4,1095394108
62,2572,4.5,1099976828
62,2605,4,1117835152
62,2617,3.5,1117834541
62,2628,2,1095394165
62,2657,4.5,1095393486
62,2671,4,1117834828
62,2677,3.5,1109561749
62,2692,4.5,1148278882
62,2694,4.5,1117835103
62,2700,4.5,1152151079
62,2701,2,1095393555
62,2706,4.5,1117834345
62,2707,5,1095394810
62,2716,4.5,1120625422
62,2717,2.5,1099976786
62,2720,1.5,1095464066
62,2762,3.5,1095463614
62,2770,4,1117834860
62,2791,4.5,1095393675
62,2792,4,1095394797
62,2794,4,1095474972
62,2795,4,1095466888
62,2797,4.5,1095468481
62,2803,4,1109561725
62,2804,3,1095393470
62,2819,4.5,1140254816
62,2858,4.5,1095394062
62,2890,4.5,1095467059
62,2915,5,1095394794
62,2918,5,1095396025
62,2953,2,1095461538
62,2959,5,1095466893
62,3000,4.5,1156725389
62,3020,4.5,1124745805
62,3033,5,1095467488
62,3052,4.5,1095393517
62,3062,3.5,1095468547
62,3070,4.5,1099976798
62,3082,3.5,1120624763
62,3114,4,1095461361
62,3157,2.5,1095394752
62,3175,4,1117834596
62,3189,3.5,1095461867
62,3255,3.5,1099977615
62,3271,3.5,1095468175
62,3275,5,1095395305
62,3286,3,1109562188
62,3354,3.5,1099976760
62,3359,3,1121722283
62,3396,3.5,1100061008
62,3421,4.5,1095466919
62,3424,4,1179472609
62,3448,4.5,1109561330
62,3471,4,1095468555
62,3510,3.5,1095394716
62,3519,4,1121628047
62,3552,4,1100060999
62,3578,2.5,1095394248
62,3623,3.5,1095394425
62,3638,3,1120854516
62,3654,4,1095394691
62,3671,4,1099976789
62,3742,4,1142620955
62,3745,3.5,1117835678
62,3751,4,1095396179
62,3753,4.5,1117834099
62,3755,4,1109561659
62,3791,4,1109561681
62,3793,4.5,1095395436
62,3827,4,1095394696
62,3861,3,1095474938
62,3882,2.5,1099976781
62,3897,4.5,1095395486
62,3911,4,1095396193
62,3916,3.5,1095395380
62,3948,4.5,1095395512
62,3949,4.5,1134529549
62,3969,4.5,1095394699
62,3996,3.5,1095395533
62,3999,3.5,1095394684
62,4007,4.5,1142621570
62,4011,4.5,1095395496
62,4015,1.5,1179861033
62,4016,4,1095475851
62,4022,4,1095393453
62,4033,4,1095394676
62,4034,4,1095394429
62,4226,4,1121107701
62,4235,4.5,1132183377
62,4304,4,1095395711
62,4306,4,1095395349
62,4326,4.5,1095467240
62,4344,4,1095394636
62,4370,1,1095394653
62,4446,4,1095394629
62,4701,4,1095887434
62,4718,4,1095394634
62,4728,4.5,1109562119
62,4734,4.5,1135978305
62,4816,4,1149656963
62,4856,4,1120855465
62,4878,5,1109561351
62,4886,3.5,1095394639
62,4896,4,1099976770
62,4901,3.5,1095394648
62,4963,4,1095395415
62,4979,4.5,1183491629
62,4993,4,1095395406
62,5064,4.5,1095395359
62,5065,4,1095475871
62,5218,4.5,1095394619
62,5220,3,1095476057
62,5225,4.5,1179472695
62,5282,4.5,1095462498
62,5288,4.5,1120624684
62,5308,2,1099977028
62,5349,4.5,1095395403
62,5378,2.5,1095461522
62,5400,4,1120854896
62,5418,4,1095395452
62,5420,4,1095461759
62,5421,4.5,1095395314
62,5445,4,1095466840
62,5459,3.5,1095524862
62,5464,4,1095394610
62,5481,3.5,1095394606
62,5502,2.5,1095395476
62,5541,3.5,1095524829
62,5564,0.5,1120854837
62,5618,4.5,1109561360
62,5621,3.5,1099977226
62,5669,5,1095394617
62,5816,3.5,1095395412
62,5872,3.5,1099976723
62,5903,3.5,1095468717
62,5952,4,1095395386
62,5954,4.5,1183144742
62,5989,4,1095395408
62,6005,4,1095395390
62,6016,5,1125645877
62,6188,4.5,1095396127
62,6271,4.5,1138650304
62,6281,4.5,1122706507
62,6298,3.5,1099977419
62,6327,3.5,1184348211
62,6333,4.5,1095394598
62,6365,3,1095474080
62,6370,4.5,1095395717
62,6373,4,1179860619
62,6377,4.5,1095395371
62,6441,4,1097433346
62,6539,4.5,1095395353
62,6548,4,1123025906
62,6586,3.5,1120624699
62,6662,3,1095475297
62,6667,3.5,1156725449
62,6679,4,1120624616
62,6707,3.5,1095462332
62,6708,4,1135978035
62,6711,4,1095395723
62,6753,4.5,1095396152
62,6764,4.5,1095396187
62,6787,4.5,1131399190
62,6863,4,1095395535
62,6874,4.5,1095394604
62,6890,5,1109561449
62,6934,1.5,1095394613
62,6942,4,1114361300
62,6987,4,1127918606
62,7022,4.5,1121106527
62,7072,3.5,1140153539
62,7143,4,1095395374
62,7147,4.5,1095395308
62,7153,5,1095395357
62,7178,2.5,1095475162
62,7258,4,1095895637
62,7361,5,1095395493
62,7438,4.5,1095395456
62,7451,4,1179861151
62,7458,3.5,1095524795
62,7773,5,1121926741
62,7836,5,1179472589
62,7980,4,1095475521
62,8360,4.5,1095395346
62,8361,3.5,1179860382
62,8366,4.5,1097433272
62,8375,4,1122956807
62,8376,4.5,1109562094
62,8464,4.5,1149657015
62,8528,5,1120930350
62,8580,4,1097433411
62,8622,4.5,1095395704
62,8641,4.5,1120854846
62,8665,4,1127918675
62,8781,4.5,1109561416
62,8784,4.5,1095393823
62,8861,4,1120854635
62,8874,4,1109561323
62,8907,3.5,1179861915
62,8914,4.5,1120426830
62,8917,5,1120624803
62,8949,4,1120855049
62,8966,4.5,1135977946
62,8972,3.5,1121720810
62,9018,4.5,1179860231
62,25893,3,1142620694
62,26729,4,1181272419
62,27660,4,1156725248
62,27773,5,1134529564
62,27831,4.5,1179861792
62,27846,5,1149656951
62,27912,4,1121720884
62,30749,4.5,1179809789
62,30793,4.5,1179810329
62,30810,5,1179472711
62,31685,3.5,1121877099
62,32022,5,1121228262
62,32302,3.5,1120854748
62,32381,2.5,1117834053
62,33154,4.5,1179809662
62,33162,4,1120854815
62,33493,4,1117833804
62,33794,4.5,1127918660
62,34048,4.5,1121106620
62,34162,4.5,1121720800
62,34271,4,1122673356
62,34319,3.5,1122673336
62,34405,5,1128228794
62,34542,4,1183491772
62,35836,4.5,1136513644
62,36529,4.5,1179809728
62,36537,4,1149656979
62,37240,5,1152150848
62,38061,5,1156725365
62,39292,4,1131399217
62,40278,5,1147654105
62,40583,4.5,1135977977
62,41566,3.5,1136513680
62,41997,5,1179860301
62,44195,4,1179472270
62,44761,5,1179472277
62,44788,4.5,1183491560
62,45499,4.5,1179860581
62,45517,4,1179860852
62,45950,5,1152150741
62,46578,4.5,1179472263
62,46965,4,1157309739
62,47810,2,1199674841
62,47999,5,1179472443
62,48385,4.5,1179860479
62,48516,4.5,1179471518
62,48696,4.5,1183144752
62,48774,5,1179471585
62,51255,5,1179471511
62,52328,4,1199674931
62,53894,5,1183406544
62,54001,4,1184347931
62,54272,4,1190503175
62,54503,5,1199674861
62,55071,5,1205382953
62,55820,4.5,1205382935
62,56367,5,1199674751
62,66934,5,1256008753
62,68954,3.5,1256008749
63,1,3.5,1198546021
63,16,3,1198546563
63,19,0.5,1198546440
63,47,3.5,1198546157
63,50,4.5,1198545815
63,69,4,1198545232
63,110,3.5,1198545934
63,111,4.5,1198545795
63,150,3.5,1198545960
63,153,1,1198546175
63,160,1,1198546647
63,165,4.5,1198546151
63,223,2,1198546359
63,260,3,1198545775
63,293,4.5,1198546403
63,296,3.5,1198545715
63,318,4,1198545758
63,344,1,1198546136
63,356,2,1198545428
63,364,1.5,1198546181
63,367,2,1198546234
63,393,5,1198545356
63,413,3,1198545150
63,419,1.5,1198545199
63,457,3,1198545923
63,480,3.5,1198545913
63,527,3,1198546121
63,541,4.5,1198545479
63,551,4,1198546529
63,588,3,1198546128
63,589,4,1198546010
63,592,2,1198545946
63,593,3.5,1198545761
63,608,4,1198545547
63,637,1.5,1198545111
63,761,2.5,1198545212
63,778,4.5,1198546488
63,780,3.5,1198546036
63,858,4,1198545557
63,912,4,1198545484
63,923,4,1198545501
63,924,1.5,1198546394
63,1033,2,1198545274
63,1036,5,1198546294
63,1089,4,1198546400
63,1136,3,1198545642
63,1172,5,1198545491
63,1196,4,1198545777
63,1198,4,1198545727
63,1210,3.5,1198546124
63,1213,5,1198545566
63,1217,4,1198545730
63,1218,4,1198545590
63,1221,3.5,1198545560
63,1228,4.5,1198545723
63,1240,4,1198546245
63,1246,1,1198546546
63,1258,4,1198546505
63,1288,4.5,1198546703
63,1291,4,1198546288
63,1359,2,1198545308
63,1584,3.5,1198546453
63,1610,4,1198546412
63,1617,4,1198546279
63,1721,2,1198546240
63,1809,4,1198545551
63,1917,2,1198546459
63,2019,3.5,1198545752
63,2028,3.5,1198546190
63,2115,3.5,1198546535
63,2139,3.5,1198545226
63,2300,4,1198545143
63,2301,3.5,1198545252
63,2394,1.5,1198545139
63,2502,5,1198546616
63,2571,3,1198545635
63,2628,1,1198546275
63,2700,4.5,1198546586
63,2762,3,1198546213
63,2791,4,1198546571
63,2918,4,1198546497
63,2949,3,1198545121
63,2959,3.5,1198546320
63,3000,4,1198545713
63,3098,3.5,1198545182
63,3114,4,1198546446
63,3424,5,1198545152
63,3578,3,1198546325
63,3793,2,1198546389
63,3897,3,1198546574
63,3949,2.5,1198545737
63,3996,3.5,1198546356
63,4226,4.5,1198545638
63,4235,4,1198545455
63,4306,4,1198546330
63,4816,0.5,1198545163
63,4878,0.5,1198545512
63,4973,5,1198545461
63,4993,2,1198545605
63,5225,3.5,1198546972
63,5349,1,1198546621
63,5618,4.5,1198545782
63,5782,4,1198545719
63,5952,2,1198545612
63,6016,4,1198546945
63,7153,1.5,1198545607
63,7361,4,1198545540
63,8199,4,1198545812
63,8973,3,1198547049
63,44694,3.5,1198547041
63,48516,4.5,1198545509
63,55765,4,1198546065
63,55820,4,1198545649
64,32,3.5,1085069069
64,52,2,1085067519
64,95,3,1085080610
64,110,4,1085081459
64,224,3,1085080590
64,315,3.5,1085067498
64,342,3.5,1085067540
64,356,3.5,1085080541
64,480,4,1085081452
64,527,4,1085080566
64,541,4.5,1085069063
64,589,3.5,1085069161
64,593,4.5,1085081448
64,924,4,1085069149
64,955,2.5,1085080807
64,1013,4,1085080822
64,1080,3,1085067489
64,1094,4,1085080578
64,1097,4.5,1085069156
64,1131,3.5,1085080811
64,1199,2,1085067551
64,1231,3.5,1085080764
64,1233,3,1085067508
64,1234,4.5,1085067501
64,1235,4.5,1085080781
64,1240,4.5,1085069146
64,1246,4,1085067482
64,1258,4.5,1085080517
64,1263,2,1085080767
64,1270,3.5,1085069129
64,1441,4,1085080789
64,1580,4.5,1085080508
64,1653,3,1085067513
64,1682,3.5,1085080553
64,1957,3,1085080751
64,2011,2,1085067478
64,2115,3,1085080548
64,2291,4,1085067485
64,2470,4,1085080746
64,2716,4,1085080513
64,2762,3.5,1085080533
64,2804,4,1085067566
64,2950,2,1085080713
64,2968,4.5,1085080710
64,3101,3,1085080506
64,3108,3.5,1085080718
64,3251,4,1085081038
64,3296,4,1085081045
64,3408,3,1085067529
64,3471,4.5,1085067570
64,3551,4.5,1085080677
64,3683,4.5,1085080695
64,3701,3.5,1085080999
64,3751,4.5,1085081285
64,3753,3,1085080685
64,3967,4.5,1085080678
64,4022,3,1085067564
64,4027,3.5,1085081194
64,4062,4,1085080962
64,4308,4.5,1085080622
64,4848,4,1085080668
64,4973,4.5,1085081139
64,5299,4.5,1085081152
64,5445,4,1085069135
64,5572,2,1085081186
64,5991,4.5,1085081131
64,6218,3.5,1085081119
64,6378,4,1085080909
64,6502,3.5,1085069143
64,6539,3.5,1085081204
64,6711,4,1085081214
64,6870,4,1085080950
64,6979,3,1085069087
64,7149,4.5,1085081156
65,1,4,942435150
65,6,5,949117458
65,11,3,1041212620
65,21,3,949117523
65,24,3,987205487
65,32,5,942435151
65,34,4,1041212685
65,39,4,952656490
65,47,4,939602051
65,50,5,939601947
65,70,3,949117802
65,110,5,939601017
65,111,5,942435266
65,194,4,939602116
65,198,4,1013301263
65,223,5,939600859
65,260,5,939602051
65,288,3,949117775
65,293,5,1011581129
65,296,5,939554034
65,318,5,942435304
65,349,3,949117650
65,353,3,949117802
65,356,4,939554465
65,357,4,1041212805
65,367,4,1013301754
65,368,4,949117802
65,380,3,949117775
65,417,2,952656309
65,441,4,952656309
65,442,2,1013301588
65,457,5,949117458
65,474,3,949117490
65,475,4,944334422
65,480,4,949117553
65,493,3,1011581129
65,497,4,942434839
65,514,3,952656336
65,541,4,939554211
65,543,3,1041213406
65,549,3,1013300796
65,555,2,942435266
65,588,4,952656309
65,589,4,942435112
65,590,5,944334525
65,592,5,949117594
65,593,5,939601638
65,599,4,944334325
65,608,4,939601429
65,648,2,949118045
65,678,4,1023411324
65,750,5,939601017
65,778,4,939601017
65,780,3,1013301588
65,785,4,987205379
65,786,3,949118206
65,788,4,1013301804
65,858,5,939553183
65,903,5,939600718
65,904,5,944333982
65,908,4,939601017
65,910,3,1023410860
65,912,3,939601639
65,913,4,939554465
65,919,3,939601538
65,920,4,944334289
65,923,5,939554380
65,924,5,942435045
65,953,5,939602051
65,969,5,939554211
65,999,2,1011581716
65,1036,4,939601538
65,1060,5,939554465
65,1061,3,1011581209
65,1073,5,952656545
65,1079,4,944334489
65,1089,5,939600935
65,1097,4,939554380
65,1101,2,949117523
65,1136,5,944333982
65,1171,3,1041213106
65,1172,5,939600718
65,1188,2,1041212535
65,1193,5,939601018
65,1196,5,939600935
65,1197,4,939554464
65,1198,5,939600935
65,1199,3,942434990
65,1200,4,939554380
65,1201,5,944334023
65,1202,4,1029642441
65,1206,5,1013300879
65,1208,5,939554380
65,1209,5,939602052
65,1210,5,944334325
65,1212,4,939554211
65,1213,5,939554380
65,1214,5,949117280
65,1215,4,949117458
65,1217,2,941592333
65,1218,4,939601429
65,1220,2,941592242
65,1221,5,939553183
65,1222,5,949117419
65,1224,3,939601017
65,1225,5,941592333
65,1228,3,941592333
65,1230,3,939600935
65,1231,3,941592242
65,1234,5,939600718
65,1235,3,952656224
65,1240,5,939554122
65,1242,3,939601429
65,1244,4,1029642245
65,1245,4,944334146
65,1246,3,939601722
65,1247,5,1013300879
65,1248,3,939554585
65,1250,3,939600859
65,1252,3,939600718
65,1254,5,939554034
65,1258,5,941592242
65,1259,4,944334325
65,1261,5,949117458
65,1262,4,942435189
65,1263,5,944334525
65,1265,5,952655782
65,1266,5,944334458
65,1270,3,941592333
65,1273,5,941591999
65,1276,5,944334114
65,1278,3,942435227
65,1279,4,952656309
65,1283,3,939601947
65,1285,3,952656253
65,1288,5,941592084
65,1291,4,941592242
65,1293,4,941592333
65,1298,4,944334114
65,1304,5,949117280
65,1307,2,941592010
65,1356,4,1013301519
65,1357,3,939601947
65,1358,4,939601429
65,1374,4,949117490
65,1387,5,939554585
65,1394,3,939600859
65,1405,3,1041212620
65,1408,4,949117458
65,1449,4,944334570
65,1466,3,1011581209
65,1476,5,952656519
65,1480,3,949117650
65,1485,3,1041213406
65,1500,4,952656390
65,1527,4,949117553
65,1573,3,1013301499
65,1580,4,949117650
65,1584,3,1013301165
65,1587,4,949118045
65,1589,2,1011581716
65,1597,4,949117912
65,1608,3,949117775
65,1610,5,944334289
65,1614,3,1041213106
65,1617,4,939601832
65,1625,3,939602052
65,1633,4,944334525
65,1639,5,942435045
65,1641,4,1041212685
65,1653,4,1013301165
65,1676,3,949118206
65,1721,2,939601225
65,1729,5,939601017
65,1732,4,952656519
65,1747,4,952656336
65,1748,3,942434886
65,1769,4,949117594
65,1784,5,939601429
65,1883,4,952656309
65,1912,3,949117458
65,1921,4,1013301181
65,1923,5,942435227
65,1947,3,939600935
65,1953,4,949117280
65,1959,2,987205465
65,1961,3,941591999
65,1962,3,941592242
65,1965,3,952656390
65,1966,5,952656153
65,1968,4,952656490
65,2000,4,939601832
65,2006,3,949117650
65,2011,4,1013301499
65,2019,5,944334245
65,2021,3,1013301519
65,2023,4,939553183
65,2028,5,949117280
65,2054,4,1013301804
65,2064,3,941592084
65,2065,1,941591999
65,2100,3,1013301754
65,2108,3,1041213106
65,2109,3,952656437
65,2115,4,949117650
65,2135,4,939554585
65,2136,3,942434839
65,2137,4,939601225
65,2140,3,941592084
65,2150,4,941362756
65,2158,4,1011581129
65,2167,4,939601538
65,2174,3,952656253
65,2193,3,1013301777
65,2194,3,941592084
65,2231,3,939601638
65,2248,2,939601429
65,2268,4,944334368
65,2273,2,949117775
65,2278,4,949117650
65,2289,3,942435189
65,2291,3,939554465
65,2294,4,939554380
65,2302,2,942435266
65,2313,4,941362977
65,2324,5,952655837
65,2329,5,939601638
65,2347,3,949117553
65,2352,2,941592084
65,2355,4,942435266
65,2359,4,1041212535
65,2374,3,942435304
65,2384,4,952655946
65,2395,4,952656309
65,2396,5,939600216
65,2401,4,941591999
65,2403,5,949117682
65,2406,3,941592242
65,2407,3,939601722
65,2416,1,941592333
65,2455,4,1013301499
65,2463,3,952656545
65,2467,5,941592084
65,2490,4,939600216
65,2502,3,1041213106
65,2518,2,941592084
65,2527,2,1013301467
65,2528,2,942434839
65,2529,4,944334114
65,2571,4,939600216
65,2597,2,939600490
65,2617,3,939600360
65,2628,5,949118045
65,2640,5,949117553
65,2641,4,1013301499
65,2657,1,942434839
65,2664,2,1023410788
65,2683,5,944333766
65,2700,5,944333837
65,2706,5,987205013
65,2712,3,939552241
65,2716,2,939554585
65,2734,4,987205446
65,2746,2,941592161
65,2762,4,939552016
65,2770,3,939552138
65,2791,4,939601947
65,2795,5,952656336
65,2797,2,941592160
65,2804,5,952655445
65,2858,5,952655445
65,2872,4,949117458
65,2915,3,952656437
65,2916,4,949117490
65,2918,5,944334458
65,2919,2,941592161
65,2926,1,952656257
65,2944,4,949117419
65,2951,5,944334023
65,2968,4,1013301263
65,2985,3,949117523
65,2987,3,944334422
65,2997,4,1029642295
65,3006,3,1023411381
65,3037,4,1013300811
65,3039,3,952656224
65,3052,3,1041212805
65,3088,4,942435304
65,3101,4,944334289
65,3104,3,949117523
65,3108,2,1041212685
65,3113,3,987205331
65,3114,4,987205607
65,3147,4,1023410599
65,3175,4,987205276
65,3176,4,987205569
65,3201,5,1013300879
65,3210,5,952656253
65,3253,4,952656336
65,3260,2,1032227832
65,3266,5,949117458
65,3267,3,949117490
65,3269,3,1013301564
65,3362,4,952655758
65,3363,5,952655946
65,3396,4,952655782
65,3408,2,987205331
65,3424,4,952655758
65,3479,3,1013301754
65,3527,2,1013301263
65,3623,4,987205446
65,3671,3,1029642441
65,3698,2,1013301588
65,3700,2,1013301533
65,3702,5,1013301165
65,3703,4,1013301165
65,3704,2,1013301564
65,3751,3,1029642316
65,3770,3,1013301546
65,3793,3,1013301467
65,3911,5,1029642502
65,3949,4,1023410637
65,3988,4,1011578851
65,3994,5,1013301282
65,3996,4,1013300771
65,4105,4,1029642212
65,4226,4,1013300759
65,4306,5,1011578776
65,4327,3,1023410860
65,4361,3,1029642316
65,4368,3,1011578885
65,4370,4,1013301468
65,4443,3,1013301533
65,4452,4,1011578813
65,4467,3,1013301727
65,4523,3,1023411237
65,4564,3,1013301754
65,4591,3,1013301033
65,4639,3,1011578852
65,4643,2,1011578852
65,4886,5,1009758502
65,4973,4,1029642232
65,4993,5,1009758502
65,4995,3,1013300848
65,5027,3,1011581209
65,5060,4,1029642458
65,5435,4,1023411381
66,22,2,1064841575
66,333,3.5,1064841595
66,543,3.5,1064841585
66,596,2,1064841638
66,762,0.5,1064841647
66,785,4,1064841609
66,1242,4,1064841579
66,1485,4.5,1064841612
66,1732,0.5,1064841566
66,2081,2.5,1064841662
66,2100,3,1064841643
66,2302,3.5,1064841616
66,2763,3.5,1064841589
66,3751,0.5,1064841571
66,3897,4,1064841655
66,6541,3,1064841771
66,6595,4,1064841745
67,1,5,1296082962
67,50,4,1296083023
67,110,3,1296082938
67,150,3.5,1296082946
67,165,4,1296083129
67,261,4,1296082184
67,296,3.5,1296082913
67,318,4.5,1296082927
67,356,4,1296082917
67,364,5,1296083132
67,370,2.5,1296082098
67,377,1.5,1296083117
67,380,3,1296083012
67,457,5,1296082941
67,480,2,1296082924
67,527,5,1296083008
67,529,5,1296082189
67,588,5,1296083083
67,590,4.5,1296082974
67,592,3.5,1296082956
67,593,3,1296082921
67,780,4.5,1296082967
67,858,5,1296083124
67,902,3.5,1296082245
67,914,4.5,1296082249
67,1059,5,1296082253
67,1276,5,1296082175
67,1358,1,1296082129
67,1367,4,1296082468
67,1722,3.5,1296082140
67,2080,3.5,1296082258
67,2085,4.5,1296082494
67,2100,3,1296082150
67,2302,2.5,1296082076
67,2353,3,1296082082
67,2571,0.5,1296083020
67,2572,5,1296082451
67,2804,4,1296082145
67,2858,4.5,1296083029
67,3671,5,1296082197
67,3755,2.5,1296082241
67,5013,4,1296083284
67,5151,1,1296082726
67,5954,5,1296082610
67,6383,3,1296082565
67,6953,4,1296082588
67,7444,1.5,1296082528
67,35836,2,1296082730
67,51662,4,1296082649
67,54997,5,1296082718
67,56949,0.5,1296082614
67,58293,0.5,1296082458
67,68135,0.5,1296082545
67,69757,1.5,1296082420
67,72378,0.5,1296082582
68,1,4.5,1177084847
68,32,4.5,1177083604
68,34,5,1193862189
68,50,4,1177084086
68,89,4,1177087528
68,110,3.5,1177083408
68,150,4,1177084832
68,151,4.5,1177085825
68,168,2.5,1177086087
68,170,3,1177086622
68,172,2.5,1177086026
68,253,3.5,1177084983
68,260,4,1177082936
68,293,5,1177085240
68,296,4.5,1196093717
68,317,3,1177085371
68,318,4.5,1177084825
68,337,5,1177085353
68,339,3,1177085004
68,356,4,1177084793
68,440,4,1177085236
68,480,4.5,1177084820
68,500,2.5,1177084904
68,527,5,1177083252
68,529,3.5,1177086166
68,541,4.5,1177083936
68,589,4.5,1177084768
68,592,3.5,1177084165
68,593,5,1177084817
68,608,4,1177084861
68,671,5,1177086777
68,719,2.5,1177086477
68,736,3.5,1177084893
68,802,4,1177086022
68,919,4,1177083433
68,1079,3.5,1177085295
68,1080,4.5,1177083528
68,1089,4.5,1177085245
68,1103,2,1177082356
68,1136,5,1177083478
68,1175,3,1177084672
68,1196,4.5,1177082939
68,1197,5,1177084939
68,1198,5,1177083964
68,1200,5,1177084616
68,1204,5,1177086116
68,1206,3.5,1177085306
68,1210,4,1177082942
68,1213,3.5,1177083118
68,1214,4,1177084604
68,1215,4.5,1177086194
68,1224,4.5,1177087114
68,1230,4,1193256432
68,1233,4.5,1177084064
68,1243,5,1177087312
68,1246,5,1177085359
68,1258,4.5,1177085326
68,1259,4.5,1177085292
68,1265,5,1177084678
68,1266,5,1177085534
68,1270,4.5,1177084886
68,1275,3.5,1177086246
68,1277,5,1177082409
68,1291,4,1177083951
68,1356,4.5,1177084973
68,1359,2,1177087685
68,1373,2.5,1177082309
68,1374,4,1177085685
68,1377,2.5,1177084271
68,1387,4.5,1177085275
68,1391,3,1177085699
68,1393,4,1177085225
68,1408,4.5,1177086107
68,1409,3,1177086864
68,1411,5,1177086885
68,1517,4,1177084136
68,1527,3.5,1177085220
68,1573,1.5,1177904707
68,1580,3.5,1177084927
68,1610,4,1177085270
68,1653,4,1177082890
68,1676,4,1177085835
68,1682,4,1177085350
68,1704,3,1177085216
68,1721,4,1177084933
68,1747,4,1193256479
68,1748,3.5,1177086302
68,1777,3.5,1177086078
68,1779,2,1177086954
68,1784,5,1177085252
68,1923,3.5,1177083798
68,1954,3.5,1177086065
68,2003,4,1177086274
68,2004,1.5,1177087335
68,2011,3,1177904604
68,2022,3.5,1177087819
68,2028,4,1177083263
68,2115,3.5,1177083954
68,2140,4,1177086648
68,2143,4.5,1177087710
68,2193,3.5,1177086420
68,2232,4,1177087196
68,2296,2,1193256453
68,2324,4.5,1177085812
68,2340,4,1177087201
68,2403,3.5,1200936579
68,2467,5,1177087229
68,2468,2,1177082478
68,2470,4,1177086199
68,2502,5,1177085538
68,2571,4.5,1177082808
68,2598,2,1177082419
68,2628,3,1177082946
68,2683,3.5,1177084141
68,2692,4.5,1177085817
68,2700,4.5,1177085693
68,2710,4,1177085335
68,2716,5,1177085174
68,2761,4,1177086584
68,2762,5,1177083617
68,2804,4.5,1177086130
68,2826,3,1177086728
68,2858,5,1177084075
68,2890,4,1177086211
68,2916,4,1177085318
68,2918,4,1177085323
68,2959,4.5,1177085185
68,2987,3.5,1177085257
68,2997,3.5,1177085208
68,3052,2.5,1177086002
68,3081,4,1177086169
68,3114,4.5,1177085282
68,3160,4.5,1177086266
68,3175,4,1177086097
68,3176,4,1177086053
68,3243,1.5,1177083675
68,3249,3,1177082533
68,3275,3.5,1177087406
68,3300,3,1177086837
68,3461,4,1177088004
68,3526,2,1177082371
68,3578,4.5,1177085192
68,3697,2,1177082393
68,3702,2,1206977944
68,3740,4.5,1177087284
68,3745,4,1177087109
68,3751,4.5,1177085785
68,3793,4,1177084525
68,3868,5,1177085475
68,3911,4,1177086378
68,3948,4,1177083065
68,3994,3.5,1177086192
68,3996,5,1177082673
68,4006,2.5,1177082553
68,4014,3.5,1177086423
68,4019,3.5,1177086992
68,4027,4,1177083806
68,4121,3.5,1177082504
68,4226,5,1177085356
68,4246,3,1177086306
68,4262,2.5,1177083131
68,4306,4,1177085201
68,4370,3.5,1177086443
68,4446,4,1177086943
68,4638,3,1177086932
68,4641,4,1177087092
68,4643,2.5,1177086637
68,4720,4,1177083466
68,4878,4.5,1177086342
68,4886,4.5,1177085705
68,4896,4.5,1177086162
68,4963,4.5,1177084099
68,4973,5,1177083240
68,4993,5,1177082701
68,5010,3.5,1177086531
68,5047,4,1177472113
68,5064,3.5,1177087418
68,5349,4,1177084503
68,5378,3,1177082952
68,5418,4.5,1177086233
68,5445,4,1177083918
68,5502,2.5,1177086514
68,5618,5,1177083355
68,5679,5,1177086601
68,5816,4.5,1177086330
68,5903,3.5,1177083076
68,5944,3,1177087926
68,5952,4.5,1177082708
68,6365,3,1177082818
68,6377,4.5,1177086010
68,6502,3.5,1177083908
68,6537,3.5,1177084772
68,6539,4,1177085803
68,6618,4.5,1177083729
68,6711,5,1177083274
68,6754,3,1177087970
68,6755,4,1177472166
68,6934,3.5,1177082816
68,6936,3.5,1177087769
68,6947,4.5,1177087029
68,7087,4,1200936519
68,7090,3.5,1177087076
68,7143,4,1177086711
68,7147,4.5,1177086590
68,7153,4.5,1177082705
68,7254,3.5,1177087280
68,7293,3,1188227924
68,7361,4.5,1177086288
68,7373,3.5,1177087620
68,7458,3.5,1177087490
68,7624,2.5,1177083632
68,8360,4,1177086382
68,8368,4.5,1177086579
68,8376,4.5,1177082455
68,8636,3.5,1177084505
68,8644,3,1177087130
68,8665,3.5,1177086695
68,8810,2.5,1177084611
68,8865,3,1177088150
68,8874,4,1177087176
68,8917,4,1177087881
68,8961,5,1177086283
68,30793,3.5,1177087541
68,31878,3.5,1177088103
68,32587,3.5,1177086769
68,33004,4,1177082497
68,33493,3.5,1177082956
68,33794,4,1177084169
68,34405,4.5,1177087869
68,37741,4.5,1188227908
68,38038,4.5,1177088055
68,39292,4.5,1188418348
68,40815,5,1177087402
68,41566,3.5,1177087674
68,41569,3.5,1177087740
68,44191,4,1177087383
68,45499,3,1177084528
68,47997,3,1177356709
68,48394,4.5,1177082789
68,48780,4.5,1177083686
68,51662,4,1188228026
68,52328,4.5,1200936484
68,53996,3.5,1188227987
68,54001,4.5,1188227971
68,55820,3.5,1200936469
68,56145,3,1196093697
68,57368,5,1200936504
69,50,5,949103107
69,223,1,949102910
69,233,5,949102949
69,293,5,949103149
69,608,5,949103107
69,1089,5,949103119
69,1093,2,949102929
69,1094,5,949102760
69,1179,5,949103107
69,1611,4,949102778
69,1617,5,949103107
69,1693,3,949102730
69,1968,4,949102730
69,2188,5,949102883
69,2318,4,949102960
69,2333,4,949102949
69,2336,4,949102929
69,2391,4,949103149
69,2395,4,949103015
69,2396,5,949103015
69,2580,5,949102949
69,2598,4,949102990
69,2599,5,949102929
69,2692,3,949103015
69,2702,3,949103035
69,2707,4,949102883
69,2762,4,949103015
69,2858,5,949102883
69,2915,3,949102807
69,2973,5,949103201
69,2997,3,949102897
70,147,4.5,1414243855
70,531,0.5,1414243696
70,3554,5,1414244545
70,3646,3,1414244000
70,4054,5,1414243936
70,4889,3,1414244208
70,5505,3,1414244158
70,5572,4,1414244234
70,5618,5,1414244840
70,27821,3,1414244219
70,31433,3.5,1414244747
70,44709,5,1414244606
70,49824,5,1414244632
70,49910,5,1414244739
70,55830,3,1414244467
70,73015,4,1414244727
70,97938,4,1414244263
71,32,4,1272162916
71,170,3.5,1272162543
71,273,2.5,1272162546
71,319,4,1272162595
71,524,2,1272162549
71,719,2,1272162494
71,1373,4,1272162566
71,1479,3,1272162490
71,1513,3.5,1272162481
71,1527,4.5,1272162826
71,1663,3.5,1272162483
71,1680,3.5,1272162579
71,2072,1.5,1272162876
71,2352,2,1272162582
71,2490,4,1272162485
71,2915,2.5,1272162492
71,2948,4,1272162584
71,2949,4,1272162587
71,3108,2.5,1272162561
71,3252,3.5,1272162590
71,3703,4,1272162487
71,4321,3.5,1272162592
71,8169,1,1272162874
71,49284,3.5,1272162889
72,58,5,834073380
72,111,4,834073406
72,150,3,834067801
72,247,5,834073683
72,265,5,834073628
72,296,4,834067801
72,457,3,834073340
72,497,5,834073406
72,527,5,834073280
72,590,5,834067801
72,592,3,834067800
72,593,4,834073280
73,50,5,938733754
73,111,5,938733754
73,190,3,938733676
73,211,3,938733676
73,501,4,938733676
73,527,5,938733755
73,593,5,938733676
73,1089,4,938733754
73,1147,4,938733755
73,1148,4,938733755
73,1704,5,938733754
73,2028,5,938733754
73,2333,5,938733754
73,2563,3,938733676
73,2700,4,938733329
73,2710,2,938733412
73,2712,3,938733493
73,2762,4,938733329
73,2763,3,938733329
73,2841,4,938733464
73,2858,5,938733329
74,1,5,862777274
74,2,4,862778514
74,13,3,862781951
74,34,3,862778514
74,48,3,862778696
74,111,3,862779372
74,141,3,862777280
74,146,3,862778779
74,151,4,862780047
74,153,3,862779732
74,158,4,862778644
74,168,3,862779670
74,169,3,862778812
74,175,2,862780560
74,181,3,862778845
74,186,4,862781460
74,212,3,862781409
74,239,3,862778696
74,256,3,862781017
74,260,5,862777315
74,262,4,862778600
74,282,4,862779934
74,296,3,862779395
74,313,3,862778740
74,317,3,862778555
74,339,4,862780683
74,344,1,862781527
74,349,3,862779670
74,355,3,862778779
74,356,4,862779876
74,362,5,862778600
74,364,4,862778517
74,367,3,862781123
74,376,3,862777351
74,377,4,862779563
74,380,4,862779563
74,434,3,862779530
74,455,3,862778740
74,457,4,862778983
74,480,4,862778512
74,500,3,862778515
74,531,3,862778554
74,541,4,862779584
74,551,3,862778644
74,558,3,862778877
74,585,3,862778845
74,586,3,862778515
74,587,5,862779963
74,588,5,862778600
74,589,5,862779504
74,592,3,862779621
74,594,4,862778516
74,595,5,862778555
74,596,4,862778555
74,597,4,862781602
74,648,2,862777275
74,661,3,862777391
74,673,3,862777485
74,709,3,862778600
74,711,3,862777485
74,719,3,862777419
74,736,3,862777274
74,780,4,862777270
74,788,2,862777352
74,802,4,862777390
74,810,3,862777571
74,828,3,862777671
74,837,3,862777624
74,888,3,862778877
74,904,3,862778983
74,921,3,862780772
74,924,4,862779934
74,1010,3,862778845
74,1011,3,862778877
74,1015,5,862778740
74,1017,4,862778779
74,1019,3,862778740
74,1020,3,862778696
74,1022,4,862778643
74,1023,4,862778644
74,1025,3,862778740
74,1028,3,862778600
74,1029,4,862778644
74,1032,3,862778740
74,1033,3,862778812
74,1035,5,862778516
74,1036,4,862779504
74,1073,4,862777315
74,1077,3,862780772
74,1079,3,862780738
74,1080,3,862781017
74,1081,3,862780772
74,1097,4,862778554
74,1101,3,862779563
74,1127,3,862779030
74,1129,3,862779030
74,1135,3,862780992
74,1136,5,862780714
74,1194,3,862781274
74,1196,5,862778555
74,1197,5,862778696
74,1198,5,862778600
74,1200,5,862778983
74,1208,3,862780102
74,1210,5,862777419
74,1214,3,862778983
74,1220,3,862780772
74,1230,4,862781038
74,1234,4,862780738
74,1238,3,862780972
74,1240,5,862779504
74,1247,4,862780076
74,1253,3,862779901
74,1259,3,862780076
74,1263,3,862780195
74,1265,5,862780772
74,1270,5,862780683
74,1276,3,862780025
74,1278,4,862780714
74,1282,4,862778812
74,1283,3,862779934
74,1287,5,862779505
74,1291,3,862779504
74,1301,3,862779934
74,1302,3,862780004
74,1304,4,862779584
74,1321,3,862781787
74,1333,3,862779030
74,1334,3,862781815
74,1340,3,862781787
74,1343,3,862779340
74,1345,3,862781815
74,1347,3,862781842
74,1367,3,862777485
74,1370,4,862779060
74,1371,3,862779060
74,1374,4,862778983
74,1375,3,862779030
74,1376,5,862778983
74,1380,3,862780794
74,1387,4,862779084
74,1393,3,862777446
74,1395,3,862781215
75,1,4,1185734791
75,47,3.5,1185734845
75,50,4,1185734824
75,110,0.5,1185734762
75,150,3.5,1185734768
75,231,3.5,1185735080
75,260,3.5,1185735004
75,296,4.5,1185734713
75,344,3,1185734821
75,356,3,1185734991
75,434,2.5,1185735124
75,457,4,1185734733
75,480,3,1185734729
75,500,3.5,1185735076
75,593,4,1185734720
75,648,3,1185734829
75,780,3.5,1185734782
75,858,5,1185735347
75,1015,3.5,1185733215
75,1136,4,1185735712
75,1198,4,1185734837
75,1213,3.5,1185735684
75,1270,4,1185735257
75,1291,4,1185735414
75,1393,3,1185735708
75,1580,4,1185735249
75,1610,4,1185735738
75,1917,2,1185735499
75,2023,4.5,1185732890
75,2060,2,1185734425
75,2105,5,1185732930
75,2115,4,1185735550
75,2278,3,1185732919
75,2329,5,1185732750
75,2353,2,1185732761
75,2384,3,1185733087
75,2502,3.5,1185735687
75,2571,5,1185734000
75,2762,4,1185735111
75,2959,5,1185735310
75,3147,4,1185735728
75,3623,0.5,1185735436
75,3751,5,1185735672
75,3861,2,1185733498
75,3948,4.5,1185732793
75,3949,5,1185736044
75,3996,5,1185735598
75,4878,5,1185735643
75,4995,4.5,1185735505
75,5025,2,1185733577
75,5418,4,1185732811
75,5445,4.5,1185735377
75,5502,2,1185735734
75,5679,4,1185735766
75,5952,4,1185735335
75,6502,5,1185735812
75,6874,5,1185735294
75,7143,4,1185735606
75,7147,5,1185735774
75,7438,5,1185735652
75,8636,3.5,1185735305
75,8781,4,1185733592
75,8874,4,1185735769
75,33166,5,1185735617
75,33679,2.5,1185733200
75,45722,4,1185735332
75,48304,0.5,1185734521
75,48326,0.5,1185735851
75,48516,4,1185735513
75,51935,1.5,1185734544
76,1,3.5,1322344481
76,19,1.5,1322343284
76,150,4,1322343568
76,260,5,1322344151
76,318,4.5,1322343480
76,344,2,1322343282
76,356,4,1322343702
76,480,5,1322344990
76,527,3.5,1322343475
76,553,5,1322344372
76,588,3.5,1322344977
76,593,3.5,1322343860
76,778,1,1322343891
76,919,3.5,1322343908
76,924,2,1322343112
76,1020,2.5,1322342477
76,1042,1.5,1322342420
76,1073,3,1322343995
76,1136,4.5,1322344386
76,1193,3.5,1322343826
76,1196,5,1322344142
76,1197,5,1322343843
76,1198,4,1322344247
76,1203,3.5,1322343069
76,1210,5,1322344469
76,1222,3.5,1322343706
76,1258,3.5,1322343857
76,1262,3.5,1322344207
76,1267,4,1322343793
76,1270,3,1322343611
76,1271,3.5,1322343593
76,1276,1.5,1322344257
76,1556,0.5,1322342503
76,2085,3.5,1322343055
76,2124,3,1322343320
76,2141,4,1322344405
76,2142,2,1322344408
76,2161,4,1322344046
76,2297,4,1322342545
76,2329,2,1322344219
76,2413,5,1322344363
76,2501,3.5,1322342455
76,2571,3,1322344148
76,2716,3,1322344958
76,2746,4,1322342432
76,2747,4,1322342598
76,2804,4,1322343655
76,2816,0.5,1322342835
76,2959,4.5,1322343697
76,3114,3,1322344489
76,3147,3,1322343729
76,3256,3,1322342425
76,3271,3,1322343821
76,3811,3,1322342718
76,3831,3.5,1322342737
76,4226,3,1322344230
76,4896,3.5,1322344006
76,4993,3.5,1322343783
76,4995,3,1322343618
76,5265,1,1322342704
76,5377,2.5,1322343259
76,5418,2.5,1322343626
76,5816,3.5,1322344025
76,5952,3.5,1322343788
76,5989,3,1322343586
76,6377,4,1322344485
76,6502,1,1322343133
76,6887,2,1322342892
76,7153,3.5,1322343786
76,8337,2.5,1322343645
76,8665,2,1322343629
76,8781,2.5,1322344031
76,8961,3,1322344937
76,8970,4.5,1322345355
76,33004,3.5,1322344011
76,35836,3,1322343174
76,39183,2,1322343641
76,41566,3.5,1322343936
76,44195,3,1322343876
76,45720,3,1322344097
76,47640,2,1322342917
76,48738,4,1322343769
76,52435,4,1322343743
76,53953,2.5,1322343089
76,54286,2,1322343631
76,55247,4,1322343759
76,55820,1.5,1322343814
76,56607,4.5,1322343574
76,56782,2.5,1322343879
76,58559,3.5,1322344262
76,63992,3,1322344294
76,66097,1.5,1322343669
76,68954,5,1322344926
76,70599,4,1322343968
76,71264,1,1322343555
76,72407,3,1322344316
76,74789,3.5,1322343948
76,76093,3.5,1322343745
76,78772,3,1322344297
76,79091,3,1322342842
76,79132,5,1322344138
76,81562,4,1322343074
76,81834,4,1322343733
76,88125,4,1322343562
76,91104,2.5,1322344306
77,24,4,956333342
77,43,4,956333376
77,223,4,956333107
77,541,5,956333532
77,608,5,956333466
77,902,4,956332902
77,913,5,956333267
77,930,5,956333570
77,1193,5,956332930
77,1284,5,956333532
77,1391,3,956332902
77,1513,3,956333376
77,1617,4,956333570
77,1748,4,956333591
77,1884,5,956333496
77,1911,4,956333153
77,1959,5,956333305
77,2184,5,956332902
77,2203,4,956333570
77,2336,5,956333182
77,2355,5,956333107
77,2394,3,956333342
77,2395,5,956333409
77,2396,5,956333409
77,2574,3,956333305
77,2598,4,956333376
77,2686,5,956333376
77,2688,4,956333214
77,2690,5,956333231
77,2700,4,956333409
77,2710,2,956333079
77,2712,5,956333214
77,2716,5,956333214
77,2722,2,956333153
77,2734,5,956333305
77,2757,4,956333214
77,2762,5,956333409
77,2901,4,956333342
77,2946,5,956332930
77,2987,5,956333446
77,3081,4,956333409
77,3113,3,956333182
77,3203,3,956333153
77,3219,3,956333305
77,3362,5,956333632
78,1183,2,884272097
78,1584,2,884272978
78,1586,2,884273210
78,1588,3,884273025
78,1608,3,884272097
78,1616,4,884273254
78,1617,2,884272978
78,1633,1,884272280
78,1641,3,884272163
78,1645,2,884272163
78,1676,4,884273474
78,1687,3,884273474
78,1689,4,884273210
79,32,1.5,1483666940
79,34,1,1483666877
79,94,3,1484868261
79,111,0.5,1483403195
79,215,4.5,1483659225
79,223,3.5,1483575895
79,339,2.5,1483666867
79,357,3.5,1483666730
79,597,3.5,1483578002
79,745,3.5,1483552730
79,899,4.5,1486497277
79,901,3.5,1483576925
79,908,3.5,1487182885
79,910,4,1486673783
79,1028,3.5,1485715592
79,1035,4,1486317569
79,1057,3.5,1483577166
79,1060,5,1483285971
79,1073,3.5,1483666882
79,1078,3.5,1487182645
79,1136,3,1483455917
79,1148,4,1483549678
79,1197,4,1483286399
79,1206,3,1486673158
79,1230,4,1483354714
79,1244,3.5,1483355059
79,1246,2,1483578498
79,1247,3,1486673288
79,1256,3.5,1486673911
79,1265,3.5,1483578266
79,1273,4,1485715700
79,1290,3,1483576565
79,1307,4,1483577990
79,1380,3,1487182628
79,1674,1,1483666744
79,1732,4,1483354958
79,1784,3,1483577326
79,1954,2,1483667284
79,1968,3.5,1483577835
79,2065,4,1483354735
79,2100,4,1483659755
79,2144,3,1487182543
79,2145,3.5,1483576567
79,2248,3.5,1486673820
79,2291,3,1483575869
79,2302,2.5,1483666539
79,2395,3.5,1483403157
79,2424,3.5,1483577712
79,2572,2.5,1483576609
79,2657,3,1483575855
79,2671,4,1483666643
79,2746,3.5,1483576945
79,2762,1,1483286399
79,2797,4,1483577559
79,2918,3.5,1483578350
79,2997,2,1483355856
79,3147,1,1483286401
79,3317,3,1486673648
79,3429,3.5,1487182615
79,3481,5,1483354369
79,3556,1,1483549714
79,3578,0.5,1483353336
79,3793,1,1483577442
79,3897,4,1483552301
79,3911,4,1483552124
79,3967,2,1485715202
79,4018,3,1485017684
79,4027,4,1483402988
79,4091,3.5,1483576544
79,4226,1.5,1483353340
79,4306,2.5,1483353338
79,4361,3,1483721113
79,4641,3,1483403151
79,4816,2,1483552463
79,4823,3.5,1483577723
79,4886,4,1483353358
79,4896,2.5,1487183950
79,4963,1.5,1486497414
79,4973,4,1487184153
79,4979,4,1483354454
79,4993,1,1483353340
79,4995,2,1486497418
79,5308,4,1486674189
79,5349,2,1483577448
79,5377,3.5,1483575915
79,5378,2,1486497447
79,5445,1,1486497412
79,5508,4,1483659265
79,5618,4,1483303690
79,5902,3.5,1483354945
79,5952,1.5,1483353336
79,5971,3,1485715707
79,6377,2.5,1483287447
79,6440,2.5,1483552844
79,6539,2.5,1483353363
79,6711,4,1483354450
79,6874,1,1486497411
79,6936,4.5,1483578056
79,7153,1.5,1483353336
79,7361,5,1483286200
79,7451,3,1483303697
79,8533,1.5,1483355763
79,8638,4,1483659222
79,8784,3.5,1486673193
79,8910,3.5,1483552841
79,8948,4,1483354337
79,8961,4,1483353368
79,26662,2.5,1485715706
79,27904,2,1486317566
79,31658,2,1483356078
79,32840,3.5,1487182506
79,33794,2,1486497420
79,34405,1.5,1483286416
79,36525,3,1483403217
79,38038,4,1483455804
79,40629,2,1485715711
79,40819,2.5,1483552601
79,41285,3.5,1487182889
79,44191,2.5,1487183477
79,44195,3,1486673720
79,46578,2.5,1483552737
79,46972,1.5,1483287457
79,48082,4.5,1483578064
79,48774,1,1483575706
79,49286,3.5,1483354611
79,50685,4,1483576461
79,51694,5,1483286059
79,52973,2.5,1483550036
79,53123,3.5,1483578359
79,53125,3.5,1483287469
79,53189,3.5,1487008388
79,53769,5,1483353269
79,55269,4,1483552734
79,56174,0.5,1483287455
79,56286,3,1486674334
79,56367,3.5,1483354568
79,58047,3.5,1483403186
79,58559,2,1483353356
79,58998,3,1483550030
79,60069,4,1483660114
79,60950,3.5,1487182893
79,63082,1.5,1483303688
79,64969,4,1483549999
79,65188,0.5,1485715586
79,66097,3,1483355771
79,66203,2,1483403210
79,67087,2.5,1483550048
79,67734,1.5,1483355944
79,68954,3.5,1483660093
79,69757,5,1483286132
79,70567,3.5,1483576489
79,70599,1.5,1483559011
79,71033,1,1483667287
79,71579,3.5,1483354601
79,71899,4,1485715367
79,72011,4,1483287388
79,72226,3.5,1483354983
79,74416,1.5,1486674098
79,79132,0.5,1483353362
79,79242,2.5,1487182572
79,79702,3,1483287384
79,80549,3,1483287402
79,80553,4,1486674299
79,80693,2,1486315556
79,81564,2,1483287465
79,81847,3,1483403291
79,81932,1.5,1483402997
79,84954,1,1483287402
79,85179,1.5,1486315560
79,86882,5,1483286168
79,87234,3.5,1483575944
79,87405,2.5,1487182656
79,88163,3.5,1483353448
79,89804,2,1483403001
79,89864,4,1483286412
79,89904,4,1483354580
79,90866,3.5,1483353475
79,91077,2.5,1483403166
79,93510,1.5,1483287394
79,94817,3,1486673321
79,94931,2,1487008294
79,94959,4.5,1483303684
79,95201,3.5,1483354700
79,95488,3.5,1483355155
79,95873,4,1483575904
79,96821,3.5,1483355269
79,97921,3,1483314828
79,98491,4,1483354559
79,99007,2,1487184220
79,100714,3.5,1483355087
79,102407,3,1487182604
79,102903,2.5,1483287378
79,102993,2,1483287460
79,103539,3.5,1483355245
79,103980,3,1487182633
79,104374,5,1483286154
79,104944,0.5,1485715589
79,105211,3,1483659239
79,106441,1.5,1485715212
79,106766,3.5,1486674307
79,106918,3,1483403828
79,106920,3,1483353445
79,109374,3,1483552744
79,110718,3.5,1483578382
79,112556,0.5,1483286410
79,112804,1,1483667267
79,113225,3,1483354726
79,114494,0.5,1483721117
79,115122,5,1483286243
79,115617,2,1483404568
79,117176,2.5,1483356325
79,134853,3.5,1483353443
79,152017,1,1483575764
79,156387,3.5,1483575729
79,159717,2,1485715223
79,163959,1.5,1487182483
79,164606,1,1487008743
79,164909,4,1483577511
80,1,5,832629052
80,10,5,832629052
80,19,3,832629210
80,21,3,832629089
80,32,4,832629104
80,39,3,832629210
80,47,4,832629104
80,50,5,832629210
80,110,5,832629089
80,150,3,832628990
80,153,3,832629024
80,161,4,832629052
80,165,4,832629024
80,185,4,832629066
80,208,3,832629066
80,225,3,832629088
80,231,4,832629038
80,266,4,832629104
80,282,4,835978266
80,288,3,832629089
80,292,4,832629066
80,296,5,832628990
80,300,4,832629066
80,316,3,832629038
80,317,3,835978225
80,318,5,832629038
80,329,3,832629038
80,339,5,832629052
80,344,4,832629024
80,349,3,832629024
80,356,5,835978225
80,364,5,835978225
80,367,3,835978249
80,380,3,832628990
80,410,3,832629089
80,420,4,832629210
80,434,5,832629052
80,454,4,835978225
80,457,5,835978208
80,480,4,835978249
80,589,4,835978266
80,590,4,832628990
80,592,4,832628990
80,593,4,835978208
80,595,3,832629038
81,260,5,1144384885
81,553,3.5,1144384642
81,1196,5,1144384874
81,1210,5,1144384866
81,1225,4,1144384627
81,1307,4.5,1144384589
81,1358,4,1144384679
81,1517,4,1144384603
81,1584,3,1144384607
81,1676,4,1144384690
81,1923,4.5,1144384592
81,2329,5,1144384725
81,2640,4.5,1144384658
81,2683,4,1144384575
81,4306,4,1144384583
81,4993,4,1144384580
81,5378,4,1144384853
81,5445,3.5,1144384668
81,5952,4,1144384622
81,6365,5,1144384836
81,6934,5,1144384845
81,33493,5,1144384860
81,44191,5,1144384761
82,1,3,1438024572
82,32,4.5,1494958331
82,47,3,1438024522
82,110,4,1438024484
82,153,2,1494958341
82,208,4.5,1438024593
82,260,3,1494958315
82,356,3,1451405287
82,480,4.5,1494958294
82,589,2,1494958303
82,733,3,1438024585
82,780,4,1438024490
82,1127,3,1494958417
82,1183,3,1448048567
82,1216,5,1468516707
82,1240,1.5,1494958341
82,1246,5,1466860507
82,1517,1,1448048529
82,1527,4,1494958354
82,1544,3.5,1438024690
82,1580,4,1494958333
82,1584,4.5,1438190026
82,1645,5,1459032878
82,1653,4.5,1438024628
82,1682,5,1438024599
82,1704,5,1438024588
82,1721,4,1438024582
82,1726,5,1460241603
82,1779,2.5,1494958069
82,1784,4,1438024618
82,1876,3,1484947856
82,1917,4,1448048533
82,2023,5,1460241489
82,2028,5,1438024578
82,2324,5,1438190010
82,2340,4.5,1460241500
82,2355,4,1438024621
82,2431,5,1459032888
82,2571,5,1438190003
82,2671,5,1448048798
82,2762,3,1438190016
82,3147,4.5,1438190009
82,3156,4.5,1459032885
82,3252,5,1451405272
82,3285,3,1460241567
82,3578,5,1438188007
82,3753,4,1438188084
82,3793,2,1438188014
82,3948,4.5,1448048633
82,3949,3,1438188066
82,3967,4,1448048875
82,3969,5,1451405265
82,4014,3.5,1438189945
82,4016,4,1448049013
82,4018,4,1448048735
82,4022,3.5,1438188042
82,4223,4,1448048910
82,4226,3,1438188015
82,4306,4.5,1448048602
82,4344,4,1448049003
82,4643,4,1448048732
82,4873,4.5,1460241570
82,4874,5,1448048478
82,4880,5,1466857209
82,4963,3.5,1438188028
82,4973,4,1438188023
82,4993,4.5,1438188004
82,4995,4.5,1438188034
82,5014,4,1451405280
82,5218,4.5,1438188107
82,5349,2,1438188031
82,5378,4,1448048628
82,5445,4,1438024738
82,5459,2,1438024836
82,5502,1.5,1438189937
82,5952,4,1438024731
82,6365,5,1438024752
82,6373,4,1448048701
82,6377,4.5,1438188025
82,6502,3.5,1438188104
82,6711,4,1438024761
82,6874,2.5,1438188038
82,6934,5,1438188090
82,6942,4.5,1448048729
82,7143,2.5,1448048497
82,7153,4.5,1438024732
82,7293,4,1448048942
82,7361,2.5,1438024742
82,7458,4,1448048945
82,8368,1,1438188074
82,8533,5,1450639103
82,8622,4,1448048872
82,8644,4,1438024831
82,8957,3,1448048997
82,8961,1,1438024749
82,8970,5,1448048934
82,8984,4,1448048951
82,30707,2.5,1438189953
82,31685,4.5,1448048845
82,33004,1,1468516742
82,33493,4,1438188100
82,33679,3.5,1448048896
82,34162,5,1448048898
82,35836,2,1438189935
82,39183,3,1448049004
82,40815,2,1438189941
82,44191,4.5,1438024768
82,44555,2.5,1438190055
82,45447,3.5,1468516746
82,45499,2,1438190044
82,47099,5,1450639109
82,47610,5,1438190037
82,48385,0.5,1448048884
82,48774,4,1438189958
82,48780,4.5,1438024804
82,49286,4.5,1448048796
82,51662,3.5,1438024815
82,54001,1,1438190051
82,54286,4,1438024811
82,55247,5,1448048487
82,55820,4,1438024822
82,55908,5,1468516671
82,56174,4,1450639136
82,56587,5,1468516631
82,56941,4.5,1468516690
82,58559,4,1438188036
82,59315,1.5,1448048675
82,68157,2.5,1438024829
82,69757,4.5,1448048913
82,70286,2,1448048704
82,72378,1,1459032918
82,72998,5,1438024819
82,73321,3,1484242977
82,79132,5,1438024755
82,86882,4,1459032910
82,92259,5,1438190019
82,95510,1,1459032921
82,97752,4.5,1484242995
82,97938,3,1459032907
82,104374,4,1473524014
82,109487,5,1438024525
82,112804,4.5,1494957600
82,115713,4.5,1450639160
82,116797,4.5,1438190007
82,122886,2.5,1459032939
82,134130,4,1450639153
82,142488,3.5,1459032930
82,164179,5,1484243016
83,17,5,1447816009
83,32,5,1447816289
83,110,0.5,1447815781
83,356,1,1447815792
83,638,4,1447816500
83,1036,5,1447815816
83,1080,5,1447816283
83,1136,5,1447816273
83,1198,3.5,1447815695
83,1202,5,1447816434
83,1265,2.5,1447815819
83,1884,5,1447816294
83,2571,3,1447815652
83,2762,4,1447815795
83,2788,5,1447816281
83,3052,5,1447816609
83,3108,5,1447816313
83,3897,5,1447815703
83,4605,5,1447816479
83,4878,5,1447815706
83,4993,4,1447815658
83,5013,5,1447816452
83,5989,5,1447815716
83,5995,3.5,1447815923
83,6062,5,1447816300
83,6807,5,1447816292
83,6942,5,1447816596
83,7147,4,1447818058
83,7153,3.5,1447815663
83,7254,3.5,1447815977
83,7361,5,1447815895
83,7669,5,1447815999
83,8874,5,1447816163
83,27611,2.5,1447815968
83,31658,3.5,1447815925
83,33794,3,1447815823
83,36401,4,1447816377
83,37729,3.5,1447816445
83,46578,2,1447816133
83,47465,4.5,1447816331
83,48780,3,1447815910
83,48997,4.5,1447816599
83,51255,4.5,1447818049
83,54286,3.5,1447815800
83,55247,4.5,1447816027
83,56757,3,1447816607
83,57669,5,1447816242
83,58559,3.5,1447815762
83,65514,3,1447816007
83,69524,3.5,1447816123
83,69951,3.5,1447816334
83,71899,5,1447816022
83,76093,3.5,1447815826
83,79132,4.5,1447815805
83,86504,3,1447815928
83,88125,3.5,1447816113
83,106642,4.5,1447816207
83,122029,4,1447816481
84,10,3.5,1117090918
84,104,4.5,1117016837
84,150,3,1117017427
84,173,1.5,1117016901
84,315,1,1117016968
84,356,4.5,1117017349
84,380,4,1117090806
84,457,4,1117017333
84,589,4,1117017170
84,673,3,1117091097
84,720,3,1117091085
84,733,4,1117090907
84,832,4,1117016909
84,1036,4.5,1117017164
84,1059,3.5,1117091108
84,1090,3.5,1117016960
84,1101,4,1117016844
84,1136,4.5,1117090822
84,1196,4,1117017516
84,1240,4,1117017484
84,1258,3.5,1117016873
84,1275,4,1117017343
84,1485,3,1117016930
84,1517,4.5,1117016827
84,1527,2,1117017546
84,1586,3.5,1117091068
84,1617,4.5,1117090503
84,1625,4.5,1117017384
84,1644,3,1117091024
84,1663,3.5,1117017308
84,1917,3.5,1117016823
84,1923,5,1117017172
84,2000,4,1117017125
84,2012,3.5,1117016891
84,2028,4,1117017446
84,2115,4,1117090812
84,2194,4.5,1117017397
84,2268,4,1117017159
84,2273,3.5,1117091018
84,2571,5,1117017444
84,2617,3.5,1117016954
84,2694,3.5,1117090997
84,2700,4,1117016919
84,2762,4.5,1117017475
84,2770,3,1117090799
84,3052,4,1117017456
84,3098,3,1117017565
84,3114,4,1117016847
84,3147,4,1117017267
84,3510,3.5,1117090949
84,3578,5,1117017153
84,3617,4,1117090959
84,3793,4,1117016852
84,3968,3,1117090943
84,3994,4,1117017565
84,4022,3.5,1117090819
84,4085,4,1117017136
84,4223,4,1117017392
84,4306,4,1117017508
84,4343,3.5,1117090962
84,4816,4,1117090937
84,4896,3.5,1117017370
84,4901,4,1117017435
84,4963,4.5,1117017381
84,5349,3.5,1117017134
84,5418,4,1117017481
84,5445,4,1117017548
84,5816,4,1117017408
84,5952,4,1117016936
84,5989,4,1117017604
84,6157,2,1117090953
84,6188,4,1117017261
84,6333,4,1117017128
84,6539,4.5,1117017422
84,8360,4,1117017510
84,8636,4,1117017261
84,8665,4,1117017390
85,426,2,957915294
85,473,3,957915294
85,1154,3,957915294
85,1210,3,957915294
85,1784,2,957915294
85,2037,1,957915294
85,2207,3,957915294
85,2379,3,957915294
86,260,4,1038314669
86,527,3,1038313760
86,1196,5,1038315627
86,1210,5,1038314757
86,1221,1,1038314453
86,1918,4,1038314669
86,2002,4,1038314669
86,2023,1,1038314398
86,2722,5,1038314499
86,3153,5,1038315627
86,3298,4,1038315166
86,4148,5,1038315154
86,4995,3,1038315154
86,5469,4,1038314577
87,3,3,867427886
87,5,2,867427886
87,6,4,867427886
87,32,3,867427847
87,62,3,867427847
87,95,3,867427847
87,104,4,867427925
87,112,4,867427925
87,141,5,867427847
87,260,5,867427886
87,494,3,867427886
87,608,4,867427886
87,648,3,867427847
87,733,4,867427886
87,736,4,867427847
87,780,4,867427846
87,788,4,867427925
87,802,4,867427925
87,1073,4,867427886
88,110,4,839148445
88,150,4,839148343
88,153,3,839148363
88,208,5,839148422
88,253,5,839148422
88,292,4,839148401
88,296,3,839148344
88,300,3,839148461
88,316,3,839148385
88,329,4,839148385
88,339,3,839148422
88,356,4,839148445
88,410,3,839148445
88,457,4,839148401
88,480,5,839148445
88,589,4,839148474
88,590,4,839148343
88,592,4,839148343
88,593,4,839148385
89,24,4,945181412
89,32,4,945181948
89,47,4,945182762
89,110,5,945182324
89,260,5,945181765
89,261,5,945182742
89,262,4,945182066
89,300,4,945182711
89,364,5,945182781
89,405,4,945181187
89,457,5,945182011
89,508,5,945182201
89,589,4,945182238
89,590,4,945182575
89,606,1,945181187
89,608,5,945181812
89,785,3,945181377
89,858,5,945181516
89,912,5,945181625
89,915,5,945182201
89,916,5,945182066
89,919,5,945181691
89,924,5,945182011
89,953,5,945182011
89,1012,5,945182147
89,1028,5,945182201
89,1035,5,945182611
89,1079,5,945182182
89,1080,2,945182551
89,1186,3,945182011
89,1193,5,945181591
89,1196,5,945181797
89,1197,4,945182011
89,1200,5,945182238
89,1201,3,945182273
89,1207,5,945181752
89,1208,2,945181187
89,1210,5,945182676
89,1213,4,945182133
89,1214,5,945182028
89,1219,4,945181659
89,1221,5,945181542
89,1225,4,945181709
89,1230,3,945181542
89,1234,5,945182093
89,1235,4,945181781
89,1240,5,945182762
89,1247,4,945181869
89,1258,5,945181516
89,1259,4,945182256
89,1269,5,945182392
89,1287,4,945182476
89,1307,5,945182028
89,1333,2,945182497
89,1345,3,945182373
89,1358,4,945182238
89,1513,3,945181449
89,1564,5,945182077
89,1676,1,945181187
89,1678,5,945182458
89,1748,2,945181187
89,1911,3,945181356
89,1953,3,945182115
89,1956,5,945182286
89,1957,3,945182324
89,1962,4,945182525
89,2013,3,945181412
89,2020,4,945182218
89,2023,5,945181187
89,2028,5,945181738
89,2038,4,945181332
89,2080,5,945182497
89,2268,4,945182476
89,2313,4,945182167
89,2324,5,945182575
89,2331,5,945182711
89,2355,5,945181516
89,2433,4,945181332
89,2467,3,945182676
89,2490,5,945181412
89,2565,5,945182392
89,2571,4,945182525
89,2598,4,945181449
89,2664,3,945181887
89,2683,5,945181332
89,2699,4,945181332
89,2716,5,945182434
89,2791,5,945182218
89,2915,4,945182418
89,2917,4,945182458
89,2918,5,945182525
89,2951,1,945182458
89,2987,4,945181462
89,3015,4,945182628
89,3070,5,945182066
89,3072,5,945182476
89,3088,5,945182115
89,3095,5,945181560
89,3098,3,945182434
89,5060,5,945181797
90,186,1,1058451517
90,252,1,1058451439
90,370,1,1058451514
90,466,3,1058451463
90,628,3.5,1058451468
90,852,2,1058451474
90,1258,3.5,1058451448
90,1407,1.5,1058451444
90,1653,3.5,1058451506
90,1917,2.5,1058451500
90,2174,3,1058451427
90,2291,1,1058451460
90,2395,2,1058451519
90,2599,3,1058451433
90,2640,2.5,1058451523
90,2797,3,1058451430
90,3996,1.5,1058451458
91,2,4,838546368
91,5,3,838546731
91,6,5,838546635
91,16,5,838546671
91,17,4,838546386
91,29,4,838547865
91,38,5,838548092
91,50,5,838546230
91,62,3,838546494
91,79,5,838547426
91,89,4,838547114
91,126,3,838547464
91,141,5,838546415
91,145,4,838546685
91,150,4,838546036
91,153,3,838547695
91,158,3,838546427
91,165,3,838546063
91,168,5,838546447
91,173,3,838546321
91,185,4,838546154
91,208,3,838546154
91,256,4,838547224
91,266,3,838546249
91,292,4,838546131
91,299,3,838547825
91,316,4,838546115
91,317,3,838546215
91,329,3,838546115
91,344,4,838548008
91,350,5,838546352
91,356,5,838546174
91,364,5,838546198
91,365,5,838547801
91,367,5,838546215
91,368,5,838546659
91,370,3,838546696
91,376,3,838547365
91,377,3,838546249
91,410,3,838546174
91,419,4,838547987
91,420,3,838546230
91,440,4,838546321
91,454,5,838546198
91,457,4,838546131
91,466,3,838546709
91,474,4,838546447
91,480,4,838546198
91,484,2,838547662
91,485,5,838546685
91,500,5,838546321
91,502,2,838547744
91,509,1,838546415
91,519,3,838547306
91,520,3,838546709
91,529,5,838547442
91,531,5,838547517
91,552,5,838546685
91,586,3,838546334
91,587,5,838546334
91,588,4,838546063
91,589,5,838546230
91,590,4,838546036
91,592,3,838546036
91,593,5,838546131
91,594,3,838547171
91,595,5,838546115
91,596,3,838547171
91,597,4,838546352
91,648,3,838546685
91,701,3,838547269
91,733,5,838547046
91,743,3,838547426
92,134368,3.5,1442186184
93,5,3,835061814
93,11,3,835062122
93,26,3,835131019
93,34,4,835061235
93,47,3,835130169
93,112,4,835062969
93,150,4,835061176
93,154,3,835130913
93,194,4,835062698
93,207,3,835151409
93,224,3,835151251
93,265,3,835061714
93,289,3,835151409
93,292,3,835061920
93,296,5,835061176
93,302,3,835131019
93,318,4,835061919
93,339,4,835061235
93,345,4,835130913
93,357,3,835061714
93,364,3,835061754
93,380,3,835061176
93,410,4,835061235
93,412,3,835151028
93,446,4,835062258
93,482,1,835062969
93,509,3,835061714
93,535,3,835062730
93,539,3,835151064
93,587,3,835151121
93,588,3,835061754
93,590,3,835061176
93,592,3,835061176
93,595,3,835061754
93,597,4,835151331
94,1,4,965798694
94,6,4,965799455
94,21,4,965798878
94,47,5,965799438
94,50,5,965799419
94,223,5,965798878
94,440,4,965799046
94,441,5,965798824
94,457,4,965799455
94,471,4,965798997
94,589,5,965799455
94,593,5,965799419
94,608,4,965799419
94,858,5,965798322
94,934,4,965798706
94,977,2,965798322
94,1022,3,965798571
94,1060,5,965798890
94,1089,5,965799419
94,1265,5,965798663
94,1270,5,965798720
94,1285,3,965798975
94,1441,4,965798322
94,1580,3,965798992
94,1610,4,965799455
94,1617,4,965799419
94,1625,3,965799438
94,1747,3,965799076
94,1754,4,965798322
94,1784,4,965799046
94,1885,3,965798992
94,1923,5,965798767
94,2000,4,965798890
94,2239,4,965798824
94,2355,4,965798846
94,2389,3,965798322
94,2395,5,965798730
94,2500,2,965798635
94,2502,5,965798918
94,2513,3,965798322
94,2542,5,965798677
94,2571,5,965799438
94,2572,4,965799076
94,2599,5,965798694
94,2700,5,965798835
94,2747,3,965799046
94,2759,2,965798863
94,2762,5,965799419
94,2791,5,965798863
94,2797,4,965798863
94,2915,5,965799015
94,2918,5,965798745
94,2997,5,965798635
94,3033,5,965799076
94,3039,5,965798992
94,3120,4,965799089
94,3253,4,965799089
94,3255,4,965799015
94,3263,5,965799015
94,3362,5,965798677
94,3552,4,965799046
94,3598,3,965798413
94,3617,5,965798413
94,3717,4,965798510
94,3747,3,965798413
94,3753,5,965798413
94,3755,4,965798413
94,3760,4,965798791
94,3785,4,965798480
94,3793,5,965798413
94,3825,5,965798480
95,8,3,956586286
95,17,5,956586420
95,318,5,956586325
95,457,4,956586455
95,480,3,956586166
95,497,5,956586471
95,529,5,956586420
95,908,5,956586145
95,1036,2,956586546
95,1088,3,956586145
95,1097,5,956586594
95,1196,5,956586094
95,1198,5,956586525
95,1225,5,956586506
95,1259,5,956586608
95,1293,5,956586576
95,1678,4,956586455
95,1956,5,956586576
95,1957,5,956586594
95,1960,5,956586594
95,1961,5,956586608
95,2028,4,956586375
95,2302,3,956586420
95,2321,4,956586145
95,2501,5,956586386
95,3361,3,956586525
95,3591,4,956586546
96,306,4,1200585338
96,531,3.5,1200585333
96,551,4.5,1200585644
96,838,3.5,1200585297
96,1680,3,1200585366
96,1911,1,1200585357
96,1967,4.5,1200585688
96,2096,4,1200585386
96,2141,4.5,1200585449
96,2174,4,1200585673
96,2291,4.5,1200585662
96,2398,3,1200585431
96,2713,1,1200585472
96,2719,1,1200585417
96,2803,3.5,1200585438
96,2805,2,1200585428
96,2858,4.5,1200585596
96,2997,4.5,1200585629
96,3256,3.5,1200585311
96,3452,4,1200585466
96,3968,1,1200585482
96,4308,5,1200585582
96,4973,4.5,1200586012
96,5618,4.5,1200586041
96,7361,5,1200585516
96,8970,4,1200586048
96,31435,4,1200585867
96,33166,4.5,1200585939
96,37729,4.5,1200585654
96,44761,1.5,1200585606
96,48082,4.5,1200585531
96,54259,4,1200586027
97,50,1,1298795147
97,318,4,1298793336
97,485,2,1298791726
97,500,1.5,1298792396
97,527,3.5,1298795185
97,529,4.5,1298791780
97,1035,4.5,1298792404
97,1198,1,1298795371
97,1225,4,1298795423
97,1235,4,1298791864
97,1246,4.5,1298793843
97,1259,5,1298794014
97,1276,4.5,1298795440
97,1278,3.5,1298791687
97,1293,4.5,1298791802
97,1304,5,1298794235
97,1358,2,1298791747
97,1371,4.5,1298791805
97,1376,4.5,1298791731
97,1639,2,1298791715
97,1704,4,1298793611
97,1968,5,1298794183
97,2005,4,1298792426
97,2046,4,1298792414
97,2324,5,1298794211
97,2353,4,1298791681
97,2470,3.5,1298791761
97,2572,4,1298792181
97,3107,3.5,1298791859
97,3176,2,1298791736
97,3210,2,1298791854
97,3510,4,1298791869
97,3755,3,1298791812
97,4995,4.5,1298793912
97,5218,3.5,1298792438
97,5377,5,1298794158
97,8169,4.5,1298792199
97,27311,1,1298793354
97,30749,5,1298795199
97,45517,4,1298792410
97,46976,5,1298794122
97,47721,5,1298793625
97,58559,1,1298795391
97,60069,4.5,1298795414
97,68358,4.5,1298793757
97,68954,5,1298794371
97,69849,4.5,1298795157
97,71282,5,1298793422
97,78499,3.5,1298793599
97,79132,5,1298795217
98,1,4,1115067736
98,6,3.5,1115067890
98,10,2.5,1115067817
98,17,2.5,1115067883
98,32,3.5,1115067748
98,47,4.5,1115067784
98,48,2.5,1115067452
98,50,4,1115067772
98,110,3.5,1115067721
98,150,2,1115067716
98,151,3.5,1115068176
98,165,3,1115067770
98,185,2,1115067851
98,193,2,1115068648
98,231,2.5,1115067814
98,260,2.5,1115067727
98,288,3.5,1115067897
98,296,4,1115067623
98,316,3.5,1115067778
98,317,3,1115068032
98,318,3.5,1115067718
98,337,3.5,1115068090
98,345,2.5,1115067503
98,349,2.5,1115067767
98,356,3.5,1115067648
98,357,3.5,1115067844
98,364,3.5,1115067792
98,377,2.5,1115067764
98,380,3,1115067730
98,434,2,1115067842
98,442,2,1115068018
98,455,2,1115068629
98,480,2,1115067656
98,485,2.5,1115068294
98,509,2.5,1115067994
98,527,4,1115067746
98,539,2,1115067838
98,541,4.5,1115067929
98,589,3.5,1115067732
98,590,2.5,1115067712
98,592,2,1115067710
98,593,4,1115067639
98,596,2,1115067491
98,597,2.5,1115067811
98,628,3.5,1115068303
98,648,3,1115067761
98,707,3,1115068809
98,736,3,1115067780
98,778,4,1115068038
98,780,2,1115067738
98,858,3.5,1115067806
98,903,3.5,1115068334
98,904,3.5,1115068220
98,908,3.5,1115068191
98,912,3.5,1115067956
98,914,3.5,1115068539
98,920,3,1115068147
98,923,3,1115068169
98,924,3.5,1115067960
98,953,3.5,1115067482
98,1035,2,1115067460
98,1036,3,1115067932
98,1059,3.5,1115068515
98,1079,3.5,1115068006
98,1089,3.5,1115068035
98,1090,3.5,1115068245
98,1092,3.5,1115068425
98,1093,3,1115068722
98,1097,3,1115067829
98,1148,3.5,1115067527
98,1186,3.5,1115068724
98,1193,3.5,1115067918
98,1196,3.5,1115067775
98,1198,4,1115067788
98,1200,3.5,1115067947
98,1201,3.5,1115068406
98,1204,4,1115067520
98,1206,4,1115068044
98,1208,4,1115068094
98,1210,4,1115067743
98,1214,4,1115067921
98,1220,3.5,1115068088
98,1222,3.5,1115068167
98,1225,3,1115068083
98,1231,2.5,1115068572
98,1233,4,1115068273
98,1234,3.5,1115067436
98,1240,3,1115067887
98,1246,3.5,1115068163
98,1247,3,1115068155
98,1258,3.5,1115068142
98,1263,3.5,1115068496
98,1265,3.5,1115067893
98,1270,2.5,1115067799
98,1274,3,1115068823
98,1287,3.5,1115068554
98,1288,3.5,1115068200
98,1291,3.5,1115067940
98,1343,3,1115068522
98,1370,3,1115068208
98,1396,2.5,1115067455
98,1408,3.5,1115067517
98,1466,3,1115068508
98,1479,3.5,1115068602
98,1527,4.5,1115067979
98,1573,2,1115068145
98,1580,2.5,1115067875
98,1584,3.5,1115068026
98,1590,3,1115068879
98,1608,2,1115068252
98,1610,2.5,1115068024
98,1617,3.5,1115067869
98,1653,4,1115067398
98,1673,3,1115068331
98,1676,3.5,1115068248
98,1690,3,1115068480
98,1704,4,1115067983
98,1729,3,1115068504
98,1748,3.5,1115068458
98,1779,3,1115068919
98,1876,2.5,1115068382
98,1909,3,1115068391
98,1917,2,1115068130
98,1923,3.5,1115068000
98,1954,2.5,1115068329
98,1961,2.5,1115067972
98,1997,3,1115068387
98,2001,2,1115067487
98,2003,3,1115068455
98,2020,3,1115068626
98,2028,3.5,1115067827
98,2054,1.5,1115067429
98,2076,4,1115068679
98,2100,1.5,1115067494
98,2115,3.5,1115068184
98,2268,2,1115069055
98,2278,3,1115068566
98,2288,3.5,1115068736
98,2329,4,1115068437
98,2353,1.5,1115067476
98,2355,3.5,1115068080
98,2396,4,1115067927
98,2406,2,1115068215
98,2490,3,1115068576
98,2502,3.5,1115068300
98,2571,4,1115067822
98,2617,3,1115068242
98,2628,2.5,1115067907
98,2692,3.5,1115068297
98,2699,1.5,1115067446
98,2710,2.5,1115068133
98,2712,3.5,1115068233
98,2716,3.5,1115067944
98,2722,2,1115068780
98,2728,2.5,1115069040
98,2761,3,1115068733
98,2762,2.5,1115067867
98,2819,3,1115069101
98,2858,4,1115067802
98,2915,3,1115068665
98,2916,3.5,1115068042
98,2918,2,1115068127
98,2959,4.5,1115068004
98,2997,2.5,1115067968
98,3060,3.5,1115068924
98,3114,3.5,1115068107
98,3147,3.5,1115067478
98,3160,4,1115068464
98,3253,3.5,1115068400
98,3300,3.5,1115068915
98,3386,3,1115068796
98,3471,3.5,1115068322
98,3481,3.5,1115068268
98,3498,3,1115069088
98,3527,3,1115068378
98,3535,2.5,1115068871
98,3555,2.5,1115068812
98,3578,4,1115067975
98,3793,2.5,1115068119
98,3897,3,1115069083
98,3948,3,1115068419
98,3949,3.5,1115068953
98,3977,1.5,1115067509
98,3994,3,1115068444
98,3996,3.5,1115068103
98,4011,4,1115068594
98,4014,3,1115068692
98,4022,3,1115068281
98,4027,1.5,1115068290
98,4034,3,1115068307
98,4226,3.5,1115068223
98,4246,2.5,1115068591
98,4306,4,1115068098
98,4310,2,1115068890
98,4643,3,1115068802
98,4886,3.5,1115068371
98,4896,3.5,1115068461
98,4993,4,1115068111
98,5378,2.5,1115068551
98,5418,3.5,1115068652
98,5445,3,1115068362
98,5679,3,1115068977
98,5782,3.5,1115068948
98,5816,3,1115068688
98,5952,4,1115067411
98,6365,2.5,1115068632
98,6377,3.5,1115068580
98,6440,3,1115068984
98,6539,3.5,1115068492
98,6874,3,1115068774
98,7153,4,1115069011
98,8368,3.5,1115069070
98,8961,3.5,1115069016
99,1,3,866605941
99,32,4,866605941
99,260,5,866605992
99,376,4,866606030
99,648,4,866605941
99,733,4,866605992
99,736,3,866605941
99,780,3,866605941
99,786,3,866605992
99,802,4,866606031
99,1073,3,866605992
99,1210,4,866606178
100,247,3,1241376000
100,1261,3.5,1241376025
100,1611,3.5,1241376282
101,1,4,850689862
101,3,3,850689925
101,5,4,850689925
101,6,5,850689925
101,7,3,850689925
101,17,3,850689862
101,25,2,850689862
101,32,3,850689862
101,62,3,850689862
101,95,4,850689862
101,104,3,850689984
101,112,3,850689925
101,141,3,850689862
101,376,4,850689925
101,494,4,850689925
101,608,2,850689925
101,648,3,850689862
101,653,2,850689984
101,733,5,850689925
101,736,3,850689862
101,780,4,850689862
101,786,3,850689984
102,541,3.5,1306626949
102,880,1.5,1306625845
102,898,3,1306625791
102,1103,2,1306625824
102,1188,4.5,1306625752
102,1233,3.5,1306626923
102,1619,1.5,1306625926
102,1693,3,1306625930
102,1957,3.5,1306625779
102,1959,2,1306625857
102,1965,3,1306625829
102,2019,4,1306626913
102,2313,3,1306625785
102,2692,4,1306626903
102,2795,0.5,1306625811
102,2991,2,1306625921
102,3168,3,1306625870
102,3175,4,1306627169
102,3386,2,1306625758
102,3424,1,1306625819
102,3819,4.5,1306627033
102,3996,5,1306626939
102,31628,3.5,1306629424
102,33004,4,1306627189
102,44191,3.5,1306627302
102,56367,4,1306625762
102,66934,3.5,1306627040
102,85881,3.5,1306629452
103,10,4,842283205
103,32,4,842283348
103,34,4,842283245
103,39,4,842283302
103,47,5,842283246
103,50,4,842283323
103,110,5,842283224
103,150,3,842283094
103,153,3,842283133
103,160,2,842283323
103,161,4,842283205
103,165,4,842283133
103,185,3,842283205
103,225,3,842283302
103,231,5,842283163
103,253,3,842283205
103,266,4,842283369
103,292,3,842283185
103,296,4,842283095
103,300,3,842283284
103,315,3,842283369
103,316,4,842283186
103,317,3,842283323
103,318,5,842283186
103,329,3,842283163
103,339,3,842283224
103,344,5,842283133
103,349,4,842283133
103,356,4,842283185
103,357,5,842283348
103,364,3,842283246
103,377,4,842283246
103,380,4,842283095
103,410,2,842283284
103,420,3,842283323
103,432,2,842283348
103,434,3,842283185
103,440,3,842283369
103,442,2,842283478
103,454,3,842283224
103,457,4,842283163
103,480,4,842283224
103,500,3,842283302
103,527,5,842283348
103,539,3,842283348
103,586,3,842283302
103,587,3,842283323
103,588,3,842283133
103,589,3,842283246
103,590,3,842283094
103,592,3,842283094
103,593,5,842283162
103,595,2,842283162
103,597,1,842283302
104,118,3.5,1112400288
104,471,4,1112399859
104,529,4.5,1112400249
104,543,4,1112400230
104,953,2,1112399862
104,1084,3,1112399912
104,1250,2.5,1112399884
104,1285,4,1112399918
104,1302,4.5,1112400126
104,1574,5,1112400075
104,1673,4,1112399880
104,1674,3.5,1112399907
104,1747,4.5,1112399935
104,1777,3.5,1112399904
104,2100,2.5,1112399872
104,2321,3.5,1112399889
104,2352,4.5,1112400097
104,2407,3,1112399929
104,2502,4,1112399867
104,2571,0.5,1112400175
104,3052,4,1112399896
104,3418,4,1112399900
104,27873,3.5,1112400218
105,1,5,1238416812
105,32,4,1238416831
105,47,5,1238416846
105,50,5,1238416836
105,150,5,1239363083
105,256,2,1238416249
105,293,5,1238419334
105,296,4.5,1238416799
105,318,5,1238416652
105,380,3.5,1239363112
105,457,5,1238416821
105,527,3,1239362741
105,588,3.5,1238416834
105,589,5,1239363081
105,720,4,1238416286
105,745,5,1239362845
105,780,3.5,1238416817
105,915,3.5,1238416393
105,1047,3.5,1238416245
105,1197,0.5,1239362933
105,1271,4.5,1238416269
105,1640,4,1239362685
105,1680,4.5,1238416323
105,1907,4,1238416307
105,2058,4,1238416257
105,2278,4.5,1238419323
105,2329,3.5,1239362985
105,2571,3.5,1238416841
105,2600,5,1238416370
105,2686,5,1238416352
105,2762,5,1239363085
105,2840,4,1238416397
105,2858,2.5,1239363074
105,2959,5,1238416688
105,3510,1,1238416294
105,3863,0.5,1238416299
105,3996,4.5,1239363099
105,4002,3,1238416329
105,4014,4,1238416753
105,4226,5,1239362714
105,4306,4,1239363116
105,4343,3.5,1238416439
105,4973,5,1239362729
105,4995,3.5,1238416758
105,5445,4.5,1239363106
105,6016,5,1239362963
105,6857,4.5,1240609397
105,8961,5,1239362968
105,44709,5,1240609097
105,58559,4,1239362712
105,60069,5,1239362739
105,63859,2,1238416660
105,67295,4.5,1238416884
106,47,4,1294763458
106,253,3.5,1294763570
106,593,4.5,1294763293
106,1073,3.5,1294763529
106,1093,4,1294747704
106,1246,4,1294763773
106,1347,3,1294747748
106,1416,2.5,1294747837
106,1513,2.5,1294747661
106,1961,4,1294763612
106,1968,4,1294763703
106,2145,3,1294747726
106,2384,2.5,1294747861
106,2571,3.5,1294763418
106,2572,3,1294749141
106,2683,2,1294763639
106,2702,3,1294749030
106,2762,3.5,1294942934
106,2806,3,1294749027
106,2858,5,1294763440
106,2959,3.5,1294943943
106,3147,4.5,1294763794
106,3910,3,1294748169
106,3911,3,1294749022
106,3949,4.5,1294764168
106,4878,5,1294763992
106,4973,5,1294763766
106,4995,3.5,1294943274
106,6377,3.5,1294942983
106,7361,4,1294763829
106,32587,4,1294943826
106,33615,4.5,1295003323
106,42734,3.5,1295003306
106,44191,4,1294764306
106,48394,4,1294765402
106,48780,4,1294765094
106,48982,3,1295003210
106,49649,3,1294748906
106,50872,4.5,1295002542
106,52975,2.5,1294748880
106,53129,1.5,1294748775
106,53953,4,1294749169
106,54272,3.5,1295003218
106,55995,2,1295003394
106,58293,1.5,1294749151
106,58559,4,1294764180
106,59784,4.5,1295002591
106,60069,4.5,1294943980
106,63859,3,1295003151
106,68157,4,1294748064
106,68954,4,1294948706
106,69757,4.5,1294749111
106,72998,3,1294942926
106,76030,3.5,1294943988
106,76093,4,1294748730
106,79091,3,1295002762
106,80463,2.5,1294765118
107,7,2,940177143
107,34,4,940176628
107,39,4,940176869
107,45,5,940176934
107,52,5,940176934
107,72,4,940177224
107,125,5,940176965
107,176,2,940176628
107,339,3,940176842
107,342,4,940176410
107,357,4,940177111
107,417,3,940177391
107,440,2,940176904
107,497,5,940176554
107,539,3,940176742
107,562,5,940176410
107,582,4,940177185
107,708,4,940176773
107,728,4,940176773
107,807,5,940177077
107,838,4,940177049
107,1057,4,940176904
107,1171,3,940176742
107,1174,5,940176452
107,1180,4,940176410
107,1184,4,940176869
107,1188,4,940176999
107,1243,4,940176505
107,1265,5,940176260
107,1353,2,940176773
107,1446,5,940176217
107,1468,1,940177391
107,1500,5,940176709
107,1513,4,940177111
107,1517,5,940177264
107,1537,4,940176628
107,1542,3,940176807
107,1569,3,940176999
107,1580,5,940176807
107,1592,2,940177111
107,1641,4,940176586
107,1665,5,940177077
107,1703,1,940177185
107,1734,5,940176807
107,1747,2,940177143
107,1777,4,940176709
107,1784,2,940176586
107,1794,4,940176742
107,1885,4,940176554
107,1888,2,940176554
107,1904,3,940177264
107,1906,5,940176934
107,1914,5,940176628
107,1916,4,940176807
107,1918,1,940177049
107,1923,3,940176452
107,2029,4,940177224
107,2108,2,940176505
107,2155,5,940177185
107,2171,5,940176934
107,2289,4,940176628
107,2318,5,940176664
107,2324,4,940177024
107,2335,1,940177224
107,2356,2,940176709
107,2359,4,940176260
107,2395,5,940176217
107,2396,4,940176505
107,2424,3,940176999
107,2575,5,940176139
107,2599,5,940176217
107,2671,3,940177264
107,2690,4,940176554
107,2696,4,940176452
107,2697,5,940176904
107,2700,1,940176965
107,2706,1,940177264
107,2708,5,939394181
107,2710,3,939394285
107,2712,3,939396007
107,2759,4,939394285
107,2833,4,939395890
107,2836,1,940177143
107,2858,5,939394181
107,2861,1,940176842
107,2884,2,940175953
107,2959,2,940175935
108,260,4,1466197969
108,318,5,1466197974
108,1196,4,1466197972
108,1197,3,1466197984
108,1198,5,1466197966
108,1210,4.5,1466197982
108,1291,5,1466197978
109,110,3.5,1441633472
109,318,3,1441633369
109,593,3.5,1441633488
109,858,4.5,1441633457
109,1704,4.5,1441633465
109,2028,3,1441633462
109,2324,4,1441633375
109,2571,4.5,1441633434
109,5995,3.5,1441633479
109,127098,4,1441633679
110,260,5,1447098819
110,318,4.5,1447098808
110,2571,4.5,1447098814
110,2959,5,1447098816
110,4993,5,1447098817
110,7153,5,1447098815
110,57368,3.5,1447098825
110,79132,5,1447098821
111,32,4.5,1490272740
111,47,5,1490273616
111,50,4,1490272590
111,110,4.5,1490272744
111,260,3.5,1490272603
111,296,5,1490272671
111,316,2,1490381682
111,318,4,1490382029
111,356,5,1490273306
111,480,3.5,1490273800
111,589,3.5,1490273810
111,593,4.5,1490272684
111,858,4.5,1490272593
111,924,5,1490272781
111,1127,4.5,1490382048
111,1196,3.5,1490272608
111,1210,3.5,1490273772
111,1214,4,1490272763
111,1573,4,1490274548
111,1580,4,1490273988
111,1584,3.5,1490272630
111,1645,5,1490274932
111,1653,3,1490272638
111,2011,3.5,1490273934
111,2021,1.5,1490274522
111,2028,4.5,1490272748
111,2311,4,1490274445
111,2571,4,1490272615
111,2628,3,1490381627
111,2712,5,1490275187
111,2858,3,1490272690
111,2959,4.5,1490272585
111,3147,5,1490273204
111,3702,3,1490274478
111,3703,2,1490381695
111,3994,4.5,1490646462
111,4011,4,1490381991
111,4878,5,1490272784
111,4963,4,1490390571
111,4993,5,1490272675
111,5254,2.5,1490273030
111,5502,2.5,1490381710
111,5618,3.5,1490381899
111,5952,4.5,1490381882
111,5989,4,1490273297
111,6502,4,1490381827
111,7153,4.5,1490272669
111,7254,4,1490390592
111,7361,4.5,1490273797
111,8360,3.5,1490272731
111,8371,4.5,1490381659
111,8644,3.5,1490450748
111,31696,4,1490272946
111,33794,4,1490381873
111,34405,2.5,1490272929
111,42718,4,1490274553
111,44191,3.5,1490390519
111,45499,4,1490632499
111,46578,3.5,1490272860
111,47610,3.5,1490390570
111,49278,4,1490381700
111,51662,2,1490390532
111,52973,3.5,1490381597
111,53000,4,1490274126
111,54276,3.5,1490381586
111,55267,4.5,1490275003
111,55908,2,1490453814
111,56145,3.5,1490273057
111,56174,4,1490390547
111,56367,4,1490274890
111,58559,4.5,1490272599
111,59315,4,1490381879
111,60040,4,1490274578
111,60069,4.5,1490382014
111,60684,2,1490381948
111,61024,4,1490381939
111,68319,4,1490381690
111,68954,4,1490273289
111,69406,3.5,1490381606
111,69844,3.5,1490442196
111,70286,4,1490273781
111,71057,4.5,1490273991
111,71135,3.5,1490450287
111,71466,3.5,1490381584
111,72998,5,1490272722
111,74458,5,1490273380
111,75985,4,1490274483
111,77561,4,1490381735
111,79132,5,1490273229
111,79357,4,1490273778
111,80363,4,1490274558
111,80549,3.5,1490381588
111,80917,3.5,1490450880
111,81591,3,1490272863
111,81834,3.5,1490442171
111,84152,4,1490273278
111,85414,4,1490273785
111,87232,4,1490390527
111,88125,4,1490273398
111,88163,4,1490381611
111,88744,4,1490272882
111,89039,3,1490381745
111,89745,4,1490381895
111,90888,4,1490631297
111,91500,4,1490272853
111,91529,4.5,1490381919
111,91653,3.5,1490381590
111,92420,4,1490632694
111,93363,4.5,1490274506
111,93840,4,1490272937
111,94677,4,1490275143
111,94777,4,1490274102
111,94864,5,1490273511
111,95309,4,1490389400
111,96610,4,1490273768
111,97752,5,1490272948
111,97921,5,1490272851
111,98809,4.5,1490274604
111,99114,5,1490273214
111,101864,4.5,1490273787
111,102125,4,1490442163
111,103228,2.5,1490381721
111,103249,4.5,1490390597
111,103341,3,1490730687
111,103772,4,1490273983
111,104374,4.5,1490274850
111,104841,5,1490273199
111,106072,4,1490632379
111,106487,4,1490272855
111,106489,4.5,1490274597
111,106642,3.5,1490273975
111,106782,4.5,1490272844
111,106918,5,1490274821
111,106920,4.5,1490273299
111,109487,5,1490272709
111,110102,4,1490381833
111,110730,5,1490274104
111,111362,4,1490381617
111,111364,3.5,1490274123
111,111759,4.5,1490381909
111,112556,5,1490272846
111,112623,4.5,1490273828
111,112804,3,1490381747
111,112852,4.5,1490381932
111,113741,4.5,1490273804
111,114935,3.5,1490381821
111,115149,2.5,1490478464
111,115210,4,1490272972
111,115617,3.5,1490273225
111,115713,5,1490273105
111,116397,4.5,1490275119
111,119145,4,1490274609
111,122882,4.5,1490273219
111,122886,3.5,1490273389
111,122892,4.5,1490381740
111,122900,4,1490381730
111,122904,4,1490381976
111,122920,4,1490381876
111,122922,4,1490273792
111,122924,4.5,1490381655
111,124859,3,1490441888
111,132046,4,1490381704
111,134130,4.5,1490381930
111,134853,5,1490272841
111,135536,4,1490381669
111,136864,3.5,1490632479
111,147378,3.5,1490274110
111,152081,4,1490273235
111,164179,5,1490272649
111,166635,4,1490273944
111,168252,4.5,1490274447
112,2,3,845046381
112,10,3,845046354
112,14,3,845046464
112,16,3,845046415
112,17,3,845046381
112,21,3,845046354
112,25,4,845046399
112,29,5,845046967
112,32,3,845046354
112,41,4,845046687
112,50,4,845046354
112,52,3,845046464
112,76,3,845046530
112,85,2,845046687
112,107,2,845046705
112,112,3,845046438
112,194,3,845046464
112,608,4,845046415
112,610,3,845046438
112,616,3,845046438
112,661,3,845046498
112,702,3,845046900
112,709,3,845046507
112,736,3,845046381
112,745,4,845046967
112,753,3,845046765
112,778,4,845046697
112,780,3,845046399
112,783,4,845046488
112,835,3,845046739
112,849,3,845047026
112,1073,4,845046608
112,1084,3,845046608
112,1086,4,845046739
112,1103,3,845046739
113,1,5,1444797736
113,260,5,1444797746
113,356,5,1444797732
113,1240,5,1444797923
113,2115,4.5,1444797802
113,50872,4,1444797754
113,142074,2.5,1444797809
114,10,4,834965623
114,21,4,834965684
114,111,3,834965762
114,150,5,834965551
114,173,4,834966126
114,236,3,834966148
114,276,5,834967459
114,277,4,834966637
114,292,4,834965623
114,296,5,834965551
114,329,2,834965598
114,355,2,834967986
114,356,5,834966148
114,410,4,834965663
114,420,4,834965705
114,434,3,834965624
114,442,4,834966606
114,480,3,834966169
114,508,3,834968021
114,509,5,834966606
114,587,3,834967495
114,589,5,834966416
114,590,5,834965551
114,593,5,834965643
114,597,2,834967494
115,10,5,938831084
115,11,3,938832129
115,29,4,938832253
115,32,5,938832253
115,47,5,938830638
115,50,5,938830253
115,110,5,938830686
115,163,4,938830870
115,260,4,938830253
115,296,5,938830529
115,380,2,938831142
115,428,5,938830834
115,457,5,938830956
115,497,4,938832129
115,527,5,938830529
115,541,4,938830686
115,593,5,938831544
115,608,4,938830253
115,720,5,938830373
115,733,3,938831011
115,745,5,938830870
115,750,5,938830306
115,778,4,938830834
115,780,2,938831175
115,866,3,938832730
115,908,3,938830373
115,923,3,938830481
115,1060,5,938830154
115,1079,4,938833487
115,1089,5,938830112
115,1101,3,938834064
115,1125,4,938832389
115,1172,5,938830638
115,1175,5,938832129
115,1186,4,938833967
115,1196,3,938830638
115,1197,5,938830638
115,1198,4,938830529
115,1201,5,938830112
115,1208,3,938830253
115,1210,4,938831011
115,1213,5,938830638
115,1220,3,938830306
115,1223,5,938830436
115,1233,4,938830194
115,1234,4,938830686
115,1240,4,938830306
115,1242,5,938833540
115,1246,5,938832520
115,1258,4,938833988
115,1265,3,938832129
115,1275,4,938833609
115,1293,5,938833540
115,1307,4,938833101
115,1408,4,938831142
115,1517,4,938834313
115,1527,3,938832253
115,1556,1,938831308
115,1573,3,938831011
115,1580,4,938830956
115,1584,4,938832253
115,1587,2,938830306
115,1617,4,938832719
115,1641,4,938830686
115,1653,5,938832253
115,1729,4,938830436
115,1732,3,938830870
115,1748,4,938832253
115,1836,4,938830392
115,1883,4,938834482
115,1912,5,938830565
115,1921,5,938832441
115,1923,4,938830373
115,1991,1,938833325
115,2001,4,938833690
115,2020,5,938833379
115,2194,4,938830638
115,2268,3,938832718
115,2278,4,938831011
115,2291,3,938830834
115,2353,4,938831142
115,2361,1,938832441
115,2373,1,938833918
115,2378,2,938833851
115,2396,4,938830686
115,2420,2,938833652
115,2427,5,938831084
115,2467,5,938833755
115,2470,3,938833379
115,2478,3,938833090
115,2542,4,938831992
115,2571,4,938830638
115,2575,5,938832481
115,2580,4,938831544
115,2605,2,938831992
115,2611,5,938832633
115,2692,5,938831142
115,2696,4,938831544
115,2699,1,938831478
115,2700,1,938831738
115,2702,2,938829931
115,2712,4,938829850
115,2763,3,938829820
115,2791,2,938833198
115,2858,4,938829763
116,44,3,965545931
116,216,3,965545856
116,364,1,965545884
116,1721,1,965545931
116,1911,3,965545902
116,3317,2,965546158
116,3510,4,965546071
116,3564,1,965546071
116,3578,5,965545991
116,3593,1,965546086
116,3617,4,965545991
116,3618,4,965545991
116,3623,4,965546031
116,3624,4,965545991
116,3646,3,965546071
116,3743,2,965546086
116,3744,4,965546015
116,3745,3,965546015
116,3751,1,965546140
116,3753,4,965545991
116,3754,1,965546158
116,3784,1,965546071
116,3785,4,965545991
116,3793,5,965546015
117,29,5,1048372192
117,85,3,1048395350
117,249,3,1048371336
117,292,2,1048371694
117,302,4,1048395281
117,306,5,1048371996
117,307,5,1048371996
117,308,5,1048371996
117,314,3,1048371824
117,471,4,1048371572
117,480,1,1048371231
117,574,4,1048395237
117,593,3,1048371185
117,627,4,1048395421
117,785,1,1048395237
117,828,1,1048372465
117,1089,4,1048372321
117,1101,1,1048371455
117,1136,5,1048371632
117,1172,5,1048371305
117,1173,5,1048372131
117,1175,4,1048372174
117,1176,5,1048371398
117,1193,4,1048371513
117,1196,2,1048371056
117,1198,2,1048371096
117,1210,2,1048371208
117,1240,2,1048371427
117,1503,1,1048371477
117,1554,5,1048372105
117,1641,4,1048371496
117,1711,3,1048371208
117,1897,3,1048371528
117,2025,4,1049151692
117,2161,1,1048371547
117,2193,2,1048371694
117,2316,2,1048395382
117,2321,3,1048372050
117,2474,1,1048371336
117,2551,5,1049151380
117,2706,1,1048372465
117,2858,4,1048371219
117,2908,3,1048371056
117,2959,4,1048371185
117,3046,3,1048395382
117,3258,1,1048371336
117,3525,1,1048371671
117,3835,1,1048371074
117,3994,2,1048371694
117,4367,1,1048372293
117,4621,1,1048371768
117,4718,1,1048372465
117,4973,5,1048372087
117,5219,1,1048372025
117,5478,1,1048371398
117,5785,1,1048371733
117,5952,3,1048371916
117,5989,4,1048371671
118,1,3,859364920
118,5,3,859364983
118,14,1,859365106
118,62,5,859364920
118,260,5,859365042
118,376,4,859365042
118,736,3,859364919
118,765,4,859365479
118,780,5,859364919
118,786,3,859364983
118,802,5,859365106
118,1073,3,859364983
118,1210,5,859365229
118,1363,5,859366012
118,1393,5,859365273
118,1409,4,859365740
118,1461,3,859366799
118,1474,4,859366799
119,1,5,834481918
119,10,3,834481885
119,25,4,834482090
119,36,5,834481987
119,58,4,834482003
119,111,5,834481987
119,150,4,834481784
119,153,3,834481808
119,161,4,834481885
119,162,5,834481987
119,165,3,834481808
119,176,4,834482090
119,185,4,834481918
119,231,3,834481828
119,253,4,834481918
119,288,2,834481918
119,292,3,834481885
119,296,4,834481784
119,318,5,834481828
119,344,3,834481808
119,349,3,834481808
119,373,3,834482090
119,380,3,834481784
119,434,3,834481885
119,457,4,834482090
119,475,3,834482033
119,527,5,834481987
119,581,4,834482032
119,588,5,834481808
119,592,3,834481784
119,593,4,834482003
119,595,4,834481828
119,673,4,834482019
120,1,2,1211653057
120,2,2.5,1211653464
120,14,2.5,1211654799
120,25,4.5,1211653342
120,29,4.5,1211654688
120,31,2.5,1211654444
120,32,5,1211653080
120,34,4,1211653188
120,36,4.5,1211653352
120,47,3.5,1211653134
120,50,4.5,1211653090
120,52,4.5,1211654235
120,58,3.5,1211653951
120,62,2.5,1211653381
120,101,4.5,1211766020
120,110,3,1211653036
120,111,4,1211653411
120,141,3.5,1211653304
120,150,2.5,1211653039
120,208,0.5,1211653254
120,231,3,1211653203
120,232,4,1211654877
120,235,5,1211653661
120,237,2,1211770711
120,246,4,1211654207
120,256,2,1211770252
120,260,3,1211653032
120,266,3.5,1211653638
120,272,4,1211654488
120,276,3,1211772529
120,282,3.5,1211654034
120,296,4,1211653004
120,306,4,1211654840
120,314,4,1211768275
120,316,1.5,1211653179
120,318,4,1211653022
120,333,2,1211654276
120,337,4,1211653616
120,339,3,1211653334
120,344,2,1211653100
120,348,4.5,1211654482
120,349,2,1211764814
120,356,4.5,1211653007
120,362,3,1211770618
120,364,2,1211653158
120,367,1.5,1211653210
120,370,2.5,1211772538
120,372,4,1211654599
120,376,2.5,1211653988
120,377,1.5,1211653087
120,380,2,1211653072
120,413,1,1211652831
120,434,1,1211653257
120,435,3,1211653834
120,440,3.5,1211653452
120,448,4.5,1211766975
120,457,1,1211653026
120,466,2,1211772494
120,471,4,1211654176
120,480,2,1211653017
120,500,2.5,1211653201
120,508,3.5,1211653535
120,515,4,1211654214
120,524,3,1211654817
120,527,4,1211653074
120,529,4,1211654210
120,534,2.5,1211655228
120,535,4,1211655071
120,539,3.5,1211769616
120,543,3,1211772416
120,551,4.5,1211653599
120,585,3.5,1211654366
120,586,1.5,1211653318
120,589,3,1211653053
120,590,1.5,1211653045
120,592,3.5,1211769131
120,593,3,1211653010
120,595,3,1211653147
120,597,3,1211772409
120,608,4.5,1211653082
120,616,3,1211770729
120,648,2,1211653107
120,661,3.5,1211654326
120,663,4.5,1211772393
120,671,3,1211655010
120,708,3.5,1211653643
120,714,3,1211766645
120,719,3,1211654588
120,720,4,1211770548
120,733,1,1211653184
120,736,1,1211653153
120,743,0.5,1211652795
120,750,5,1211653515
120,765,3,1211767646
120,778,4,1211766406
120,780,2.5,1211653060
120,784,3.5,1211653812
120,800,4.5,1211654617
120,805,3,1211654042
120,837,3,1211772397
120,838,3,1211772221
120,852,1.5,1211654190
120,858,5,1211653164
120,902,4.5,1211654390
120,903,3.5,1211766158
120,904,4,1211653814
120,908,4,1211653789
120,912,4.5,1211653420
120,914,3.5,1211654477
120,920,3,1211653718
120,923,3.5,1211653681
120,924,4,1211653429
120,954,3.5,1211655282
120,968,4,1211654814
120,969,3.5,1211654353
120,994,4,1211655149
120,1019,1,1211652768
120,1020,2,1211655096
120,1035,2,1211653948
120,1036,2,1211653293
120,1042,3,1211654602
120,1060,4,1211654361
120,1064,2,1211772475
120,1077,4,1211766798
120,1078,3.5,1211772146
120,1079,3.5,1211653547
120,1080,5,1211653582
120,1093,3.5,1211654827
120,1094,4,1211653944
120,1097,3,1211653213
120,1120,4,1211654456
120,1127,3,1211653697
120,1136,4,1211653274
120,1148,4,1211653925
120,1172,4.5,1211654556
120,1173,1,1211771458
120,1175,5,1211772295
120,1183,3,1211653652
120,1193,5,1211653271
120,1196,4.5,1211653097
120,1197,4,1211653237
120,1198,3.5,1211653112
120,1199,5,1211654058
120,1206,4,1211653496
120,1207,4,1211653958
120,1208,4,1211653510
120,1210,2.5,1211653064
120,1219,4,1211653633
120,1220,4,1211653557
120,1221,5,1211653385
120,1222,5,1211653634
120,1225,3.5,1211653550
120,1230,5,1211653750
120,1231,4,1211654611
120,1233,3,1211654004
120,1234,4,1211653898
120,1237,4,1211766355
120,1243,4.5,1211766686
120,1244,4,1211654719
120,1245,4.5,1211655299
120,1246,3.5,1211653612
120,1247,4.5,1211653743
120,1252,4,1211653865
120,1258,3,1211653543
120,1263,3.5,1211654393
120,1265,4.5,1211769637
120,1266,4.5,1211653991
120,1267,3.5,1211766140
120,1269,3.5,1211767998
120,1270,2.5,1211653138
120,1271,3.5,1211654529
120,1272,4,1211654666
120,1281,4,1211766272
120,1288,4,1211653798
120,1291,3.5,1211653282
120,1292,2,1211652772
120,1293,4,1211654433
120,1302,3,1211654132
120,1307,4.5,1211653439
120,1333,3,1211654302
120,1339,3,1211654473
120,1357,3.5,1211770343
120,1358,4.5,1211653912
120,1380,2,1211653774
120,1387,3.5,1211653480
120,1391,2.5,1211653693
120,1393,2,1211769703
120,1394,4.5,1211653809
120,1396,3.5,1211654022
120,1405,4,1211654568
120,1407,3,1211653667
120,1411,3.5,1211655126
120,1449,1.5,1211652821
120,1466,3,1211654379
120,1476,3.5,1211771655
120,1483,4,1211771699
120,1485,3,1211653675
120,1527,3.5,1211769662
120,1554,4,1211771491
120,1580,3,1211653215
120,1584,2.5,1211653499
120,1610,2.5,1211653468
120,1617,3.5,1211653264
120,1625,4,1211653906
120,1635,3.5,1211655121
120,1639,4,1211653895
120,1641,4.5,1211653735
120,1645,0.5,1211654266
120,1653,3,1211653704
120,1674,2,1211654194
120,1680,4,1211654986
120,1682,4,1211653553
120,1704,4.5,1211653389
120,1721,3,1211769609
120,1729,4,1211654309
120,1732,4.5,1211653738
120,1747,4,1211654329
120,1777,3.5,1211653997
120,1784,4,1211653450
120,1845,3.5,1211766877
120,1882,1.5,1211654910
120,1883,4,1211655140
120,1884,4.5,1211655176
120,1914,4.5,1211768278
120,1921,3,1211654680
120,1923,4.5,1211653406
120,1945,4.5,1211652864
120,1947,3.5,1211654653
120,1952,4,1211652783
120,1953,3,1211654593
120,1954,5,1211653970
120,1957,4,1211654994
120,1958,4,1211655241
120,1961,4,1211653365
120,1962,4,1211654701
120,1963,3.5,1211766608
120,1968,3.5,1211653490
120,2011,3,1211772341
120,2012,3,1211653588
120,2022,3.5,1211766917
120,2023,3.5,1211654316
120,2028,3.5,1211653172
120,2054,1,1211769824
120,2065,5,1211766919
120,2076,3.5,1211771321
120,2080,2,1211772456
120,2081,2.5,1211653921
120,2108,4.5,1211654733
120,2109,4,1211655001
120,2115,4,1211653609
120,2116,3,1211655360
120,2117,4.5,1211771464
120,2133,2,1211772337
120,2138,3.5,1211768282
120,2140,4,1211654788
120,2150,4,1211654563
120,2160,3.5,1211654914
120,2161,2.5,1211654422
120,2174,3.5,1211653569
120,2268,3.5,1211653839
120,2278,3.5,1211654439
120,2289,4.5,1211654516
120,2291,4.5,1211653619
120,2294,3,1211654419
120,2302,4,1211653880
120,2313,4.5,1211655105
120,2321,4,1211653937
120,2324,4,1211653829
120,2329,3.5,1211653794
120,2352,1.5,1211654852
120,2359,4,1211654918
120,2366,3,1211652780
120,2391,4,1211768219
120,2395,4,1211654015
120,2396,4,1211653347
120,2406,2.5,1211653855
120,2407,3,1211654320
120,2423,3,1211652857
120,2431,2.5,1211655189
120,2455,2,1211654427
120,2469,4,1211767650
120,2470,2,1211654149
120,2478,3.5,1211655092
120,2502,4,1211653677
120,2529,3,1211654047
120,2571,3.5,1211653116
120,2580,4,1211654538
120,2599,4,1211653876
120,2616,2,1211652837
120,2628,0.5,1211653245
120,2640,2,1211769854
120,2641,2,1211770516
120,2683,2.5,1211653401
120,2692,4,1211653823
120,2699,2.5,1211653884
120,2700,3.5,1211653687
120,2706,3,1211653470
120,2710,4,1211653576
120,2712,3.5,1211653859
120,2716,3,1211653326
120,2717,3,1211654779
120,2723,3.5,1211770521
120,2725,4.5,1211765629
120,2761,4.5,1211654833
120,2762,3.5,1211653197
120,2770,3.5,1211654350
120,2788,4,1211655347
120,2791,4,1211772423
120,2795,3,1211652848
120,2797,3.5,1211653579
120,2858,4.5,1211653123
120,2871,4,1211654660
120,2890,4.5,1211654170
120,2918,4,1211653540
120,2959,4,1211653288
120,2968,4.5,1211654581
120,2973,4.5,1211766268
120,2987,4,1211769712
120,2997,4.5,1211653362
120,3000,4.5,1211654881
120,3033,3.5,1211654288
120,3039,3.5,1211654523
120,3052,3.5,1211653843
120,3081,3,1211654074
120,3089,4,1211768588
120,3100,4,1211652867
120,3105,4.5,1211652806
120,3108,5,1211654730
120,3129,4,1211766923
120,3147,2,1211653711
120,3148,4,1211654989
120,3152,4.5,1211766401
120,3160,4,1211654247
120,3174,4.5,1211654808
120,3175,4,1211653999
120,3176,3.5,1211653962
120,3255,3,1211654404
120,3317,3.5,1211766801
120,3386,3.5,1211654936
120,3396,3.5,1211655007
120,3421,3.5,1211654295
120,3424,4,1211652839
120,3448,4.5,1211654230
120,3462,4,1211768472
120,3471,3,1211653979
120,3476,2,1211766883
120,3481,4.5,1211653849
120,3499,2.5,1211654637
120,3556,3.5,1211655259
120,3617,2,1211772413
120,3683,4.5,1211766179
120,3688,1,1211771850
120,3730,5,1211767589
120,3751,4,1211653782
120,3752,2.5,1211772526
120,3755,3,1211654461
120,3793,3,1211769670
120,3809,3,1211652872
120,3814,3.5,1211766347
120,3863,3.5,1211654780
120,3868,2.5,1211772322
120,3869,2.5,1211772536
120,3897,4,1211653659
120,3911,4.5,1211654411
120,3948,3.5,1211653941
120,3949,4.5,1211767816
120,3967,3.5,1211654976
120,3994,3.5,1211654119
120,3996,4.5,1211653415
120,4002,3,1211655016
120,4011,3.5,1211654184
120,4014,4,1211654504
120,4018,2,1211654761
120,4022,4.5,1211653785
120,4025,2.5,1211770429
120,4027,5,1211653755
120,4034,4.5,1211653725
120,4226,5,1211653485
120,4239,3.5,1211655235
120,4306,3.5,1211653339
120,4308,4,1211654375
120,4343,2,1211772489
120,4361,4,1211770789
120,4370,3,1211654494
120,4447,2,1211770814
120,4467,4,1211765045
120,4571,2.5,1211654772
120,4642,4.5,1211768211
120,4643,2,1211770720
120,4647,3.5,1211765633
120,4703,4,1211768202
120,4799,2,1211772329
120,4874,3,1211655272
120,4878,4.5,1211654239
120,4881,3.5,1211765285
120,4886,3.5,1211653628
120,4902,4.5,1211765781
120,4911,3,1211765058
120,4963,3,1211653708
120,4973,5,1211653819
120,4979,5,1211654372
120,4993,4,1211653313
120,4995,4,1211653762
120,5013,4,1211655182
120,5015,3,1211771019
120,5060,4,1211653930
120,5218,2.5,1211654521
120,5299,3.5,1211654497
120,5377,4,1211654727
120,5378,2.5,1211764870
120,5418,3,1211765939
120,5459,3,1211654741
120,5464,0.5,1211770845
120,5502,3,1211654509
120,5617,4.5,1211768207
120,5618,4.5,1211654738
120,5669,4.5,1211654369
120,5673,4.5,1211766907
120,5690,5,1211766225
120,5902,3.5,1211654744
120,5945,4,1211772200
120,5952,4,1211653360
120,5989,3.5,1211654124
120,5991,3,1211654764
120,5995,4,1211654873
120,6170,4,1211767532
120,6333,2,1211654145
120,6350,4,1211766162
120,6365,2,1211654114
120,6373,3,1211655059
120,6377,3,1211653770
120,6378,3,1211654775
120,6385,4,1211768101
120,6440,4,1211765278
120,6461,4.5,1211766410
120,6539,3,1211653671
120,6547,4.5,1211765495
120,6587,0.5,1211767406
120,6630,3,1211655397
120,6708,4,1211772223
120,6711,4.5,1211654225
120,6763,2.5,1211772486
120,6773,4.5,1211766739
120,6807,2,1211765043
120,6863,3.5,1211654905
120,6867,5,1211766234
120,6870,4,1211655050
120,6873,3,1211765471
120,6874,3.5,1211653927
120,6927,4,1211771605
120,6934,0.5,1211654548
120,6993,4.5,1211766228
120,7003,4,1211767455
120,7070,2.5,1211768645
120,7099,4.5,1211766171
120,7137,4.5,1211771484
120,7147,4.5,1211654541
120,7153,4,1211653521
120,7361,4.5,1211654051
120,7367,3,1211765474
120,7438,3.5,1211654200
120,7478,3,1211766338
120,7983,2.5,1211766463
120,8341,2.5,1211655657
120,8360,3.5,1211654285
120,8376,4.5,1211772245
120,8528,2,1211772367
120,8622,4,1211654868
120,8636,3,1211764822
120,8644,2.5,1211655084
120,8784,4.5,1211654978
120,8873,4,1211766420
120,8874,3.5,1211655077
120,8910,3,1211766973
120,8949,4,1211655153
120,26111,3.5,1211766109
120,26662,4,1211772084
120,27721,4,1211767949
120,30707,4.5,1211655156
120,30749,3.5,1211767717
120,30793,4,1211769123
120,30810,3.5,1211766022
120,31658,4,1211766343
120,33166,4,1211655170
120,33493,3.5,1211654627
120,34338,4,1211772241
120,35836,4,1211765729
120,36401,3,1211765055
120,36517,4.5,1211766746
120,36535,4,1211766616
120,37729,3.5,1211769119
120,37733,3.5,1211771365
120,39183,4.5,1211768066
120,39414,4.5,1211765708
120,43560,2.5,1211772402
120,45722,3,1211772406
120,46578,5,1211766416
120,46723,4,1211768214
120,46976,4,1211767901
120,47465,5,1211765052
120,47629,4,1211655478
120,48385,3,1211771453
120,48394,4.5,1211765844
120,48516,4,1211655246
120,50923,4,1211765631
120,52967,4.5,1211655668
120,52973,4,1211765749
120,53123,5,1211766351
120,54272,4,1211772229
120,54503,4,1211772144
120,54881,3.5,1211655591
120,55269,4,1211766009
120,55820,4.5,1211652946
120,56367,4,1211652979
120,56757,4.5,1211769098
120,59018,5,1211652913
121,260,5,1485429823
122,333,4.5,1321855530
122,362,4.5,1321855597
122,441,1,1321855589
122,524,4,1321855584
122,673,3.5,1321855559
122,1032,5,1321855612
122,1347,4,1321855617
122,1416,4.5,1321855671
122,2080,5,1321855551
122,2288,4,1321855581
122,2294,4,1321855546
122,2394,5,1321855644
122,2761,4.5,1321855605
122,2881,3.5,1321855601
122,3273,3.5,1321855662
123,1,3,968555453
123,21,5,968555495
123,34,2,968555249
123,39,4,968555549
123,45,5,968555344
123,47,4,968556042
123,50,4,968556004
123,69,2,968555305
123,112,3,968570443
123,152,2,968569472
123,163,5,968556153
123,188,4,968569637
123,196,4,968555050
123,223,5,968555377
123,253,4,968569637
123,260,5,968570386
123,273,5,968569739
123,290,3,968569836
123,372,4,968555420
123,382,4,968569785
123,562,2,968555495
123,565,2,968569701
123,588,5,968555582
123,589,5,968556042
123,593,5,968556042
123,608,5,968556004
123,610,5,968569560
123,627,5,968556153
123,724,4,968569637
123,733,2,968556076
123,919,5,968570386
123,968,5,968569430
123,1060,5,968555529
123,1073,5,968570420
123,1089,5,968555093
123,1197,5,968570420
123,1198,5,968570386
123,1214,5,968569247
123,1215,5,968555931
123,1258,5,968569383
123,1261,5,968569288
123,1265,5,968555344
123,1270,3,968555050
123,1320,5,968569701
123,1321,5,968569430
123,1334,5,968569560
123,1339,1,968569520
123,1342,3,968569637
123,1345,5,968569472
123,1347,3,968569472
123,1358,5,968556004
123,1387,5,968569288
123,1407,3,968556106
123,1440,3,968555213
123,1466,3,968555093
123,1500,3,968555529
123,1617,3,968556004
123,1667,5,968570324
123,1753,4,968555277
123,1784,5,968555377
123,1805,5,968556153
123,1824,2,968555213
123,1883,5,968555397
123,1982,4,968569288
123,1994,5,968569288
123,2024,5,968570791
123,2028,4,968555012
123,2058,4,968556153
123,2321,4,968555495
123,2355,3,968555582
123,2366,4,968569383
123,2367,3,968569785
123,2391,4,968570984
123,2395,4,968555453
123,2396,4,968555249
123,2455,5,968569472
123,2518,5,968570130
123,2539,3,968555093
123,2571,5,968556042
123,2580,5,968570268
123,2647,5,968569430
123,2654,5,968569430
123,2710,4,968569637
123,2716,5,968569247
123,2746,5,968569496
123,2762,5,968556004
123,2789,5,968569701
123,2858,5,968555249
123,2997,5,968555277
123,3018,5,968569247
123,3108,5,968555495
123,3167,2,968555012
123,3253,5,968555931
123,3255,4,968555582
123,3264,3,968569637
123,3476,5,968569430
123,3499,5,968569383
123,3550,2,968569430
123,3676,1,968569383
124,65,2.5,1216725747
124,382,4,1216725688
124,1019,5,1216725656
124,1299,4,1216725620
124,1373,3,1216725630
124,1385,3.5,1216725681
124,1416,3.5,1216725718
124,1635,4,1216725677
124,1959,4,1216725734
124,2067,3,1216725700
124,2686,3,1216725708
124,2724,4.5,1216922542
124,2944,5,1216725640
124,3105,3,1216725671
124,3969,3,1216725756
125,29,4.5,1128537522
125,32,5,1128537489
125,34,2,1128536388
125,63,2.5,1128536558
125,101,4.5,1128538108
125,111,4,1128537292
125,162,5,1128537887
125,165,3,1128537308
125,172,2,1128537301
125,175,4,1128536554
125,235,5,1128537128
125,236,1,1128536263
125,252,3,1128536395
125,277,1,1128536346
125,282,3,1128536369
125,288,3.5,1128537324
125,296,4,1128537685
125,300,4.5,1128538360
125,329,1,1128536390
125,337,3.5,1128537464
125,344,2.5,1128537316
125,382,2.5,1128536562
125,410,2,1128537295
125,432,2.5,1128536229
125,440,3,1128536425
125,441,4,1128537527
125,466,1.5,1128536273
125,471,4.5,1128537258
125,497,3,1128536360
125,524,1,1128536550
125,535,4.5,1128538380
125,541,4,1128538640
125,562,5,1128537604
125,585,2,1128536364
125,589,3.5,1128537162
125,599,4,1128656960
125,608,4.5,1128537654
125,671,4,1128537475
125,714,4,1128536770
125,750,5,1128538038
125,765,0.5,1128536569
125,780,2.5,1128536373
125,788,2,1128537269
125,858,4.5,1128657249
125,904,4.5,1128536283
125,908,5,1128536241
125,923,4.5,1128538121
125,924,5,1128537660
125,968,4,1128537119
125,1021,1.5,1128536574
125,1073,4,1128537284
125,1077,5,1128538367
125,1079,4,1128537267
125,1080,4,1128537608
125,1089,4,1128538598
125,1090,3,1128536279
125,1095,4.5,1128538250
125,1097,3.5,1128537243
125,1136,4.5,1128538613
125,1199,4.5,1128538124
125,1206,5,1128538075
125,1208,4.5,1128538602
125,1212,4.5,1128538264
125,1213,5,1128538587
125,1219,5,1128657256
125,1221,5,1128657261
125,1228,5,1128538591
125,1230,5,1128538305
125,1237,4.5,1128656979
125,1240,3,1128537247
125,1244,5,1128538334
125,1247,3.5,1128538271
125,1248,5,1128537913
125,1250,4.5,1128537252
125,1252,5,1128538117
125,1260,4,1128537915
125,1284,5,1128656944
125,1285,3.5,1128537588
125,1288,4,1128536253
125,1292,5,1128538342
125,1348,4,1128537878
125,1358,3,1128537212
125,1380,1,1128536266
125,1387,3,1128536415
125,1394,4.5,1128537232
125,1546,5,1128538384
125,1617,4.5,1128656911
125,1639,3.5,1128537207
125,1653,2.5,1128536236
125,1665,0.5,1128536532
125,1673,4.5,1128537537
125,1729,4,1128537530
125,1732,5,1128536259
125,1747,3.5,1128537216
125,1876,2,1128537202
125,1916,4,1128537551
125,1952,4,1128538311
125,1953,4,1128536511
125,1963,4.5,1128538357
125,2010,5,1128538135
125,2011,4,1128537220
125,2021,1,1128536487
125,2054,2.5,1128536269
125,2076,4,1128538320
125,2105,2,1128536518
125,2160,4,1128538318
125,2161,3.5,1128536503
125,2174,4.5,1128537204
125,2232,2.5,1128536514
125,2253,3,1128536508
125,2294,3,1128536490
125,2302,3.5,1128537196
125,2318,4,1128537921
125,2330,5,1128537930
125,2395,5,1128537575
125,2413,3,1128536455
125,2567,1.5,1128536445
125,2571,2,1128537237
125,2599,3.5,1128537619
125,2617,0.5,1128536276
125,2640,3,1128536251
125,2683,2.5,1128537151
125,2692,3.5,1128537665
125,2693,4,1128537481
125,2700,2,1128536247
125,2726,5,1128538126
125,2746,1.5,1128536442
125,2759,3,1128536451
125,2788,4.5,1128537572
125,2858,3,1128537167
125,2890,3.5,1128537180
125,2912,4,1128537567
125,2966,4,1128656956
125,2970,4,1128536690
125,2997,4.5,1128537155
125,3002,5,1128536693
125,3007,5,1128537884
125,3019,4,1128538255
125,3030,3.5,1128656842
125,3108,4,1128537952
125,3129,4.5,1128537943
125,3148,2.5,1128536471
125,3201,4,1128537962
125,3254,2.5,1128537416
125,3317,4.5,1128537433
125,3328,4,1128536764
125,3408,2.5,1128537174
125,3424,5,1128538261
125,3435,4.5,1128538132
125,3471,4.5,1128537557
125,3481,4,1128537560
125,3489,4,1128536436
125,3504,5,1128538607
125,3507,4,1128537412
125,3535,3,1128537427
125,3543,4,1128538464
125,3608,5,1128538443
125,3671,3.5,1128537400
125,3676,4,1128537680
125,3683,4,1128538100
125,3730,4,1128537892
125,3747,4,1128538447
125,3809,3.5,1128537404
125,3893,3,1128537393
125,3897,5,1128536224
125,3911,4,1128656971
125,3925,4,1128538405
125,3949,3.5,1128538628
125,4007,3.5,1128537386
125,4027,3.5,1128537171
125,4214,3,1128537356
125,4217,3.5,1128538080
125,4226,4,1128537599
125,4239,3,1128536433
125,4327,3,1128536463
125,4641,5,1128537361
125,4848,3.5,1128537657
125,4881,5,1128537631
125,4973,3.5,1128536422
125,4975,4,1128537367
125,4979,4.5,1128537486
125,4980,3.5,1128537380
125,5177,4,1128538412
125,5288,5,1128656967
125,5291,3.5,1128656834
125,5445,3.5,1128537148
125,5669,4,1128537647
125,5673,3.5,1128537902
125,5902,4.5,1128537612
125,5995,4.5,1128656916
125,6001,4,1128538083
125,6016,4.5,1128538063
125,6104,4.5,1128537714
125,6296,4,1128537651
125,6301,5,1128538275
125,6365,1,1128537349
125,6380,5,1130447506
125,6440,5,1128537869
125,6502,3.5,1128537500
125,6620,4,1128537629
125,6711,4,1128656901
125,6773,4.5,1128656983
125,6787,4.5,1128538215
125,6807,4.5,1128538092
125,6852,4,1130447515
125,6957,4.5,1128538397
125,6987,4,1128537722
125,6993,5,1128537908
125,7001,3.5,1128537515
125,7063,4,1128536698
125,7084,5,1128538337
125,7361,4.5,1128537335
125,7438,3,1128656919
125,7460,3,1128536760
125,7792,3.5,1128656928
125,7924,3.5,1128538034
125,7934,5,1128537898
125,8228,4.5,1128538623
125,8451,3.5,1128536653
125,8477,5,1128538434
125,8507,3.5,1128537109
125,8582,5,1128537105
125,8622,3,1128537343
125,8910,4,1128537940
125,8949,4.5,1128538635
125,30810,4,1128537905
125,33794,4,1128537455
125,35836,3.5,1128537540
126,2,5,840297413
126,44,3,840297200
126,95,5,840297265
126,150,5,840297054
126,153,3,840297089
126,161,5,840297657
126,165,5,840297088
126,173,4,840297413
126,185,4,840297582
126,204,4,840297381
126,208,4,840297333
126,231,3,840297120
126,253,5,840297582
126,266,3,840297544
126,292,5,840297565
126,316,5,840297120
126,329,3,840297201
126,339,5,840297565
126,344,3,840297088
126,349,4,840297088
126,356,5,840297237
126,362,4,840297496
126,364,5,840297237
126,377,5,840297238
126,380,5,840297056
126,405,3,840297464
126,434,4,840297381
126,442,3,840297243
126,457,5,840297120
126,464,4,840297381
126,474,3,840297657
126,480,4,840297168
126,491,4,840297496
126,552,5,840297413
126,587,5,840297657
126,588,5,840297088
126,589,5,840297169
126,590,5,840297052
126,592,4,840297050
126,594,5,840297413
126,595,5,840297120
126,596,4,840297496
126,610,5,840297381
126,648,5,840297464
127,6,5,832056067
127,10,3,832049629
127,32,4,832050157
127,34,5,832050225
127,39,3,832050244
127,40,4,832057042
127,50,5,832049956
127,110,4,832049782
127,116,4,832056977
127,117,4,832057154
127,150,4,832049575
127,153,3,832049595
127,160,2,832050244
127,161,3,832049738
127,165,3,832049595
127,173,3,832050312
127,185,2,832049757
127,196,3,832050326
127,198,4,832056475
127,223,4,832056011
127,230,4,832056085
127,231,1,832049738
127,247,4,832050075
127,249,3,832056209
127,253,3,832049757
127,265,4,832055875
127,272,5,832050061
127,273,2,832056085
127,288,4,832049782
127,292,3,832049757
127,296,3,832049575
127,299,5,832056663
127,305,1,832056135
127,315,2,832050279
127,316,3,832049628
127,318,5,832049629
127,319,5,832050044
127,327,3,832056360
127,329,3,832049628
127,337,3,832050313
127,339,3,832049738
127,342,3,832056162
127,349,3,832049595
127,350,3,832056614
127,353,3,832056689
127,362,3,832057042
127,420,3,832050279
127,427,3,832056209
127,431,4,832056135
127,440,3,832056517
127,442,3,832056614
127,454,3,832056460
127,457,3,832050003
127,491,3,832056867
127,494,3,832056209
127,509,5,832050135
127,551,4,832056552
127,555,4,832056011
127,588,4,832049595
127,590,4,832049575
127,592,3,832049575
127,593,3,832049978
127,595,3,832049629
127,720,5,832049956
127,728,4,832057642
127,745,5,832049956
128,110,5,1462058899
128,318,5,1462058776
128,5952,5,1462058786
128,69844,4.5,1462058928
128,87232,4,1462058930
128,115617,4.5,1462058931
128,122882,4.5,1462058830
128,122900,4,1462058843
128,122904,4.5,1462058809
128,134130,5,1462058800
128,136864,3,1462058875
128,152081,5,1462058803
129,1,5,993336346
129,36,5,993336178
129,50,5,993336122
129,111,4,993336001
129,188,5,993336726
129,260,5,993336331
129,296,5,993336163
129,318,5,993336163
129,457,4,993336491
129,527,5,993336200
129,589,4,993336298
129,593,5,993336236
129,610,4,993336663
129,735,5,993336440
129,903,5,993336477
129,904,5,993336510
129,923,4,993336360
129,965,5,993336565
129,1036,5,993336465
129,1089,5,993336122
129,1097,5,993336286
129,1193,4,993336163
129,1196,4,993336236
129,1198,5,993336134
129,1203,5,993336163
129,1207,5,993336178
129,1208,4,993336259
129,1212,3,993336236
129,1214,5,993336163
129,1215,5,993336663
129,1219,5,993336612
129,1231,5,993336452
129,1233,5,993336320
129,1250,5,993336374
129,1252,4,993336178
129,1258,3,993336543
129,1262,5,993336286
129,1266,3,993336399
129,1267,5,993336374
129,1270,2,993336388
129,1299,5,993336440
129,1304,4,993336286
129,1333,5,993336627
129,1345,5,993336673
129,1350,4,993336645
129,1358,4,993336388
129,1407,3,993336645
129,1673,3,993336587
129,1833,3,993336001
129,1982,5,993336645
129,1994,3,993336663
129,2028,5,993336360
129,2118,5,993336701
129,2159,4,993336726
129,2160,1,993336645
129,2398,4,993336259
129,2455,4,993336726
129,2553,4,993336726
129,2571,5,993336286
129,2664,5,993336627
129,2747,1,993336663
129,2762,3,993336236
129,2881,2,993336001
129,2901,3,993336645
129,2918,3,993336521
129,3081,4,993336726
129,3101,4,993336023
129,3196,5,993336414
129,3327,4,993336310
129,3342,4,993336427
129,3362,4,993336543
129,3421,3,993336465
129,3499,4,993336527
129,3551,5,993336477
129,3576,5,993336726
129,3727,5,993336510
129,3730,4,993336414
129,3789,5,993336554
129,3793,3,993336001
129,3838,2,993336023
129,3839,2,993336627
129,3947,1,993336587
129,3996,3,993336236
129,4034,4,993336189
129,4128,4,993336701
129,4327,4,993336163
129,4361,1,993336346
130,1466,5,1174672798
130,1614,3.5,1174672866
130,2605,4,1174672822
130,3484,3.5,1174672955
130,7458,4,1174672910
131,1,4,852309608
131,3,2,852309667
131,6,3,852309667
131,7,3,852309667
131,18,4,852310094
131,21,3,852310668
131,22,3,852310867
131,25,3,852309609
131,32,5,852309608
131,36,4,852309667
131,39,3,852310728
131,47,4,852310667
131,50,5,852310668
131,52,3,852309717
131,62,3,852309609
131,65,2,852310148
131,78,3,852310574
131,79,2,852309808
131,94,4,852310094
131,95,3,852309608
131,104,3,852309717
131,110,4,852310728
131,111,5,852310786
131,112,2,852309667
131,118,3,852310148
131,135,1,852309808
131,140,3,852309808
131,141,3,852309608
131,144,4,852310516
131,223,5,852310728
131,230,3,852310867
131,247,3,852310400
131,253,3,852310667
131,265,4,852310484
131,280,2,852310867
131,288,3,852310728
131,296,5,852310666
131,306,3,852310401
131,307,3,852310401
131,308,5,852310439
131,314,3,852310516
131,319,5,852310401
131,322,4,852310786
131,329,3,852311090
131,339,3,852310728
131,344,3,852310666
131,345,4,852310400
131,353,3,852310668
131,356,2,852310728
131,457,5,852310867
131,467,1,852310148
131,501,3,852310484
131,509,5,852310401
131,527,5,852310728
131,539,4,852310786
131,555,3,852310786
131,593,5,852310667
131,608,5,852309667
131,628,4,852309808
131,648,1,852309609
131,708,4,852309717
131,719,3,852310148
131,733,4,852309667
131,736,3,852309608
131,737,3,852309808
131,780,3,852309608
131,784,4,852309717
131,786,2,852309717
131,904,5,852310867
131,1073,4,852309717
131,1089,5,852310786
131,1127,3,852310948
131,1183,3,852309917
131,1200,5,852310867
131,1245,5,852310574
131,1252,3,852310948
131,1266,5,852310948
131,1356,4,852311090
131,1371,3,852311090
131,1372,3,852311090
131,1373,3,852311090
131,1374,4,852311090
131,1375,3,852311090
131,1376,5,852311090
131,1390,3,852310245
131,1391,5,852310186
131,1405,2,852310214
132,1,3,962918961
132,4,2,963010162
132,11,3,963010143
132,21,2,963009749
132,25,4,962918663
132,29,4,963851336
132,32,2,962988027
132,39,3,963009880
132,44,1,979076682
132,45,2,971828258
132,47,4,979076898
132,50,5,962987717
132,66,1,979077168
132,69,4,963009711
132,94,3,1000087412
132,101,5,963094811
132,104,4,963009941
132,110,3,979076162
132,111,4,962918250
132,118,4,963009924
132,122,2,963268064
132,123,5,982206061
132,141,3,979076112
132,144,3,969246335
132,150,3,969245290
132,160,1,963268206
132,161,3,971827566
132,175,4,963408751
132,180,4,963175704
132,216,3,979075707
132,223,4,979076216
132,233,2,965602574
132,260,4,1009750000
132,272,4,963721982
132,293,4,962988623
132,296,5,962918620
132,318,4,963095062
132,319,4,1014046064
132,320,4,1004779658
132,337,4,963267737
132,356,3,963322617
132,358,3,962919416
132,363,4,1019882854
132,364,4,963409192
132,367,2,963009994
132,377,2,969245876
132,382,2,1011318936
132,390,5,963094869
132,436,2,1011318634
132,440,3,963010026
132,441,4,963010753
132,454,3,969245826
132,457,3,963094716
132,459,3,969243645
132,466,2,1011318775
132,471,3,963009880
132,480,2,969245992
132,482,3,969244556
132,508,4,986176342
132,510,2,963268030
132,527,3,962917225
132,529,2,979079767
132,533,2,962917655
132,542,2,1011318677
132,543,2,963010143
132,588,4,963009675
132,589,3,963094716
132,590,3,979076241
132,592,3,979075668
132,593,4,962919708
132,603,2,963855168
132,605,3,963855521
132,608,4,979076330
132,612,2,963010111
132,628,4,963107620
132,653,2,963268231
132,661,3,963409335
132,708,3,963009978
132,750,5,962917882
132,778,5,962919755
132,784,3,1011319021
132,800,5,969244768
132,803,4,987189704
132,852,3,963010179
132,858,5,999971832
132,898,4,1007487438
132,903,4,963095102
132,908,4,1015273641
132,910,4,972224555
132,912,5,1005896811
132,919,3,962919595
132,920,3,963116501
132,923,5,963094826
132,924,4,963095526
132,953,3,962918303
132,954,4,1019064158
132,999,3,969245340
132,1022,4,963409185
132,1027,3,1011318975
132,1028,3,963009749
132,1030,4,963268370
132,1036,3,963070049
132,1037,1,963268788
132,1042,2,963009899
132,1047,3,963268350
132,1060,4,979076983
132,1064,3,963409282
132,1073,4,963095118
132,1079,5,963094869
132,1084,4,962919737
132,1088,2,963174317
132,1089,5,962919036
132,1091,1,963175261
132,1095,3,963107737
132,1097,3,963173944
132,1101,2,963174317
132,1120,4,969245412
132,1127,3,1011318801
132,1129,2,963173944
132,1136,5,962918250
132,1150,3,963070185
132,1179,4,995946985
132,1183,3,979079591
132,1186,4,981320740
132,1188,2,979076962
132,1190,4,994217241
132,1193,5,962918494
132,1196,5,1009750029
132,1197,4,962918519
132,1198,4,979076829
132,1199,2,962918519
132,1200,3,963094678
132,1204,5,1028611297
132,1206,5,963175650
132,1207,4,962917945
132,1208,5,963095423
132,1210,4,1009750055
132,1213,3,962988065
132,1214,3,963094678
132,1215,3,963010074
132,1219,5,963095018
132,1221,4,999971832
132,1222,5,963094888
132,1228,5,1019367392
132,1230,4,969738602
132,1233,5,1020292162
132,1240,3,962988158
132,1242,4,962918805
132,1243,4,1011318886
132,1244,5,1028127902
132,1246,4,963069923
132,1247,5,962918195
132,1248,4,1015724376
132,1251,5,1023656964
132,1252,5,1017975486
132,1257,4,971534706
132,1258,4,963095062
132,1259,4,963095080
132,1263,4,1019192822
132,1265,2,963009641
132,1270,3,963069923
132,1272,4,979076782
132,1274,3,979075542
132,1275,4,1012353278
132,1276,4,967473854
132,1277,3,962988327
132,1285,3,963009612
132,1288,5,1017734624
132,1291,3,962918961
132,1293,3,963070140
132,1297,2,962988379
132,1298,5,963174129
132,1302,3,963174010
132,1304,5,962917945
132,1307,3,963173987
132,1321,3,963174047
132,1343,2,969244659
132,1347,2,979076738
132,1348,4,986087346
132,1357,3,979794549
132,1381,2,963175427
132,1387,3,962918494
132,1393,4,969244928
132,1394,4,979076830
132,1449,3,1024463272
132,1476,3,963009961
132,1477,3,979081062
132,1500,4,969245073
132,1517,4,979075874
132,1569,4,963010074
132,1580,2,963009978
132,1584,2,979076217
132,1587,2,963174297
132,1594,3,963107759
132,1599,1,969738525
132,1610,3,963094716
132,1611,5,969245646
132,1617,4,962917208
132,1621,4,963107544
132,1625,3,986176374
132,1635,4,962988538
132,1639,5,963175619
132,1641,3,979076392
132,1653,3,969245756
132,1658,4,963268102
132,1663,4,963174149
132,1673,5,963107737
132,1682,4,969245497
132,1704,5,963010697
132,1721,3,969246232
132,1732,4,963009814
132,1748,3,1010561465
132,1753,3,963009530
132,1784,3,963009749
132,1816,3,1011319102
132,1817,2,965601374
132,1821,2,963010143
132,1854,3,979076614
132,1873,3,962987747
132,1883,3,963009847
132,1895,3,963010026
132,1902,2,1000086880
132,1912,5,963795345
132,1917,2,963267921
132,1921,5,969246199
132,1923,4,969245544
132,1927,3,962919773
132,1945,4,962918220
132,1950,4,1019711482
132,1952,5,983673606
132,1953,5,1011903752
132,1954,3,963094716
132,1955,4,969244501
132,1956,5,963094999
132,1961,4,963070238
132,1962,3,963070238
132,1967,3,963174078
132,1968,4,962988555
132,2000,3,963009832
132,2001,3,963174212
132,2003,3,979076503
132,2005,4,979076503
132,2010,4,963094949
132,2011,3,963174230
132,2018,4,969244639
132,2019,5,1013199250
132,2020,4,962918391
132,2028,3,962918649
132,2042,2,963268434
132,2054,2,963174318
132,2058,3,963010753
132,2064,5,963095035
132,2078,4,963010162
132,2092,3,963409405
132,2097,3,1018830027
132,2100,4,963174149
132,2109,4,963010092
132,2115,2,979076589
132,2121,3,1012353453
132,2133,2,963174212
132,2134,2,1012353419
132,2137,4,963409282
132,2139,4,1015195876
132,2140,4,1015904156
132,2141,4,963174338
132,2144,3,963009775
132,2145,3,963010143
132,2155,4,963009775
132,2161,4,969246105
132,2174,2,963009661
132,2190,2,962917208
132,2193,2,963174212
132,2194,3,963173944
132,2231,4,969246105
132,2248,5,979101143
132,2268,4,963268231
132,2278,2,969245646
132,2280,3,976689173
132,2291,3,979076267
132,2294,4,963409282
132,2302,3,963009861
132,2303,4,973977253
132,2318,5,963175687
132,2320,4,1020618060
132,2321,4,969244411
132,2329,4,962919793
132,2333,4,1021991106
132,2335,4,963267854
132,2336,4,1007337335
132,2348,3,963070000
132,2353,3,963094870
132,2371,3,963009880
132,2378,1,963175013
132,2395,5,963107712
132,2396,4,962988065
132,2401,2,969245792
132,2404,1,963175372
132,2406,3,1012353386
132,2411,1,963175261
132,2416,1,979075668
132,2420,3,963174251
132,2421,2,963175342
132,2422,1,963175413
132,2423,2,963010143
132,2424,3,963268410
132,2427,2,963851765
132,2432,2,1011319063
132,2455,2,963173970
132,2467,3,963070049
132,2470,2,1011319063
132,2478,2,1012353526
132,2502,4,963009924
132,2513,3,1012353602
132,2527,4,969245474
132,2529,4,1001561499
132,2542,4,984540178
132,2551,4,1020874928
132,2571,4,963010731
132,2580,5,963268231
132,2594,4,1006910474
132,2599,5,968895964
132,2616,2,1011318727
132,2628,3,963069664
132,2657,3,963010026
132,2664,3,962918750
132,2671,4,963010074
132,2683,3,963408810
132,2686,4,1011289529
132,2692,5,962918750
132,2700,4,979076962
132,2706,3,979075572
132,2707,3,1011319102
132,2710,3,963267879
132,2716,3,963009612
132,2719,1,963795590
132,2723,3,964981108
132,2728,2,1019882569
132,2745,5,1012323408
132,2746,3,963174173
132,2761,4,963969422
132,2762,4,963069589
132,2764,4,1014612691
132,2791,3,962918494
132,2794,2,963175013
132,2797,3,963174010
132,2804,2,963070000
132,2810,3,1011426255
132,2829,2,976379615
132,2836,3,963009961
132,2857,4,1019711433
132,2858,5,962917304
132,2863,5,978143791
132,2871,4,1003118733
132,2872,4,963174027
132,2883,4,962917330
132,2890,4,979077005
132,2908,3,1000087348
132,2912,4,981336989
132,2915,3,963009793
132,2916,2,969245846
132,2918,4,962988065
132,2924,4,1000087441
132,2926,2,963009924
132,2942,2,979077115
132,2952,3,978294533
132,2959,5,962919595
132,2968,3,1006735743
132,2985,2,963174047
132,2987,3,963095118
132,2997,5,962918750
132,3006,3,962918363
132,3007,4,973397220
132,3019,4,1012980052
132,3033,3,1012353602
132,3039,3,963009775
132,3052,4,962917351
132,3067,4,1018555219
132,3072,3,962918805
132,3081,4,1013982177
132,3083,5,991017919
132,3087,2,963174173
132,3090,4,962918694
132,3100,3,979076858
132,3104,4,969245290
132,3108,2,963009749
132,3113,1,962917407
132,3147,3,962917351
132,3160,5,962919793
132,3168,5,963095462
132,3173,2,963277625
132,3174,3,963009814
132,3176,3,963069621
132,3179,4,1008914955
132,3186,3,963496137
132,3198,3,1020034242
132,3201,4,982981724
132,3210,4,963070238
132,3243,1,1011318993
132,3250,2,969245214
132,3253,3,963009711
132,3261,4,969245992
132,3274,3,1011319006
132,3275,3,979076163
132,3285,1,963010479
132,3296,4,1019601917
132,3317,4,986087281
132,3360,3,962918985
132,3361,3,962919675
132,3386,3,963095540
132,3387,2,963175013
132,3394,2,1012353697
132,3408,3,963010383
132,3412,3,963173970
132,3418,3,962919115
132,3421,4,962918766
132,3422,3,962917225
132,3424,5,962918363
132,3441,3,1012353399
132,3448,3,963009880
132,3453,2,965601711
132,3457,2,975895352
132,3462,4,962919295
132,3469,4,963095234
132,3471,4,1016771951
132,3477,4,979076307
132,3481,4,970858175
132,3499,2,962918937
132,3504,5,963094966
132,3510,4,1015195718
132,3525,3,963175013
132,3526,2,963009832
132,3527,2,969245312
132,3528,2,1011318993
132,3535,2,963010430
132,3536,3,1014336687
132,3551,4,996455482
132,3552,4,963174063
132,3556,3,979487983
132,3571,3,971826498
132,3578,3,963010404
132,3598,4,993594312
132,3608,3,963009580
132,3617,3,963010404
132,3624,3,1011013388
132,3671,4,1018665452
132,3683,4,979078006
132,3699,2,963173970
132,3707,3,1012353646
132,3723,3,963277528
132,3740,2,963277449
132,3747,4,976719794
132,3751,3,983673564
132,3783,4,995834209
132,3790,3,965082690
132,3791,2,979076392
132,3793,3,979077074
132,3794,5,978454812
132,3801,4,1016504041
132,3809,3,963277601
132,3852,3,969738123
132,3858,3,981769004
132,3863,3,981320810
132,3868,3,1012353309
132,3886,2,982455735
132,3897,4,972159878
132,3903,4,999977333
132,3910,5,971045485
132,3949,4,976547608
132,3952,3,1015994547
132,3987,3,975122490
132,3989,4,1002646829
132,3993,3,980089765
132,3996,4,981244646
132,4002,3,1012353099
132,4006,2,1005896875
132,4011,4,980487090
132,4014,4,982023033
132,4017,4,985566633
132,4021,5,984027987
132,4027,4,979488027
132,4029,4,996727138
132,4034,5,979075342
132,4036,4,994301453
132,4041,3,1012353228
132,4056,3,1022472479
132,4066,4,1012353290
132,4085,3,1012353099
132,4092,2,1012353697
132,4102,4,1012352947
132,4125,2,1005896918
132,4128,3,1012353088
132,4135,4,1011683977
132,4144,5,984268799
132,4148,2,1006530740
132,4168,2,1003118707
132,4187,3,1020195216
132,4210,4,1013620404
132,4214,3,1012353386
132,4217,4,1000087189
132,4223,3,1005896836
132,4225,3,1006310447
132,4226,5,988506573
132,4235,4,989188381
132,4238,3,1009941799
132,4239,3,1003118707
132,4244,5,990771199
132,4251,5,1019711567
132,4291,3,1012353526
132,4306,3,1010758795
132,4308,5,1009010108
132,4313,3,1014603492
132,4345,3,1022213900
132,4361,4,994203243
132,4370,4,1022699868
132,4378,4,1019711400
132,4427,4,997219475
132,4437,4,1004663423
132,4448,2,1012345495
132,4452,3,1014132187
132,4478,3,1012353149
132,4487,2,1012353468
132,4517,3,1012194271
132,4520,2,1012353386
132,4533,4,1015052644
132,4545,2,1012353602
132,4546,4,1022441730
132,4558,2,1012353322
132,4571,3,1012353167
132,4616,3,1012353050
132,4619,3,1012353369
132,4621,2,1012353575
132,4622,2,1012353335
132,4623,3,1012352947
132,4641,4,1000087583
132,4677,2,1012353502
132,4679,2,1011318712
132,4683,3,1012353542
132,4689,4,1019313836
132,4723,4,1021819370
132,4725,3,1025077160
132,4734,3,999971614
132,4776,4,1018209687
132,4848,4,1004138199
132,4865,3,1004395134
132,4873,4,1024550352
132,4878,4,1019938837
132,4881,4,1023112947
132,4902,4,1026277604
132,4903,4,1011313561
132,4908,4,1029549533
132,4914,5,1011684130
132,4915,3,1012353356
132,4928,4,1016989572
132,4929,4,1012353619
132,4956,3,1013498663
132,4960,4,1027556324
132,4963,4,1007937492
132,4967,4,1026277565
132,4973,5,1006735699
132,4975,3,1027570413
132,4978,4,1024983441
132,4979,4,1010635235
132,4993,5,1009750078
132,4995,5,1013385234
132,5009,3,1008825319
132,5013,5,1027844829
132,5258,4,1021819322
132,5292,4,1024869036
132,5349,4,1022129641
132,5377,4,1023974649
132,5418,3,1024668974
132,5445,5,1024869014
133,6,4.5,1354362860
133,16,4,1353266096
133,25,4,1354362883
133,32,4.5,1353266663
133,47,4.5,1353266079
133,231,2.5,1354362751
133,288,4,1354362880
133,293,4.5,1354362870
133,296,4.5,1353266305
133,318,4.5,1353266585
133,344,3,1354362703
133,356,4.5,1353266131
133,374,0.5,1353264980
133,480,3,1354362624
133,586,3.5,1354362805
133,589,3.5,1354362669
133,593,4,1353266597
133,1089,4,1354362845
133,1097,3.5,1354362755
133,1193,4,1354362788
133,1213,4.5,1353266398
133,1222,4.5,1353266484
133,1240,4,1354362763
133,1270,4,1354362697
133,1347,1.5,1353264918
133,1672,3.5,1353265044
133,1729,4.5,1354363015
133,1961,4.5,1354362842
133,2296,2.5,1353265619
133,2378,3,1353264962
133,2722,1,1353264923
133,2858,4.5,1353266375
133,2944,2.5,1353264936
133,2959,4.5,1354362729
133,3704,3,1353264972
133,3863,3,1353264906
133,3869,2,1353265007
133,4011,4.5,1353266461
133,4084,2,1353265037
133,4226,4.5,1354362816
133,4355,3.5,1353265920
133,4487,1,1353265610
133,5528,3,1353265021
133,5952,2,1354362770
133,46723,4.5,1353266529
133,48516,4.5,1353266328
133,49272,4,1353266102
133,55247,3.5,1353317994
133,55765,3.5,1353265025
133,55820,4.5,1353266352
133,57669,4,1353317988
133,64614,4.5,1353266504
133,68157,4.5,1353266425
133,69122,4.5,1354363011
133,69481,4,1353318002
134,17,5,998192385
134,99,3,998192213
134,246,5,998192252
134,296,5,998192266
134,428,4,998192266
134,608,4,998192252
134,1097,4,998192424
134,1196,4,998192448
134,1198,5,998192424
134,1224,4,998192448
134,1225,5,998192411
134,1265,4,998192281
134,1270,4,998191761
134,1354,5,998192236
134,1610,3,998192281
134,1617,4,998192236
134,1885,3,998192343
134,1912,3,998192343
134,2396,4,998191789
134,2529,5,998191761
134,2677,3,998192236
134,2804,4,998192448
134,2858,4,998192316
134,2973,4,998192448
134,2997,3,998192316
134,3072,5,998191789
134,3108,4,998192371
134,3386,3,998192371
134,4361,5,998192411
134,4465,3,998191789
134,4700,1,998421000
135,251,3,1009562799
135,374,2,1009562758
135,828,2,1009562841
135,1210,5,1009562799
135,1270,5,1009562867
135,2115,5,1009562799
135,2633,3,1009562841
135,3448,2,1009562758
135,3997,2,1009562867
135,4103,5,1009562709
135,4950,2,1009562709
136,3578,2.5,1427637502
136,3752,4,1427637720
136,3793,4,1427637519
136,3996,2.5,1427637518
136,4022,3,1427637577
136,4025,2.5,1427637686
136,4226,2.5,1427637510
136,4246,2,1427637628
136,4306,2.5,1427637495
136,4369,3,1427637770
136,4638,2,1427637776
136,4718,2,1427637717
136,4816,3.5,1427637740
136,4886,4,1427637531
136,4963,2.5,1427637537
136,4995,5,1427637547
136,5266,2,1427637772
136,5299,2,1427637662
136,5349,2.5,1427637541
136,5418,2.5,1427637552
136,5445,2.5,1427637528
136,5459,3,1427637674
136,5502,3,1427637650
136,5618,4,1427637615
136,5669,3,1427637640
136,5816,2,1427637601
136,5902,3,1427637696
136,6218,2,1427637755
136,6333,2.5,1427637591
136,6377,5,1427637534
136,6537,2,1427637715
136,6874,4.5,1427637549
136,6934,5,1427637626
136,7143,2,1427637652
136,7293,2.5,1427637798
136,7361,5,1427637544
136,8360,1.5,1427637597
136,8464,2,1427637728
136,8644,2,1427637680
136,8961,5,1427637555
136,30793,2,1427637745
136,32587,3,1427637595
136,33493,4.5,1427637639
136,34162,2,1427637762
136,35836,3,1427637682
136,41566,1.5,1427637764
136,44195,4,1427637742
136,45499,3.5,1427637789
136,45722,2.5,1427637672
136,48385,4,1427637731
136,49272,3.5,1427637624
136,54272,3.5,1427637833
136,55820,4,1427637655
136,58559,5,1427637551
136,59315,5,1427637642
136,60069,5,1427637630
136,63082,3,1427637694
136,68954,4.5,1427637697
136,69757,3.5,1427637791
136,71535,4,1427637837
136,72998,2.5,1427637664
136,73017,3,1427637811
136,74458,4,1427637805
136,78499,5,1427637813
136,79132,3.5,1427637608
137,20,2,1223769583
137,175,4,1223769580
137,267,4,1223769635
137,519,3,1223769560
137,1589,0.5,1223769527
137,2004,3.5,1223769597
137,2085,5,1223769491
137,2231,5,1223769509
137,2253,2,1223769625
137,2335,2,1223769536
137,2722,3,1223769483
137,3267,4,1223769607
137,3744,5,1223769621
137,3745,3,1223769548
137,4084,4,1223769616
138,50,2.5,1416831001
138,260,4,1416831005
138,318,5,1416830996
138,527,4.5,1416831002
138,858,2,1416830999
138,1196,4,1416831004
138,1197,5,1416831000
138,1198,3,1416830995
138,3578,4.5,1416831018
138,3793,4,1416831023
138,3996,5,1416831022
138,4226,3.5,1416831021
138,4306,4.5,1416831018
138,4993,4,1416831019
138,5952,3,1416831019
138,7153,4.5,1416831021
138,106920,4.5,1416831024
138,107516,4,1416831009
138,109374,3.5,1416831027
138,109487,5,1416831030
138,111362,5,1416831033
138,111759,5,1416831032
138,112290,4.5,1416831035
138,112556,4.5,1416831026
138,112852,2.5,1416831026
138,115676,4.5,1416831008
138,116161,4.5,1416831012
138,116977,5,1416831012
138,117107,4,1416831013
138,117446,4.5,1416831010
138,117456,4.5,1416831014
139,110,2,1012851194
139,480,4,1012863642
139,549,1,1012851221
139,586,3,1012852653
139,593,3,1012851155
139,750,4,1012851294
139,902,3,1012851098
139,920,3,1012851183
139,1125,5,1012863663
139,1136,5,1012851078
139,1148,5,1012851360
139,1193,4,1012850230
139,1225,5,1012850189
139,1265,2,1012851221
139,1293,5,1012851231
139,2117,5,1012851294
139,2396,3,1012851360
139,2685,5,1012863615
139,2779,3,1012851422
139,3105,5,1012863957
139,4306,4,1012863843
139,4896,3,1012863739
139,4958,2,1012863764
139,4993,5,1012863719
140,12,1.5,1456772795
140,362,3.5,1456770749
140,1882,2,1456770754
140,1907,2.5,1456770710
140,2078,3.5,1456770644
140,2687,3.5,1456770980
140,2858,2,1456774748
140,4226,1,1456774723
140,4232,1,1456771171
140,5991,3,1456770632
140,8464,5,1456770687
140,33615,4,1456771165
140,41569,1.5,1456770916
140,44022,2,1456773261
140,49649,3,1456774219
140,54001,4,1456770780
140,58559,3.5,1456774517
140,63113,1.5,1456771197
140,96821,1.5,1456773322
140,98809,1.5,1456774103
141,318,4,1444375368
141,527,5,1444375363
141,1198,3,1444375374
141,1246,4,1444375504
141,1270,5,1444375521
141,1961,3.5,1444375489
141,2028,4,1444375460
141,3000,5,1444375484
141,3623,2,1444375612
141,3948,5,1444375618
141,5445,4,1444375387
141,5971,5,1444375468
141,5995,5,1444375463
141,44191,2,1444375553
141,46578,5,1444375567
141,60069,4,1444375559
141,68954,5,1444375667
141,79132,5,1444375472
141,81845,2.5,1444375663
141,99114,5,1444375660
141,109487,5,1444375402
141,112552,1.5,1444375399
141,116797,5,1444375406
142,5,2,866388486
142,25,3,866388437
142,42,2,866391239
142,47,1,866389743
142,50,4,866389686
142,63,2,866388798
142,69,3,866390908
142,88,3,866388719
142,104,3,866388526
142,110,5,866389874
142,111,4,866389659
142,147,4,866391048
142,150,3,866391211
142,161,2,866390426
142,175,3,866391339
142,231,3,866389612
142,260,3,866388486
142,296,3,866389806
142,344,3,866389659
142,362,3,866390479
142,364,3,866389556
142,370,3,866391025
142,474,2,866390388
142,555,2,866391161
142,562,3,866388848
142,588,3,866389611
142,590,3,866390908
142,593,4,866389557
142,595,3,866389611
142,605,3,866388904
142,627,2,866389011
142,628,4,866388568
142,648,2,866388437
142,671,3,866388718
142,708,1,866388526
142,719,1,866388624
142,736,1,866388437
142,778,4,866388624
142,780,1,866388437
142,785,3,866388683
142,788,4,866388526
142,919,3,866390958
142,1029,3,866390797
142,1036,3,866391339
142,1059,3,866389712
142,1079,3,866390581
142,1097,4,866391140
142,1196,3,866390525
142,1198,4,866390843
142,1210,3,866388568
142,1225,4,866390479
142,1228,4,866390451
142,1259,3,866391140
142,1278,3,866391339
142,1288,3,866390932
142,1343,3,866391069
142,1367,3,866388683
142,1387,3,866390984
142,1393,2,866388649
142,1405,3,866388683
142,1411,5,866388904
142,1461,2,866389136
142,1513,1,866389205
142,1552,2,866389304
142,1639,4,895851976
143,858,3,951095345
143,1961,4,951095444
143,3079,4,951095345
144,193,3.5,1244628563
144,1242,2.5,1244628493
144,1282,4.5,1244628479
144,1982,2.5,1244628604
144,2080,3.5,1244628521
144,2096,3,1244628607
144,2300,3,1244628595
144,2471,0.5,1244628647
144,2605,2.5,1244628539
144,2671,3.5,1244628475
144,2770,3,1244628504
144,2840,2.5,1244628661
144,3101,3,1244628486
144,3301,3,1244628592
144,3798,3,1244628614
145,356,2,978408955
145,558,3,978409045
145,1210,5,978409161
145,1390,4,978409067
145,2879,4,978409161
146,50,4.5,1423160083
146,110,4.5,1423160174
146,318,5,1423160073
146,527,4.5,1423160078
146,593,4,1423160127
146,858,4.5,1423160118
146,1198,3.5,1423160087
146,1221,5,1423160171
146,1234,4.5,1423160187
146,1262,4,1423160151
146,2028,4,1423160161
146,2571,4,1423160094
146,4993,4.5,1423160123
146,5008,4.5,1423160199
146,5952,4.5,1423160147
146,7153,4.5,1423160097
146,46578,3.5,1423159939
146,48516,5,1423159913
146,48780,4.5,1423159949
146,49272,3.5,1423159925
146,58559,5,1423159909
146,59315,4,1423159933
146,79132,4.5,1423160164
146,109487,4,1423159968
146,112556,3.5,1423159975
147,47,3,1455280119
147,296,3,1455280121
147,356,4.5,1440986004
147,527,1.5,1440985946
147,587,3,1440986055
147,1036,3,1455280177
147,1240,3,1455280175
147,1265,4,1440986113
147,1270,3,1455280157
147,2324,3,1440985941
147,2571,5,1440985938
147,2762,5,1440986012
147,2908,3.5,1440986169
147,2959,5,1440986032
147,3147,3.5,1440986008
147,3252,3.5,1440986180
147,3578,3.5,1440986036
147,4993,5,1440985933
147,5952,5,1440985992
147,5971,3.5,1440986019
147,7143,3.5,1440986086
147,7153,5,1440985931
147,7361,4.5,1440986047
147,8368,4,1455280150
147,32587,4,1455280115
147,40815,4,1455280164
147,44191,3.5,1455280155
147,46578,1.5,1455280125
147,48394,5,1440986063
147,49530,4,1455280168
147,51662,4.5,1440986049
147,54001,2.5,1455280172
147,58559,3.5,1455280146
147,60069,3,1440986061
147,64957,4,1455280162
147,68954,3,1440986030
147,71899,4.5,1440986079
147,72998,4.5,1440986059
147,74458,5,1440986173
147,79132,4.5,1440985996
147,81591,3,1455280110
147,81834,4.5,1440986110
147,86332,3,1440986185
147,91529,3.5,1440986040
147,99114,3.5,1440986027
147,108932,4,1440986171
147,109487,4.5,1440985965
147,115713,3,1440985969
148,260,4,1487661980
148,589,4,1487662019
148,1196,3.5,1487661976
148,1200,2.5,1487662016
148,1210,3.5,1487661973
148,1291,2.5,1487661997
148,2028,4,1487662045
148,2571,4.5,1487661969
148,3300,5,1487662175
148,4246,1.5,1487661837
148,4993,5,1487661971
148,5418,4,1487662035
148,5445,4.5,1487662147
148,5459,4,1487661854
148,5574,4.5,1487662050
148,5952,5,1487661974
148,6373,3.5,1487661843
148,6754,4,1487662036
148,7143,4.5,1487661831
148,7153,5,1487661968
148,8665,4,1487662041
148,31696,4,1487662034
148,33794,2.5,1487662009
148,40815,4,1487662144
148,54286,3.5,1487662017
148,58559,3.5,1487661988
148,59315,4.5,1487662011
148,68358,5,1487662010
148,68791,4,1487662042
148,68954,3,1487661991
148,81834,3,1487662022
148,91529,1.5,1487662145
148,91974,5,1487662572
148,102445,4,1487662044
148,106489,4.5,1487662144
148,109487,4,1487662052
148,111759,4.5,1487661999
148,111781,4,1487662038
148,112852,4,1487661995
148,115149,5,1487662048
148,122886,4.5,1487661993
148,122900,5,1487662138
148,166528,4.5,1487661858
149,260,4,1447083089
149,318,4,1447083108
149,1196,4,1447083097
149,1198,3,1447083110
149,2571,4,1447083105
149,4993,3,1447083119
149,7153,3,1447083116
149,58559,3,1447083113
150,1,4,945063590
150,6,3,945064289
150,11,3,945414080
150,14,2,945151660
150,16,5,945064264
150,21,3,945065011
150,24,3,945503545
150,25,3,945064264
150,32,3,945064182
150,34,4,945063802
150,36,4,945064074
150,39,4,945151546
150,42,2,945065368
150,45,4,945413981
150,47,4,945063590
150,50,5,945063590
150,62,3,945065341
150,69,4,945413981
150,70,3,945414771
150,76,3,946275595
150,78,3,945593296
150,81,3,946621484
150,84,3,945841234
150,86,4,945151780
150,101,2,945841044
150,104,4,945414277
150,110,4,945151780
150,111,4,945066126
150,125,5,945413981
150,145,4,945415004
150,147,2,945065750
150,150,3,945064095
150,159,4,945064725
150,162,3,945063768
150,173,2,945415236
150,175,5,945064520
150,177,3,945062847
150,180,2,945414277
150,185,3,945414844
150,187,3,945592991
150,188,3,945415381
150,193,1,945843289
150,194,2,945841109
150,196,2,946275669
150,198,3,945841969
150,216,3,945414452
150,222,3,945841234
150,223,4,945063727
150,230,4,945065436
150,235,3,945063680
150,246,4,945063389
150,253,3,945065157
150,260,4,945503476
150,269,3,945841930
150,288,2,945065436
150,293,3,945414714
150,296,5,945063482
150,297,2,945063482
150,300,3,945064008
150,312,3,945414562
150,314,3,945840687
150,316,3,945065838
150,318,5,945063528
150,328,3,945415443
150,330,3,945414396
150,333,4,945065157
150,337,3,945840829
150,342,3,945414277
150,349,3,945842042
150,353,3,945064758
150,354,3,945841754
150,356,3,945414138
150,357,3,945064601
150,366,3,945415381
150,367,3,945065118
150,371,3,945503884
150,372,3,945065303
150,376,3,945414844
150,377,2,945064400
150,409,3,945842938
150,417,3,945503805
150,419,2,945842006
150,426,2,945503545
150,427,3,945414909
150,428,4,945064479
150,431,4,945064346
150,435,3,945414277
150,441,5,945064182
150,442,2,946275670
150,456,4,945593145
150,457,3,945064326
150,475,4,945063916
150,477,3,945064209
150,480,4,945064790
150,481,3,945064690
150,490,4,945064773
150,493,4,945415004
150,500,3,945065811
150,504,3,946275446
150,508,3,945063869
150,509,2,945064758
150,511,2,945065303
150,518,3,945414324
150,522,3,945841045
150,524,3,945065838
150,525,3,945064456
150,527,4,945151387
150,529,3,945063916
150,532,2,945414215
150,535,3,945840783
150,537,3,945841794
150,538,3,945151660
150,539,2,945414215
150,541,4,945066401
150,543,3,945064833
150,551,3,945064435
150,555,3,945592731
150,562,4,945414025
150,585,3,945414138
150,587,3,945414215
150,589,3,945063769
150,590,4,945064289
150,592,3,945066650
150,593,5,945063627
150,608,4,945063680
150,610,2,945150844
150,611,3,945415443
150,612,3,945504079
150,647,3,945151722
150,648,2,945065812
150,662,3,945414844
150,695,3,945841154
150,697,3,945842183
150,700,3,945063969
150,707,3,945414844
150,708,2,945064833
150,724,3,945841930
150,725,2,945414215
150,742,3,945414844
150,762,2,946275184
150,764,3,945064289
150,778,4,945151482
150,780,3,945415089
150,782,3,945414844
150,784,3,945414396
150,785,4,945064758
150,788,3,945414215
150,799,4,945151722
150,800,3,945503254
150,802,3,945842082
150,805,3,945065605
150,832,3,945064601
150,842,3,945415443
150,849,2,945414771
150,851,2,945065139
150,858,5,945066126
150,880,2,946275670
150,902,2,945841109
150,920,3,945062848
150,923,3,945592461
150,924,2,945592731
150,968,4,945503476
150,999,3,946275094
150,1028,2,945841275
150,1034,3,945064095
150,1037,3,945415188
150,1060,4,945063590
150,1061,4,945064790
150,1063,3,945151387
150,1073,4,945066177
150,1082,3,945593030
150,1084,3,945592591
150,1088,3,945150919
150,1089,5,945151387
150,1090,4,945150745
150,1091,2,945504335
150,1092,3,945065713
150,1093,3,945841418
150,1094,3,945064210
150,1095,4,945064117
150,1097,3,945150745
150,1101,2,945066783
150,1104,4,945840644
150,1120,3,945064601
150,1124,3,945841706
150,1129,3,945150647
150,1130,3,945150844
150,1135,3,945150844
150,1136,3,945066126
150,1147,4,945063359
150,1169,4,945151780
150,1171,3,945064140
150,1173,3,945593369
150,1175,3,945592806
150,1179,3,945063549
150,1183,1,945150455
150,1185,3,945150647
150,1193,5,945066126
150,1194,3,945066164
150,1196,4,945062778
150,1198,3,945066401
150,1199,4,945066545
150,1200,3,945066545
150,1206,4,946234435
150,1207,5,945592551
150,1208,5,945066127
150,1210,4,945066650
150,1213,5,945592511
150,1214,4,945066127
150,1215,3,945151546
150,1219,4,945592511
150,1220,4,945150746
150,1221,5,945066127
150,1222,3,945066401
150,1225,4,945066401
150,1228,5,945150555
150,1231,4,945066472
150,1234,3,945066164
150,1235,3,945503722
150,1240,4,945066472
150,1242,3,945840918
150,1245,4,945064034
150,1246,3,945150844
150,1247,4,945840739
150,1252,4,945066127
150,1257,3,945150647
150,1258,5,945066401
150,1259,4,945066545
150,1261,4,945150647
150,1263,3,945066127
150,1265,4,945063848
150,1266,4,945063916
150,1267,3,945592511
150,1270,3,945066570
150,1272,3,945066127
150,1275,3,945150844
150,1276,4,945503680
150,1278,3,945501773
150,1285,4,945066545
150,1288,5,945066401
150,1291,3,945066650
150,1292,3,945592591
150,1297,2,945150919
150,1299,3,945066401
150,1302,4,945066718
150,1304,3,945503680
150,1307,4,945150647
150,1320,3,945065783
150,1321,3,945066650
150,1323,1,946234211
150,1327,3,945501773
150,1330,2,945151101
150,1332,3,945841622
150,1339,3,945415381
150,1342,3,945415381
150,1343,5,945151835
150,1345,4,945501773
150,1347,4,945066650
150,1350,4,945066263
150,1358,5,945063848
150,1361,5,945063429
150,1378,3,945151101
150,1380,3,945066263
150,1387,5,945066127
150,1388,3,945501773
150,1389,2,945151229
150,1391,3,945415089
150,1393,3,945064690
150,1394,5,945066401
150,1397,3,945063680
150,1401,3,945064898
150,1405,3,945414138
150,1407,3,945064117
150,1408,3,945064289
150,1449,3,945151660
150,1454,3,945503938
150,1464,3,945841492
150,1465,3,945062778
150,1466,4,945064264
150,1476,5,945151835
150,1483,2,945593369
150,1484,3,945841109
150,1485,3,945065037
150,1488,3,946275345
150,1500,2,945064008
150,1513,3,945064833
150,1517,3,945063627
150,1523,3,945592924
150,1527,3,946275595
150,1552,3,945415132
150,1580,4,945064575
150,1584,4,945064898
150,1587,2,945066729
150,1589,3,945064479
150,1591,3,946275670
150,1594,3,945064074
150,1600,3,945840460
150,1603,2,945503545
150,1609,3,945841849
150,1610,3,945064400
150,1611,3,945063680
150,1617,5,945063528
150,1619,2,945841794
150,1620,3,945414714
150,1625,3,945414714
150,1627,3,945503254
150,1633,3,945064117
150,1635,3,945151546
150,1639,4,945593232
150,1641,3,945064264
150,1644,2,945414844
150,1645,3,945064873
150,1648,2,945841707
150,1660,3,945593200
150,1663,3,945150746
150,1672,4,945065038
150,1673,4,945063450
150,1674,4,945066472
150,1676,2,945065011
150,1682,3,945064501
150,1690,3,945415089
150,1693,2,945065011
150,1694,3,945592623
150,1699,3,945064501
150,1704,4,945064182
150,1711,3,945065899
150,1717,2,945414714
150,1721,4,945064961
150,1726,2,945841590
150,1729,3,945592766
150,1732,4,945064008
150,1747,3,945064575
150,1754,3,945503254
150,1772,2,945841849
150,1777,3,945414452
150,1779,3,947137407
150,1794,3,945414080
150,1799,3,945064873
150,1805,3,945593369
150,1810,3,945151546
150,1827,3,945501982
150,1831,4,945414909
150,1834,3,947658039
150,1836,2,945065341
150,1840,3,945064264
150,1841,3,946621826
150,1856,3,945501982
150,1876,3,945414771
150,1882,2,946275684
150,1883,3,945064630
150,1885,4,945064379
150,1892,3,945065838
150,1914,2,945413981
150,1916,2,945064898
150,1917,3,945415236
150,1922,3,945593104
150,1923,4,945064158
150,1952,4,945592551
150,1954,3,945066263
150,1955,3,945066263
150,1956,3,945066401
150,1958,3,945841382
150,1960,3,946192211
150,1961,3,945150746
150,1962,3,945150746
150,1963,3,945840644
150,1965,3,945150647
150,1968,3,945150647
150,1969,3,945151006
150,1970,3,945151155
150,1973,2,946621484
150,1974,3,945151006
150,1975,2,945151006
150,1976,2,945151101
150,1977,2,945501878
150,1979,2,945151229
150,1982,5,945066263
150,1983,4,945062778
150,1991,2,945066837
150,1994,4,945150746
150,1997,5,945066127
150,1998,2,945415477
150,1999,2,945841662
150,2000,3,945066718
150,2009,3,945841109
150,2011,3,945151006
150,2012,3,945414396
150,2020,3,945066401
150,2023,2,945415132
150,2028,3,945063627
150,2029,2,945151780
150,2064,5,945066401
150,2065,3,945592884
150,2071,3,946621008
150,2076,4,945066472
150,2100,3,945066718
150,2106,3,946625313
150,2107,3,945414910
150,2108,3,945064289
150,2109,3,945066263
150,2112,3,945065341
150,2114,4,945066650
150,2115,3,945151006
150,2117,3,945840783
150,2118,3,946621484
150,2121,3,945501878
150,2125,3,946954753
150,2134,3,945066718
150,2144,4,945150746
150,2145,2,945150845
150,2148,2,945066783
150,2150,3,945066545
150,2155,4,945064140
150,2159,3,945064140
150,2160,4,945840739
150,2165,3,945064855
150,2166,3,945841321
150,2167,2,945065303
150,2169,2,946954806
150,2174,4,945066650
150,2194,3,945150647
150,2231,3,945064813
150,2236,3,945593172
150,2240,3,945066545
150,2243,3,945066401
150,2245,3,945150845
150,2263,3,945066718
150,2268,3,945064813
150,2271,3,945065436
150,2278,3,945063230
150,2279,2,945414844
150,2280,3,946275154
150,2288,4,945150555
150,2289,3,945063528
150,2291,3,945064417
150,2294,3,946274947
150,2305,3,945151483
150,2310,3,946693962
150,2312,3,945150746
150,2313,4,945066401
150,2314,2,945064961
150,2320,4,945065139
150,2321,3,945592924
150,2324,3,945413981
150,2328,2,945415381
150,2329,5,945063590
150,2335,3,945504079
150,2336,4,945064326
150,2337,2,945064987
150,2338,2,945415443
150,2344,3,945592958
150,2347,3,945841453
150,2348,5,945066401
150,2352,4,945066545
150,2359,2,945841109
150,2371,3,945150845
150,2378,2,945151006
150,2384,4,945064054
150,2387,3,945065750
150,2391,3,945414651
150,2395,4,945063848
150,2396,4,945063802
150,2403,3,945066718
150,2407,3,945066718
150,2409,3,945842269
150,2410,2,945151006
150,2411,2,945151101
150,2416,3,945841969
150,2420,2,945150919
150,2421,2,945151101
150,2422,2,945151155
150,2428,3,945065476
150,2433,3,945065606
150,2435,3,945065247
150,2447,3,945414396
150,2450,2,945503596
150,2455,4,945150746
150,2456,3,945151101
150,2459,4,945501773
150,2460,4,945150845
150,2461,2,945415443
150,2467,3,945066650
150,2469,3,945066718
150,2473,2,945151155
150,2474,3,945066650
150,2476,2,945066792
150,2504,2,945414452
150,2505,3,945065783
150,2513,3,945151101
150,2517,3,945841754
150,2524,2,945841930
150,2527,3,945066263
150,2529,4,945503476
150,2530,3,945503596
150,2531,3,945503545
150,2533,4,945066263
150,2535,3,946693600
150,2539,4,945065549
150,2541,4,945065838
150,2558,3,945414502
150,2567,3,945414277
150,2571,3,945151604
150,2572,3,945414138
150,2577,3,945841662
150,2580,3,945063680
150,2596,4,946191905
150,2599,4,945151428
150,2617,3,945414910
150,2628,3,945415132
150,2640,3,945503476
150,2657,2,945593262
150,2683,4,945414215
150,2694,3,945414215
150,2700,5,945063429
150,2702,3,946163059
150,2706,5,945063066
150,2707,3,945414714
150,2710,4,945062988
150,2716,3,945066650
150,2717,2,945151101
150,2718,3,946163149
150,2719,1,945063129
150,2722,2,945151930
150,2723,3,945842229
150,2736,3,945066718
150,2739,4,945066545
150,2750,3,945150555
150,2759,3,945413866
150,2762,5,945062959
150,2779,3,945066263
150,2787,3,945066472
150,2789,3,945501773
150,2791,3,945066401
150,2792,2,945151006
150,2794,3,945151155
150,2795,4,945150746
150,2797,4,945066650
150,2802,2,945841849
150,2804,5,945150555
150,2858,5,945151387
150,2862,2,945841969
150,2866,3,945592841
150,2867,3,945066545
150,2871,4,945066127
150,2872,4,945066545
150,2878,2,945501878
150,2900,3,945501878
150,2901,3,945066263
150,2902,3,945150845
150,2903,2,945150919
150,2915,4,945066472
150,2916,3,945064661
150,2917,3,945066401
150,2918,4,945066545
150,2944,4,945840739
150,2952,3,945063916
150,2959,4,945062959
150,2971,3,945840957
150,2985,3,945150746
150,2988,3,945066549
150,3007,5,959668814
150,3013,1,945414138
150,3015,3,945066263
150,3016,4,945151006
150,3018,4,945066472
150,3019,5,945066401
150,3036,3,945066651
150,3039,5,945066651
150,3040,3,945503884
150,3060,3,945413981
150,3066,4,945066127
150,3070,2,945592884
150,3071,3,945066651
150,3087,3,945841707
150,3098,4,945066651
150,3101,3,945066570
150,3102,4,945150746
150,3104,3,945503770
150,3130,2,945414562
150,3135,4,945066264
150,3152,3,945592692
150,3167,3,945840918
150,3168,3,945841234
150,3169,4,945066401
150,5060,4,945066127
151,3,3,1081453790
151,11,3,1081731793
151,19,2,1081453314
151,21,4,1081453775
151,36,4,1081453778
151,45,3,1081453696
151,48,2,1081453807
151,52,3.5,1081453782
151,58,4,1081453771
151,66,0.5,1081731985
151,110,4,1081453496
151,147,3,1081731978
151,172,3,1081453754
151,195,1.5,1081731982
151,208,2.5,1081453810
151,224,4,1081453814
151,225,2.5,1081453804
151,260,3.5,1081731821
151,265,3,1081453376
151,303,1.5,1081731922
151,318,5,1081453499
151,339,1.5,1081731824
151,342,4,1081453621
151,368,3,1081453343
151,370,2.5,1081731848
151,376,2,1081453381
151,432,2.5,1081453677
151,435,1,1081453362
151,442,4,1081453320
151,485,1,1081453628
151,491,2,1081731926
151,494,1,1081453331
151,497,3,1081453379
151,509,3.5,1081453600
151,515,3.5,1081731841
151,520,3.5,1081453613
151,527,4.5,1081453596
151,586,3,1081453608
151,593,4.5,1081453533
151,594,2.5,1081453347
151,619,3,1081732103
151,631,1,1081731943
151,653,2.5,1081453368
151,661,1,1081453632
151,750,5,1081453365
151,762,1,1081453610
151,802,2.5,1081453674
151,805,3.5,1081453669
151,898,2.5,1081731989
151,912,3.5,1081453680
151,920,3.5,1081453370
151,1025,2,1081731993
151,1079,4.5,1081453338
151,1094,2.5,1081453625
151,1100,1.5,1081454201
151,1127,4.5,1081453617
151,1135,1,1081454191
151,1196,4,1081453554
151,1198,4,1081731786
151,1206,5,1081453359
151,1213,4,1081453548
151,1215,4.5,1081454194
151,1221,4.5,1081731808
151,1230,4.5,1081453545
151,1231,3.5,1081454196
151,1234,4.5,1081453571
151,1235,4,1081454222
151,1240,3.5,1081453566
151,1250,3,1081453577
151,1259,3.5,1081453349
151,1263,4.5,1081454198
151,1266,3.5,1081453579
151,1267,4,1081454225
151,1275,4.5,1081454206
151,1291,4,1081731796
151,1295,2.5,1081731856
151,1302,3.5,1081453569
151,1304,4,1081731805
151,1307,3.5,1081731799
151,1333,4,1081454216
151,1353,3,1081454152
151,1370,3,1081453559
151,1371,3,1081454148
151,1376,3,1081453588
151,1378,2,1081454176
151,1394,5,1081453582
151,1408,3.5,1081453590
151,1479,1.5,1081454157
151,1488,1.5,1081454179
151,1503,1,1081732097
151,1527,4.5,1081453334
151,1556,0.5,1081731903
151,1610,3,1081453562
151,1616,2.5,1081454181
151,1641,3.5,1081453563
151,1643,3.5,1081731876
151,1682,3,1081453585
151,1801,3,1081454155
151,1911,2,1081454161
151,1916,3,1081454143
151,1917,2,1081453505
151,1918,2,1081454141
151,1921,3.5,1081731913
151,1947,3,1081454150
151,1952,3.5,1081454184
151,1956,3,1081454174
151,1957,3,1081454168
151,1961,4.5,1081454377
151,1967,4.5,1081454386
151,1974,2,1081454163
151,1977,1.5,1081732107
151,1979,1,1081732070
151,1984,1,1081732090
151,2001,2,1081453530
151,2002,2,1081454121
151,2004,2,1081454118
151,2010,4.5,1081454106
151,2013,2.5,1081731861
151,2019,3.5,1081731910
151,2046,2.5,1081731859
151,2058,2,1081454110
151,2064,3.5,1081454130
151,2065,3.5,1081454127
151,2078,3.5,1081454095
151,2096,3,1081454132
151,2108,3.5,1081454103
151,2110,2.5,1081454097
151,2115,2.5,1081731845
151,2126,2.5,1081454100
151,2133,3.5,1081454116
151,2137,3,1081454113
151,2144,3.5,1081454135
151,2146,2.5,1081454124
151,2150,2.5,1081731885
151,2160,3.5,1081454086
151,2188,2.5,1081732062
151,2248,4,1081454059
151,2268,3,1081453513
151,2288,3.5,1081454088
151,2296,3,1081732080
151,2302,4,1081453493
151,2334,2.5,1081454051
151,2355,3.5,1081453356
151,2365,2,1081732056
151,2369,1.5,1081454081
151,2380,1,1081732067
151,2381,1,1081732058
151,2383,0.5,1081732052
151,2393,2,1081731879
151,2420,3,1081454076
151,2424,2,1081454062
151,2450,2,1081454078
151,2463,3.5,1081454048
151,2470,1,1081454067
151,2532,2,1081732086
151,2533,1,1081731889
151,2541,2.5,1081454053
151,2565,3,1081454074
151,2580,3,1081731906
151,2605,3,1081454055
151,2616,1.5,1081454065
151,2617,2,1081453521
151,2628,2.5,1081453525
151,2688,2,1081731915
151,2692,4,1081453528
151,2700,3.5,1081731790
151,2717,3,1081454001
151,2720,1,1081454033
151,2761,4,1081454008
151,2762,2.5,1081453516
151,2792,2,1081731881
151,2805,1,1081454021
151,2857,2.5,1081454013
151,2858,4.5,1081453518
151,2881,2.5,1081454031
151,2912,2,1081454037
151,2944,4.5,1081454040
151,2947,4,1081454026
151,2950,1,1081454018
151,2959,4.5,1081453490
151,2973,3.5,1081731872
151,3019,4,1081454004
151,3033,3.5,1081454015
151,3034,4,1081453961
151,3072,3.5,1081453983
151,3101,2,1081453509
151,3105,3,1081453991
151,3108,4,1081453974
151,3130,2,1081732006
151,3147,3,1081453958
151,3168,4,1081453986
151,3173,3.5,1081453967
151,3174,3.5,1081453965
151,3247,3,1081453946
151,3252,4,1081453977
151,3254,2,1081453917
151,3285,3.5,1081453923
151,3354,1.5,1081453909
151,3397,4,1081732020
151,3418,3.5,1081453911
151,3471,3.5,1081731783
151,3526,3.5,1081453919
151,3535,3,1081453886
151,3552,4.5,1081453938
151,3578,2,1081453340
151,3608,3.5,1081731802
151,3671,4.5,1081453914
151,3697,1.5,1081453931
151,3698,3.5,1081453926
151,3745,3,1081453933
151,3809,3.5,1081453936
151,3812,4,1081732029
151,3826,1,1081453928
151,3948,3,1081453898
151,3977,1,1081453842
151,3981,2,1081453837
151,4006,3.5,1081732017
151,4016,2,1081453869
151,4018,2.5,1081453854
151,4023,2,1081453844
151,4040,3.5,1081732008
151,4066,2,1081732034
151,4133,1.5,1081732023
151,4159,1.5,1081731999
151,4248,1.5,1081732011
151,4299,4,1081453839
151,4318,3,1081732178
151,4367,1.5,1081731780
151,4369,1.5,1081453866
151,4448,3,1081453873
151,4464,2.5,1081732038
151,4499,4,1081731975
151,4644,4,1081732201
151,4649,4,1081732195
151,4767,3.5,1081732175
151,4848,4,1081453879
151,4862,2.5,1081732182
151,4963,3.5,1081453854
151,5010,3,1081453857
151,5065,1.5,1081731929
151,5266,3,1081453860
151,5349,3.5,1081453846
151,5378,2,1081453863
151,5445,3.5,1081453849
151,5459,2.5,1081453788
151,5501,0.5,1081732187
151,5902,4,1081453693
151,6187,3,1081732129
151,6212,3,1081732165
151,6239,2.5,1081732122
151,6537,1.5,1081731931
151,6658,3,1081732169
151,6708,3.5,1081454384
151,6711,3.5,1081454399
151,6753,3.5,1081454440
151,6764,2.5,1081454437
151,6807,4,1081731937
151,6934,2.5,1081731970
151,6953,3.5,1081454369
151,7153,4,1081453795
151,7158,4,1081454381
151,7247,1.5,1081732125
151,7318,2.5,1081454315
151,7325,3,1081454346
151,7361,5,1081454303
152,318,3,1418541675
152,3578,4,1418540869
153,1,4,1088941749
153,6,4.5,1088940856
153,19,3,1088940872
153,22,4,1088940402
153,48,3,1088940420
153,70,4,1088940489
153,110,4.5,1088941735
153,150,4,1088941731
153,158,1.5,1088940435
153,175,4.5,1088941067
153,198,4,1088940493
153,204,2.5,1088940580
153,260,5,1088941739
153,296,4.5,1088941715
153,318,5,1088940845
153,356,4,1088941720
153,380,3.5,1088941743
153,382,3,1088941062
153,457,4,1088941725
153,480,4,1088941723
153,520,3,1088941038
153,551,5,1088940590
153,589,4.5,1088941746
153,590,4.5,1088941729
153,592,4.5,1088941480
153,593,4.5,1088940834
153,594,3,1088940606
153,596,3,1088940453
153,681,3,1088940823
153,692,2,1088941356
153,762,1,1088940459
153,780,3,1088941755
153,785,3,1088940446
153,809,3,1088941348
153,880,2.5,1088941048
153,1027,3.5,1088940645
153,1084,3,1088940517
153,1136,5,1088940612
153,1193,5,1088940587
153,1201,4,1088940649
153,1215,4,1088940514
153,1216,4,1088940766
153,1250,4.5,1088940475
153,1302,3,1088940487
153,1387,4,1088940815
153,1408,4,1088941024
153,1544,2,1088941011
153,1610,4.5,1088940818
153,1625,4.5,1088940524
153,1644,2,1088940577
153,1665,3,1088941360
153,1801,3,1088941008
153,1884,4.5,1088941003
153,1909,4,1088941018
153,1979,3,1088941339
153,1995,2.5,1088941344
153,2001,4.5,1088940527
153,2004,3,1088940988
153,2019,5,1088940603
153,2021,3.5,1088940977
153,2115,4.5,1088940991
153,2194,4,1088940465
153,2232,4.5,1088941194
153,2294,3.5,1088940984
153,2381,2,1088941175
153,2462,0.5,1088940807
153,2567,3,1088940975
153,2582,3,1088941477
153,2587,3,1088941190
153,2700,3.5,1088940928
153,2793,2.5,1088941157
153,2807,1,1088940671
153,2924,4,1088941153
153,2953,2.5,1088940938
153,2974,1,1088941440
153,3262,4.5,1088940661
153,3471,4.5,1088940440
153,3481,4,1088940410
153,3489,3,1088940955
153,3633,3,1088940707
153,3821,1.5,1088941150
153,3898,3,1088941448
153,3919,2,1088940776
153,3973,3,1088941163
153,3988,3,1088940599
153,3996,4.5,1088940585
153,4016,4.5,1088940916
153,4027,4,1088940529
153,4203,3,1088941443
153,4239,4,1088940888
153,4254,0.5,1088940780
153,4366,2.5,1088941117
153,4369,1,1088940911
153,4734,4,1088940893
153,4993,4,1088940609
153,5131,3,1088941130
153,5349,4,1088940593
153,5523,0.5,1088940907
153,5609,1,1088941423
153,5691,2,1088941644
153,5959,4,1088941403
153,6003,4,1088940642
153,6223,4.5,1088941632
153,6286,4,1088940786
153,6365,3,1088941639
153,6503,1.5,1088940637
153,6539,3,1088941500
153,6723,3,1088941108
153,6857,4.5,1088940738
153,6996,2,1088940759
153,7022,4.5,1088940715
153,7235,4,1088940862
153,7266,4.5,1088941513
153,7458,3.5,1088941385
153,7846,3,1088941505
154,1291,4,1420214373
154,2571,5,1420214371
154,111362,5,1420214401
154,111759,3.5,1420214400
155,32,4.5,1305312387
155,107,5,1305312004
155,135,3,1305312029
155,318,5,1305312953
155,319,4.5,1305312033
155,527,5,1305312950
155,745,5,1305312989
155,750,4.5,1305312938
155,849,3.5,1305311963
155,1129,4,1305311947
155,1148,5,1305312987
155,1287,4,1305311950
155,1321,5,1305311991
155,1680,2,1305312008
155,2109,4,1305312012
155,2427,4,1305311968
155,2539,2,1305311937
155,2949,3.5,1305313487
155,2959,4,1305312940
155,3256,1.5,1305311944
155,3617,5,1305312016
155,3702,4.5,1305311958
155,4643,1.5,1305311977
155,6016,5,1305312879
155,7980,3.5,1305313388
155,56251,4,1305313497
155,60161,4.5,1305313523
155,81591,4,1305312674
156,17,4,881334102
156,25,5,881334253
156,36,5,881334466
156,52,3,881334624
156,58,5,881334201
156,62,3,881334577
156,80,4,881334253
156,141,3,881334466
156,608,4,881334102
156,647,4,881334425
156,994,5,881334201
156,1041,4,881334365
156,1042,3,881334392
156,1183,4,881334025
156,1393,3,881334365
156,1399,3,881334552
157,1,2,833553255
157,10,1,833553227
157,14,3,833554108
157,19,1,833553342
157,23,3,833554034
157,32,1,833553342
157,39,1,833553395
157,44,1,833553526
157,48,1,833553539
157,110,3,833553290
157,111,4,833553395
157,145,3,833553847
157,153,3,833553168
157,158,1,833553509
157,160,1,833553395
157,163,3,833553831
157,165,1,833553168
157,169,1,833554000
157,173,1,833553417
157,181,1,833553957
157,185,1,833553255
157,186,1,833553458
157,194,3,833554212
157,204,1,833553483
157,207,3,833553921
157,208,2,833553255
157,231,1,833553202
157,235,4,833553458
157,253,2,833553255
157,256,2,833553526
157,260,3,833554109
157,265,4,833553509
157,266,3,833553342
157,273,3,833553787
157,280,3,833553863
157,282,3,833553417
157,288,3,833553290
157,289,1,833554085
157,293,1,833553458
157,305,3,833553889
157,306,4,833554085
157,307,4,833554109
157,308,4,833554128
157,315,1,833553417
157,316,1,833553202
157,328,2,833554146
157,329,1,833553202
157,344,1,833553168
157,349,1,833553168
157,350,1,833553814
157,355,1,833554000
157,356,2,833553863
157,357,3,833554109
157,364,1,833553483
157,367,1,833553526
157,376,2,833554128
157,381,1,833553831
157,410,1,833553290
157,420,1,833553342
157,431,3,833553863
157,442,1,833553814
157,454,1,833553483
157,468,1,833553814
157,477,1,833553942
157,480,4,833553942
157,491,3,833554146
157,500,1,833554109
157,508,3,833554236
157,509,4,833553814
157,515,3,833553921
157,527,4,833554034
157,539,1,833554146
157,551,3,833553847
157,552,1,833554069
157,553,3,833553440
157,587,3,833554212
157,588,1,833553168
157,589,2,833553980
157,590,2,833553138
157,592,3,833553138
157,593,5,833553320
157,595,1,833553202
157,597,2,833554186
158,1,5,1037511532
158,36,5,1037510497
158,39,3,1037511663
158,110,5,1037511540
158,141,3,1037512058
158,150,5,1037511648
158,159,3,1037511945
158,160,3,1037510189
158,161,5,1037511753
158,165,4,1037511969
158,168,4,1037510273
158,318,5,1037511483
158,349,5,1037511868
158,358,3,1037512035
158,364,4,1037511735
158,374,2,1037510497
158,377,4,1037510157
158,457,5,1037511692
158,480,5,1037509938
158,500,4,1037512024
158,527,5,1037511468
158,539,4,1037511718
158,595,3,1037511524
158,597,4,1037511904
158,648,4,1037510459
158,733,4,1037511868
158,780,4,1037512046
158,848,3,1037511735
158,952,3,1037510471
158,957,3,1037510357
158,1059,3,1037511912
158,1092,5,1037512046
158,1120,3,1037511639
158,1210,5,1037509981
158,1265,4,1037511598
158,1270,5,1037510382
158,1372,3,1037510157
158,1396,4,1037512113
158,1517,5,1037512141
158,1527,3,1037511822
158,1562,3,1037510189
158,1580,4,1037511789
158,1629,4,1037509938
158,1682,4,1037511639
158,1693,4,1037512004
158,1704,5,1037511503
158,1707,2,1037510125
158,1717,4,1037512141
158,1721,3,1037510030
158,1805,5,1037512015
158,1892,4,1037512004
158,1923,4,1037511845
158,2006,3,1037511887
158,2028,5,1037511494
158,2268,5,1037511674
158,2273,4,1037510394
158,2279,4,1037510170
158,2353,3,1037511845
158,2355,4,1037511627
158,2375,4,1037510257
158,2378,5,1037510483
158,2396,5,1037510512
158,2411,5,1037510419
158,2424,4,1037511984
158,2428,3,1037509981
158,2518,2,1037510273
158,2628,5,1037510202
158,2687,4,1037510220
158,2706,5,1037511984
158,2712,4,1037511735
158,2762,5,1037511514
158,2806,3,1037510552
158,2840,4,1037510247
158,2890,3,1037511789
158,2915,4,1037510459
158,2916,4,1037511945
158,2986,4,1037509938
158,3033,4,1037510319
158,3052,3,1037511931
158,3114,5,1037511514
158,3147,5,1037510309
158,3238,1,1037511233
158,3253,2,1037511945
158,3255,3,1037511812
158,3273,3,1037511114
158,3287,4,1037511018
158,3301,4,1037510471
158,3361,4,1037510285
158,3408,4,1037510783
158,3409,4,1037510919
158,3418,4,1037511868
158,3450,3,1037512123
158,3480,3,1037510157
158,3484,4,1037511325
158,3513,3,1037511049
158,3525,5,1037510097
158,3534,3,1037510908
158,3536,4,1037510839
158,3555,5,1037511009
158,3594,4,1037511114
158,3753,5,1037509949
158,3755,4,1037511049
158,3785,4,1037511032
158,3798,5,1037511032
158,3882,3,1037510928
158,3908,3,1037511378
158,3916,5,1037510736
158,3948,4,1037510891
158,3952,4,1037510700
158,3977,3,1037510955
158,3980,3,1037510908
158,3988,4,1037511254
158,3994,4,1037510859
158,4005,5,1037510189
158,4018,5,1037510020
158,4025,4,1037510942
158,4033,5,1037510811
158,4034,4,1037510676
158,4047,4,1037512249
158,4054,5,1037510969
158,4143,3,1037511151
158,4148,4,1037511093
158,4207,4,1037510357
158,4238,3,1037511193
158,4270,4,1037511137
158,4299,4,1037510010
158,4310,4,1037511183
158,4344,4,1037511114
158,4367,4,1037511206
158,4388,2,1037511325
158,4447,4,1037510997
158,4638,3,1037510552
158,4679,2,1037510170
158,4700,3,1037511114
158,4701,4,1037510955
158,4718,3,1037510942
158,4776,5,1037510828
158,4865,4,1037510125
158,4886,5,1037510683
158,4890,3,1037510919
158,4896,3,1037510736
158,4974,3,1037510445
158,4975,4,1037510997
158,4992,3,1037510985
158,4993,5,1037510600
158,4995,5,1037510642
158,5010,5,1037510676
158,5025,4,1037511009
158,5064,3,1037510736
158,5092,3,1037511167
158,5107,5,1037511049
158,5108,4,1037511167
158,5127,3,1037511206
158,5151,4,1037511125
158,5152,5,1037510761
158,5218,4,1037510839
158,5283,5,1037510828
158,5349,4,1037510664
158,5378,5,1037510908
158,5387,3,1037511049
158,5400,5,1037509981
158,5449,4,1037511289
158,5459,3,1037511183
158,5479,4,1037511082
158,5502,5,1037510793
158,5507,4,1037511151
158,5553,4,1037510247
158,5620,4,1037511167
158,5816,3,1037510600
159,260,5,1007715331
159,332,3,1007715283
159,337,4,1007715331
159,673,2,1007715283
159,1056,4,1007715351
159,1208,5,1007715371
159,1210,4,1007715283
159,1230,2,1007715371
159,2160,4,1007715309
159,3101,3,1007715309
159,3471,3,1007715283
160,14,2,974831284
160,25,5,974831372
160,32,4,974831426
160,36,4,974831106
160,45,4,974831605
160,50,5,976133283
160,62,2,974831250
160,76,4,976769562
160,85,4,974831725
160,111,4,976133575
160,150,5,974831465
160,161,3,974831768
160,185,3,976769657
160,196,2,976769657
160,198,4,976768810
160,235,4,974831340
160,253,4,974831928
160,260,5,974832131
160,281,3,974831426
160,290,3,974831250
160,296,4,976133153
160,300,4,974831465
160,317,3,976768260
160,318,4,974831025
160,329,2,976768906
160,337,5,974831304
160,338,2,976769657
160,341,3,974831884
160,345,1,974831605
160,426,4,976769437
160,435,5,976769562
160,442,2,976769437
160,448,4,974831499
160,475,3,974831340
160,480,5,976768542
160,501,5,974831184
160,509,4,974831465
160,515,1,974831768
160,529,2,974831465
160,541,4,976768458
160,551,4,974832239
160,589,4,976768501
160,593,4,974830726
160,608,4,974831025
160,628,5,974831499
160,647,3,974831676
160,678,5,974831340
160,714,5,976133153
160,778,4,974831426
160,780,3,976768906
160,866,5,974831184
160,908,4,976133605
160,912,3,976133198
160,923,4,975213491
160,924,5,976133752
160,969,3,976767674
160,999,4,976767354
160,1023,4,976767312
160,1037,4,976769437
160,1077,4,976768542
160,1095,5,974831605
160,1097,4,974830793
160,1099,3,976132965
160,1119,4,974831725
160,1120,4,974831216
160,1127,3,976767640
160,1129,3,976768585
160,1179,4,974831106
160,1196,5,974831884
160,1199,4,976768417
160,1200,3,976768458
160,1201,5,976133389
160,1206,5,976133752
160,1208,5,974832063
160,1210,3,976768542
160,1213,3,974831048
160,1214,4,976768417
160,1219,4,976133675
160,1228,5,974832081
160,1240,4,976768501
160,1255,1,976753168
160,1258,5,976133881
160,1263,4,976133675
160,1266,4,976133908
160,1267,4,976133198
160,1270,4,976768458
160,1271,3,974831605
160,1289,1,976133962
160,1298,4,974832019
160,1301,5,976768501
160,1327,3,976767815
160,1347,4,974832239
160,1356,3,976768625
160,1357,2,974831284
160,1358,5,974831426
160,1372,2,976768719
160,1374,4,976768625
160,1376,5,976768585
160,1391,1,976768906
160,1396,5,976768542
160,1456,1,976222474
160,1466,4,974831627
160,1544,4,976769437
160,1546,4,976133575
160,1580,5,976768719
160,1584,5,974831523
160,1594,5,974831216
160,1597,4,974831884
160,1653,4,976768625
160,1666,4,976767312
160,1676,4,976769478
160,1680,3,974831627
160,1682,5,974831605
160,1694,4,976767839
160,1704,4,974831148
160,1719,4,974831184
160,1725,4,974831250
160,1747,4,974831465
160,1748,5,976768542
160,1779,3,976769478
160,1784,4,974831556
160,1834,5,974831372
160,1840,4,974831725
160,1885,3,974831372
160,1897,5,974831465
160,1909,5,974831800
160,1916,5,974831556
160,1917,3,974832108
160,1921,5,974831990
160,1922,3,974830958
160,1965,3,976768501
160,1967,5,976768260
160,1968,5,974832041
160,1997,4,976133605
160,2010,3,976768501
160,2028,4,974831025
160,2034,1,976769657
160,2053,2,974830793
160,2054,3,976768260
160,2064,4,976133881
160,2072,3,976767354
160,2100,3,976768260
160,2105,4,976768260
160,2125,2,974831605
160,2140,5,976768182
160,2145,4,974832019
160,2161,5,976768260
160,2287,3,976768759
160,2311,4,976768846
160,2318,5,974831928
160,2324,5,976133881
160,2329,5,974831216
160,2367,2,974830793
160,2375,4,974831961
160,2384,4,974831847
160,2393,3,976769437
160,2407,4,976768719
160,2428,3,976769657
160,2442,2,974831556
160,2455,4,976768585
160,2468,1,974831928
160,2501,4,974831131
160,2507,4,974831847
160,2527,4,976768667
160,2528,3,976768810
160,2571,5,976768458
160,2600,5,976768586
160,2622,2,976768260
160,2628,2,974832131
160,2640,3,976768667
160,2662,4,976768586
160,2706,2,974831847
160,2722,1,976769563
160,2762,5,976134116
160,2858,5,974831048
160,2890,4,974831216
160,2908,3,974831106
160,2916,4,976768625
160,2942,2,974830793
160,2959,5,974831800
160,2968,4,976768182
160,2985,3,976768759
160,2997,5,974832174
160,3006,4,974831048
160,3007,5,976133881
160,3033,1,976768846
160,3060,4,974831372
160,3070,3,976767640
160,3105,5,974831184
160,3108,4,974831696
160,3114,5,976133605
160,3148,3,974831465
160,3156,2,976768667
160,3160,2,974831284
160,3175,4,976768667
160,3224,4,976133198
160,3326,4,976769563
160,3362,5,976133444
160,3386,5,974831556
160,3471,5,976768417
160,3527,2,976768667
160,3536,3,974831961
160,3578,2,976767232
160,3698,4,976769437
160,3745,5,976768759
160,3751,4,976133881
160,3769,4,976133444
160,3783,5,974831884
160,3793,3,976768586
160,3827,4,975213632
160,3863,4,975213574
160,3884,2,975213608
160,3893,2,974832188
160,3986,2,976768906
160,3994,4,975213549
160,6184,4,976768719
161,48,1,1145157451
161,50,3.5,1145157633
161,70,1,1145157490
161,150,3.5,1145157631
161,215,3.5,1145157976
161,231,3.5,1145157616
161,292,2.5,1145157614
161,333,4,1145157710
161,356,4.5,1145157609
161,370,4,1145157425
161,471,2.5,1145157493
161,520,2,1145157455
161,858,5,1145157889
161,1213,4,1145157694
161,1221,5,1145157891
161,1265,4,1145157602
161,1278,4,1145157436
161,1288,4,1145157427
161,1333,3.5,1145157534
161,1376,1,1145157470
161,1405,3.5,1145157686
161,1527,1.5,1145157676
161,1552,1.5,1145157482
161,1676,1,1145157457
161,1732,4,1145157673
161,2081,1,1145157448
161,2395,4.5,1145157921
161,2402,3.5,1145157789
161,2502,4,1145157997
161,2699,2,1145157442
161,2791,5,1145157931
161,2792,3.5,1145157933
161,3146,0.5,1145157772
161,3168,4.5,1145157768
161,3174,4,1145157762
161,3421,3,1145157993
161,3552,2,1145158009
161,3671,3.5,1145157553
161,3868,5,1145158004
161,3911,3.5,1145157551
161,3977,1,1145157445
161,4027,4,1145157647
161,4816,1.5,1145157742
161,4979,4.5,1145157560
161,5459,1,1145157736
161,5481,2,1145157732
161,5528,1,1145157727
161,5902,4.5,1145157874
161,5956,0.5,1145157950
161,7361,5,1145157652
161,7482,4,1145157912
161,8507,5,1145157903
162,1,3,832016318
162,2,4,832100362
162,10,3,832016298
162,21,5,832016878
162,22,4,832017054
162,32,5,832016633
162,47,4,832100994
162,50,5,832016678
162,95,4,832016852
162,153,3,832016253
162,161,3,832016318
162,165,4,832016253
162,172,3,832017332
162,173,3,832017315
162,177,4,832016720
162,204,3,832017416
162,208,5,832016347
162,235,5,832016807
162,288,5,832016599
162,292,4,832016347
162,296,5,832016224
162,316,4,832016298
162,318,5,832016298
162,329,4,832016298
162,344,3,832016253
162,349,3,832016253
162,380,3,832016224
162,434,3,832016318
162,494,3,832017398
162,555,5,832016679
162,588,1,832016253
162,592,3,832016224
162,593,5,832016822
162,595,1,832016298
163,262,4.5,1171733352
163,374,3,1171733322
163,502,3,1171733404
163,531,3.5,1171733064
163,1057,3,1171733364
163,2085,3.5,1171733117
163,2366,1,1171733145
163,3565,3,1171733576
163,4062,3.5,1171733536
163,6934,1.5,1171733058
163,8958,4.5,1171733481
164,1,3,1281993173
164,32,4.5,1281993178
164,260,4,1281993107
164,356,4,1281993138
164,592,3,1281993171
164,780,4,1281993174
164,858,5,1281993075
164,1064,2,1281992028
164,1080,4,1281993416
164,1136,4.5,1281992917
164,1196,5,1281993111
164,1210,4,1281993112
164,1221,3,1281993077
164,1517,3,1281992931
164,1527,4.5,1281992869
164,1587,2.5,1281991932
164,2136,2,1281992022
164,2340,4,1281991961
164,2571,4.5,1281993283
164,2628,3,1281993101
164,2683,3,1281992927
164,2788,4,1281992889
164,3438,2.5,1281991968
164,3564,2,1281992150
164,3793,2.5,1281992998
164,3997,2,1281992085
164,4941,2,1281992122
164,4993,4,1281993256
164,5378,3,1281993103
164,5481,4,1281992908
164,5952,4,1281993259
164,6539,3,1281993002
164,6807,4,1281993436
164,6874,4,1281992864
164,7153,4.5,1281993258
164,7842,3.5,1281992167
164,8636,3,1281992984
164,8961,2.5,1281992921
164,26736,2.5,1281992616
164,27368,3,1281992452
164,27478,3.5,1281992976
164,31658,4.5,1281993359
164,33493,3.5,1281993106
164,33679,3,1281992832
164,33794,2.5,1281992790
164,36708,3,1281992840
164,47044,0.5,1281992812
164,54272,3,1281992880
164,55721,3.5,1281993405
164,58559,4.5,1281992793
164,59900,4,1281992951
164,60126,4,1281992829
164,60684,4.5,1281992820
164,60760,3,1281992283
164,61026,4,1281993059
164,62956,3,1281992260
164,64839,4.5,1281993292
164,66297,3,1281992331
164,68157,5,1281993269
164,68486,4.5,1281993024
164,73106,0.5,1281992532
164,78469,4,1281992778
164,79132,5,1281993084
165,1302,3,986151226
165,1586,3,986151226
165,1951,4,986151226
165,1961,5,986151099
165,2348,3,986150955
165,2439,3,986151099
165,3072,5,986150955
165,3160,2,986151226
165,4174,4,986153515
165,4186,4,986153468
165,4190,4,986153468
165,4191,4,986153422
165,4205,2,986153368
165,4206,3,986153368
165,4207,2,986153368
166,1,5,1471810123
166,34,3,1471810192
166,318,4,1429723666
166,527,3,1429723667
166,588,5,1471810238
166,595,5,1471810205
166,608,4,1471810127
166,904,4,1429723686
166,919,5,1471810196
166,1022,4,1471810240
166,1073,5,1471810199
166,1136,1.5,1429723735
166,1193,3,1429723682
166,1197,3.5,1429717306
166,2291,5,1471810219
166,2321,4,1471810251
166,2324,4,1429723720
166,2571,2.5,1429723695
166,2716,4,1471810208
166,2797,4,1471810202
166,3273,3,1429711341
166,3285,4,1429711402
166,3409,3,1429711420
166,3481,4.5,1429716384
166,3512,2,1429716699
166,3535,3,1429716445
166,3594,2,1429717126
166,3624,3,1429711275
166,3646,2,1429716726
166,3753,3,1429711172
166,3754,1,1429717021
166,3755,3,1429716409
166,3785,2,1429711261
166,3825,3,1429711536
166,3882,4,1429711470
166,3897,5,1429711116
166,3916,3,1429711289
166,3948,4,1429716386
166,3967,3,1429711287
166,3969,3,1429711411
166,3977,3,1429716378
166,3979,0.5,1429716650
166,3988,2,1429711380
166,4014,2,1429716417
166,4015,1,1429711451
166,4016,2.5,1429711399
166,4022,3,1429711118
166,4023,3,1429711457
166,4025,3,1429711234
166,4027,4,1429711111
166,4054,2,1429716640
166,4069,2,1429711549
166,4226,3,1429710993
166,4232,4,1429711560
166,4235,3,1429716505
166,4246,3,1429711190
166,4248,1,1429717109
166,4270,1,1429711283
166,4306,4,1429710988
166,4308,4,1429716401
166,4340,1,1429717047
166,4343,1,1429711469
166,4368,0.5,1429716919
166,4369,1,1429711329
166,4388,1,1429711572
166,4447,4,1429711257
166,4639,2,1429711532
166,4641,3,1429711371
166,4700,4,1429716685
166,4701,1,1429711407
166,4718,2,1429711272
166,4720,4,1429711213
166,4744,0.5,1429716928
166,4814,2,1429717015
166,4816,3,1429716466
166,4821,1,1429717247
166,4876,1.5,1429716918
166,4878,3,1429711122
166,4886,5,1429711027
166,4890,2,1429711466
166,4973,5,1429711010
166,5014,3,1429716646
166,5066,2,1429717018
166,5110,2,1429716697
166,5151,1.5,1429716724
166,5171,2,1429716604
166,5218,3,1429711205
166,5219,2,1429711478
166,5225,3,1429716533
166,5266,3,1429711328
166,5299,2,1429716424
166,5349,3,1429711096
166,5419,2,1429716805
166,5445,4,1429711024
166,5449,2,1429716644
166,5459,1,1429711220
166,5481,1.5,1429716447
166,5502,3,1429716414
166,5572,1.5,1429717003
166,5617,3,1429711514
166,5618,4,1429711169
166,5620,2,1429716634
166,5666,2,1429717146
166,5669,3,1429711196
166,5679,3,1429711240
166,5785,1,1429716663
166,5816,4,1429711160
166,5903,2,1429711335
166,5943,0.5,1429716867
166,5971,3.5,1429717310
166,5989,4.5,1429711123
166,6016,3,1429711178
166,6156,1,1429716723
166,6188,3,1429716507
166,6287,1.5,1429711521
166,6297,3,1429716804
166,6373,2.5,1429711251
166,6377,5,1429711094
166,6383,2,1429711567
166,6482,1,1429717086
166,6502,5,1429711197
166,6503,2,1429711540
166,6535,1,1429716864
166,6537,2,1429716451
166,6539,4,1429711020
166,6548,0.5,1429716674
166,6593,3,1429716749
166,6708,3,1429716526
166,6711,2,1429716388
166,6863,4,1429711254
166,6874,4,1429711101
166,6888,1,1429716740
166,6936,4,1429711494
166,7147,4.5,1429711181
166,7160,4,1429716599
166,7173,1.5,1429716693
166,7285,4,1429716890
166,7360,4,1429711543
166,7361,4,1429711097
166,7438,4,1429711124
166,7444,2.5,1429716622
166,7451,5,1429711492
166,8360,3,1429711158
166,8361,3,1429711369
166,8366,4,1429716789
166,8368,4.5,1429711176
166,8376,3,1429711357
166,8528,2,1429711422
166,8531,1,1429717219
166,8533,2.5,1429716570
166,8641,3,1429711430
166,8645,3,1429716814
166,8666,0.5,1429717087
166,8783,2,1429711485
166,8784,3,1429711245
166,8873,3,1429716586
166,8874,4,1429716400
166,8958,3,1429716579
166,8961,5,1429711110
166,8970,2,1429711347
166,27773,4,1429716488
166,27808,2.5,1429716822
166,27831,1,1429716681
166,30793,3,1429711301
166,30812,3,1429711384
166,30816,2,1429717009
166,30825,2,1429711507
166,31658,4,1429711396
166,32031,1.5,1429716939
166,33615,2,1429716615
166,33794,2,1429711120
166,34048,4,1429711355
166,34162,3,1429711319
166,35836,4.5,1429711228
166,37729,3,1429716551
166,38061,3,1429711449
166,39183,2,1429711409
166,40732,4,1429716990
166,40815,4,1429711215
166,40819,4,1429711359
166,41285,3,1429716627
166,41566,3,1429711324
166,41569,4,1429711393
166,44191,3,1429711165
166,44972,1,1429717171
166,45517,2,1429716548
166,45720,4,1429716624
166,45722,1.5,1429716431
166,46578,5,1429711203
166,46723,3,1429711516
166,46970,2,1429716774
166,46972,2.5,1429716713
166,46976,4,1429716483
166,48385,4,1429711297
166,48394,4,1429716403
166,48780,2,1429716405
166,49961,4,1429717233
166,50601,3,1429717271
166,50872,4,1429716441
166,51255,3,1429711303
166,52245,0.5,1429716912
166,52722,1.5,1429716554
166,52973,5,1429711441
166,52975,4,1429717215
166,53000,4,1429711589
166,53123,3,1429716817
166,53125,0.5,1429711413
166,53996,1,1429711392
166,54001,4,1471810249
166,54190,1.5,1429716986
166,54259,3,1429716557
166,54503,4,1429711337
166,55052,4,1429716777
166,55247,4,1429711453
166,55280,4,1429716877
166,55363,2,1429716953
166,55820,3,1429716426
166,55830,2,1429717060
166,56145,3,1429716995
166,56152,5,1429716843
166,56174,4,1429711350
166,56339,3,1429716999
166,56367,4,1429716411
166,56757,4,1429711595
166,56782,2,1429711435
166,57368,3,1429716613
166,58047,2,1429717129
166,58559,2,1429711107
166,58998,4.5,1429711578
166,59315,4,1429711200
166,59369,3,1429711446
166,59784,3,1429711481
166,60069,5,1429711185
166,60072,3,1429716739
166,60074,3,1429716636
166,60756,2,1429717053
166,61024,3,1429716715
166,61240,4,1429716660
166,61323,3,1429711518
166,62434,2.5,1429716908
166,63082,4,1429711237
166,63859,3,1429716988
166,63876,3,1429716717
166,64614,4,1429711353
166,64839,3,1429716578
166,64957,3,1429711491
166,65261,3.5,1429717074
166,67087,5,1429716849
166,67734,3,1429717045
166,68358,3,1429711294
166,68952,4,1429717243
166,68954,3,1429711232
166,69122,5,1429711291
166,69481,4,1429716574
166,69757,5,1429716480
166,69784,1,1429717132
166,69844,4,1471810241
166,69951,2,1429717227
166,70286,4,1429711281
166,71379,3.5,1429717267
166,71535,5,1429716501
166,72011,4,1429711593
166,72378,2,1429716732
166,72998,4,1429711211
166,73017,2,1429711377
166,76077,3,1429717208
166,76093,4,1471810195
166,76251,4,1429716534
166,78499,5,1429711373
166,79091,3,1429716692
166,79132,2,1429711163
166,79702,4,1429711569
166,80463,3,1429716511
166,81591,3,1429716510
166,81834,4,1429716582
166,81845,2.5,1429711389
166,81847,4.5,1429716741
166,84152,2.5,1429716751
166,85414,3,1429716617
166,86345,4,1429723778
166,86833,5,1429717083
166,86882,3,1429716776
166,86911,1,1429717246
166,87306,3,1429716964
166,87869,3,1429717140
166,88125,4,1429711547
166,88140,3,1429716784
166,88163,5,1429716895
166,88744,4,1429716791
166,88810,3,1429716952
166,89745,2.5,1429711438
166,89864,3,1429716868
166,89904,4,1429717199
166,91077,3,1429717120
166,91500,4,1429711581
166,91542,2,1429716760
166,93840,4.5,1429716937
166,94959,2.5,1429716786
166,95167,3,1429717173
166,96610,3,1429716671
166,96821,3,1429717069
166,97304,4,1429716734
166,97913,5,1429717042
166,99114,5,1429711488
166,105504,3,1429717257
166,106487,4.5,1429716886
166,106782,3,1429716826
166,106916,2.5,1429717197
166,108932,4,1429717188
166,108983,4,1429723727
166,109374,2.5,1429723787
166,111759,3,1429716904
166,112175,4,1471810242
166,112556,4,1429716931
166,116797,3.5,1429723691
166,122882,4,1471810130
166,134853,5,1471810125
167,50,5,1319823197
167,147,2.5,1319822860
167,175,5,1319822781
167,207,3.5,1319822736
167,296,4.5,1319823085
167,531,4.5,1319822672
167,1687,4,1319822800
167,1892,2,1319822811
167,1894,3,1319822746
167,2096,4,1319822713
167,2124,2,1319822664
167,2485,0.5,1319822724
167,2724,0.5,1319822630
167,3083,2.5,1319822850
167,3267,3,1319822839
167,3676,4.5,1319823104
167,4161,2,1319822821
167,6385,3,1319822899
167,84772,3,1319823037
168,5,3,850139631
168,32,3,850139593
168,65,4,850139755
168,88,3,850139947
168,104,4,850139671
168,637,3,850139718
168,663,3,850139904
168,667,2,850139805
168,707,3,850139805
168,711,2,850139805
168,743,3,850139755
168,762,3,850139718
168,784,2,850139671
168,1073,3,850139671
169,196,3,1289204117
169,232,4,1289204310
169,546,4.5,1289204363
169,898,4.5,1289204325
169,1172,4.5,1289204207
169,1373,4.5,1289204258
169,1375,4,1289204165
169,1556,4,1289204376
169,1779,4.5,1289204338
169,1831,4.5,1289204276
169,2134,4,1289204355
169,2300,4,1289204315
169,3510,4.5,1289204244
169,3702,4,1289204231
169,3704,4.5,1289204371
169,5816,4,1289204149
169,7458,4,1289204379
170,50,3.5,1449365894
170,260,5,1449365788
170,277,3.5,1449366601
170,317,5,1449366593
170,318,5,1449365729
170,541,5,1449366478
170,551,5,1449366283
170,586,3,1449366564
170,593,4.5,1449365955
170,608,5,1449366484
170,745,4,1449366014
170,858,4,1449365889
170,904,4,1449365939
170,908,4,1449365975
170,912,5,1449365922
170,913,3,1449366044
170,922,2,1449366495
170,953,5,1449366552
170,1036,3,1449366560
170,1099,1,1449366131
170,1136,4.5,1449365972
170,1148,3,1449366492
170,1172,5,1449366009
170,1193,4.5,1449365918
170,1196,5,1449365779
170,1197,5,1449365782
170,1198,4.5,1449365934
170,1204,4,1449366021
170,1208,5,1449366007
170,1213,3,1449365949
170,1221,4,1449365914
170,1234,4,1449366488
170,1252,3,1449366482
170,2003,2,1449366583
170,2019,3.5,1449365962
170,2083,1,1449366133
170,2398,5,1449366590
170,2423,1,1449366571
170,2571,5,1449365815
170,2712,1.5,1449366641
170,2762,5,1449365829
170,2804,3.5,1449366556
170,2858,4,1449365818
170,2953,2,1449366576
170,2959,4.5,1449365822
170,3061,2,1449366672
170,3087,2,1449366613
170,3578,4,1449365835
170,3675,2,1449366615
170,3988,2,1449366644
170,4184,4,1449366699
170,4306,4.5,1449365838
170,4993,4,1449365800
170,5618,3,1449365936
170,5804,2,1449366684
170,5952,4,1449365833
170,6936,2,1449366574
170,6942,4.5,1449366549
170,7153,4,1449365802
170,8492,5,1449366272
170,8965,3,1449366586
170,8978,1,1449366689
170,26133,4,1449366618
170,26502,4.5,1449366227
170,49013,1,1449366989
170,52435,3.5,1449366579
170,58559,5,1449365786
170,72294,4,1449366255
170,88756,1,1449366215
170,95839,1.5,1449366217
170,102125,3.5,1449366696
170,107075,1,1449366155
170,107077,1,1449366167
170,109487,4,1449366038
170,122240,1,1449366230
170,126088,1,1449366170
170,127098,4,1449365852
170,131724,3,1449365849
170,133155,1,1449366172
170,134853,5,1449365844
170,136542,1,1449366220
170,141884,1,1449366222
171,32,4.5,1266890670
171,261,4,1266890388
171,277,4.5,1266890405
171,562,3.5,1266890493
171,1120,4,1266890411
171,1285,3.5,1266890392
171,1947,4.5,1266890443
171,1958,5,1266890531
171,1959,4,1266890526
171,2080,4,1266890417
171,2150,3.5,1266890431
171,2336,5,1266890421
171,2572,4,1266890647
171,2605,3.5,1266890448
171,2686,4.5,1266890505
171,2908,4.5,1266890456
171,3100,5,1266890515
171,6658,3,1266890641
172,342,2,1108699079
172,1639,1,1108699071
172,2302,4,1108698951
173,260,3.5,1443090691
173,480,4,1443091758
173,589,4.5,1443091588
173,924,4.5,1443091570
173,1036,3.5,1443090733
173,1196,3.5,1443090722
173,1214,3.5,1443091557
173,1527,4.5,1443091718
173,1748,4.5,1443091669
173,2467,4.5,1443092515
173,2571,5,1443090717
173,3578,4.5,1443093233
173,3617,3.5,1443093426
173,3623,4,1443093282
173,3677,5,1443092297
173,3717,4,1443092938
173,3793,4,1443176881
173,3826,3.5,1443093432
173,3827,4,1443093578
173,3949,4.5,1443092225
173,3977,4,1443176988
173,3994,3,1443177024
173,3996,4.5,1443093241
173,4011,4,1443176981
173,4018,3,1443177084
173,4025,3,1443093367
173,4306,3,1443176865
173,4310,3,1443177096
173,4367,3.5,1443093440
173,4369,4.5,1443092622
173,4370,4,1443093336
173,4447,2.5,1443177082
173,4643,3.5,1443093390
173,4720,4,1443177061
173,4776,4.5,1443093416
173,4886,3,1443176891
173,4963,4.5,1443093249
173,4973,4.5,1443176960
173,4975,4,1443093402
173,4993,4.5,1443176948
173,5266,3.5,1443177146
173,5299,3,1443177053
173,5349,4,1443176964
173,5418,4.5,1443176909
173,5445,4,1443091749
173,5459,3,1443177058
173,5481,4,1443093398
173,5574,4,1443094020
173,5618,3.5,1443177011
173,5669,4.5,1443093327
173,5679,3,1443177072
173,5816,3.5,1443176999
173,5903,4.5,1443091688
173,5952,4.5,1443093227
173,6365,4,1443093276
173,6373,2.5,1443177069
173,6377,3,1443176892
173,6378,4.5,1443177067
173,6539,4,1443176956
173,6863,2,1443177076
173,6934,4,1443177028
173,7153,4.5,1443176949
173,7254,4.5,1443091725
173,7373,3.5,1443177279
173,8360,3,1443177005
173,8361,4,1443177194
173,8644,4,1443093355
173,8665,4.5,1443177013
173,8984,4,1443093510
173,30707,4.5,1443093369
173,30793,3,1443177107
173,31410,4,1443092262
173,33679,4.5,1443093459
173,34162,3,1443093445
173,34319,4.5,1443093654
173,41566,2.5,1443177119
173,41569,3.5,1443177258
173,44191,2.5,1443090754
173,45186,3.5,1443090906
173,45447,3.5,1443090858
173,45499,4,1443177170
173,45722,4,1443177054
173,46578,4,1443090765
173,47610,4,1443177149
173,47629,4,1443090975
173,48304,4,1443090927
173,48385,1,1443090833
173,48394,4.5,1443090768
173,48774,4,1443090822
173,48780,4.5,1443092212
173,49272,4.5,1483242321
173,49530,4,1443090835
173,51662,2.5,1443090806
173,52973,3,1443090865
173,53125,4,1443177214
173,54286,4.5,1443177040
173,54503,3.5,1443177138
173,55820,4,1443090815
173,56174,4.5,1443090839
173,56775,3.5,1443090969
173,58025,3.5,1443090964
173,58559,4.5,1443176962
173,59315,4.5,1443091773
173,59369,3,1443090851
173,60072,3.5,1443090933
173,60074,3.5,1443090903
173,60126,4.5,1483242425
173,62849,4,1443091029
173,63113,4,1443090902
173,64614,4,1443090836
173,64957,4,1443090871
173,68157,2.5,1443090813
173,68358,4,1443091590
173,69122,3,1443090829
173,70286,4.5,1443090825
173,71530,3.5,1443091038
173,72378,3,1443090929
173,72998,5,1443092582
173,73017,4.5,1443093478
173,74458,4.5,1443177129
173,79132,4.5,1443091549
173,80463,3.5,1443177198
173,81845,4.5,1443093464
173,84152,4.5,1443091657
173,85414,4,1443091696
173,86332,4,1443094027
173,86504,4.5,1443092242
173,86882,4.5,1443094126
173,89745,4.5,1443177176
173,90249,4.5,1443091500
173,91529,4.5,1443092247
173,91542,4.5,1443094059
173,92259,5,1443092199
173,96610,4.5,1443093952
173,101864,5,1443091440
173,106782,4.5,1443094036
173,111759,5,1443091457
173,119145,5,1483242306
173,136020,3,1483242312
173,138036,4.5,1483249523
174,36,4,956976853
174,41,4,956976355
174,82,5,956977260
174,154,3,956976629
174,235,4,956976675
174,247,5,956976355
174,265,5,956976457
174,300,4,956977143
174,307,1,956977143
174,308,1,956976495
174,431,2,956977170
174,448,5,956977011
174,475,4,956977198
174,508,4,956977077
174,523,3,956977077
174,531,4,956976583
174,562,4,956977232
174,574,1,956977077
174,593,5,956976418
174,608,5,956976315
174,628,2,956977011
174,670,5,956975933
174,702,3,956976457
174,778,3,956976710
174,858,3,956975986
174,892,4,956977283
174,908,4,956976315
174,909,3,956976103
174,919,3,956976355
174,923,1,956976026
174,924,5,956977232
174,949,4,956976196
174,968,5,956977598
174,971,5,956976418
174,982,3,956976737
174,1084,4,956976977
174,1094,5,956976898
174,1096,2,956976103
174,1104,5,956976382
174,1131,2,956976103
174,1132,4,956976103
174,1150,4,956976315
174,1161,5,956976026
174,1177,5,956977232
174,1179,3,956976418
174,1186,4,956976755
174,1193,3,956976052
174,1196,5,956976710
174,1203,3,956976519
174,1207,3,956976457
174,1210,3,956699242
174,1213,3,956976168
174,1214,5,956699755
174,1217,5,956976103
174,1219,5,956699755
174,1221,3,956976222
174,1225,3,956976457
174,1241,5,956699788
174,1243,3,956976928
174,1244,4,956976548
174,1246,4,956976898
174,1247,3,956976548
174,1250,5,956976675
174,1251,5,956976737
174,1258,5,956699788
174,1263,5,956977143
174,1270,2,956699168
174,1276,1,956976052
174,1278,5,956699788
174,1280,5,956976315
174,1300,5,956976629
174,1304,4,956699168
174,1333,5,956699717
174,1337,4,956699717
174,1345,3,956699828
174,1348,5,956699661
174,1350,5,956699788
174,1419,5,956976222
174,1537,5,956699242
174,1542,5,956976898
174,1594,5,956976135
174,1650,5,956976315
174,1660,2,956976781
174,1678,2,956976262
174,1683,5,956976548
174,1699,5,956976604
174,1704,4,956976262
174,1810,2,956977109
174,1913,5,956977077
174,1914,5,956976262
174,1916,5,956976929
174,1941,3,956976103
174,1945,5,956976418
174,1949,5,956977232
174,1950,3,956976262
174,1953,4,956976457
174,1956,3,956977039
174,1959,3,956977598
174,1960,3,956976196
174,1961,3,956977170
174,1962,4,956976805
174,1964,4,956976496
174,1982,5,956699788
174,1997,5,956699755
174,2019,4,956975933
174,2020,5,956976355
174,2068,5,956699168
174,2070,2,956977170
174,2076,5,956977011
174,2132,4,956976675
174,2160,5,956699755
174,2238,5,956976026
174,2288,3,956699788
174,2348,1,956977039
174,2351,5,956976548
174,2366,5,956699661
174,2455,3,956699661
174,2488,5,956699661
174,2550,4,956699755
174,2575,5,956977468
174,2585,4,956976583
174,2628,4,956699524
174,2634,5,956699661
174,2644,5,956699661
174,2648,4,956699717
174,2654,3,956699717
174,2664,4,956699717
174,2672,2,956977708
174,2700,5,956977672
174,2716,4,956977495
174,2730,3,956976457
174,2731,5,956976710
174,2732,4,956976355
174,2820,3,956976222
174,2847,1,956975986
174,2904,4,956976196
174,2912,5,956699442
174,2919,5,956976929
174,2925,5,956976135
174,2926,5,956976806
174,2929,2,956976496
174,2961,3,956699497
174,2966,5,956976315
174,2987,1,956977733
174,2995,4,956699548
174,3011,3,956976675
174,3091,5,956975986
174,3093,5,956976781
174,3108,3,956977109
174,3134,5,956976026
174,3168,3,956977260
174,3201,5,956976262
174,3217,5,956976583
174,3219,3,956977621
174,3260,5,956977011
174,3271,5,956976710
174,3330,2,956976168
174,3359,4,956976898
174,3374,5,956976825
174,3461,3,956976519
174,3468,5,956976026
174,3476,5,956699717
174,3499,4,956699828
174,3550,5,956699661
174,3584,3,956977232
174,4424,5,956976315
174,4970,5,956976675
174,5649,4,956699717
175,74,3,944898703
175,480,5,944898703
175,1049,3,944898830
175,1097,4,944898830
175,1147,5,944898703
175,1445,2,944898830
175,2140,3,944898830
175,2990,3,944898830
176,13,3,832943018
176,19,3,832942008
176,27,3,832942910
176,39,5,832942008
176,111,3,832942043
176,122,2,832942404
176,141,3,832942107
176,153,3,832941890
176,158,3,832942123
176,174,3,832942487
176,179,3,832942758
176,186,3,832942088
176,195,2,832942404
176,200,3,832943150
176,218,3,832942228
176,222,4,832942257
176,223,3,832942156
176,225,3,832941972
176,231,3,832941917
176,234,3,832942257
176,235,3,832942088
176,248,3,832942349
176,252,4,832942074
176,253,3,832941957
176,256,4,832942123
176,261,3,832942107
176,268,1,832942929
176,269,3,832942962
176,270,1,832942593
176,274,2,832942593
176,275,2,832942550
176,276,3,832942176
176,277,3,832942196
176,289,3,832942404
176,292,2,832941956
176,296,5,832941833
176,312,3,832942723
176,317,3,832941994
176,333,4,832942138
176,337,3,832942053
176,339,3,832941939
176,344,3,832941890
176,349,4,832941890
176,350,3,832942275
176,351,3,832942384
176,353,5,832942349
176,356,4,832942624
176,357,3,832942702
176,368,2,832942911
176,370,3,832942943
176,377,4,832942758
176,380,3,832941833
176,381,1,832942243
176,410,4,832941972
176,413,4,832942301
176,415,3,832942673
176,419,4,832943166
176,427,3,832942320
176,432,2,832942043
176,433,3,832942890
176,435,3,832942043
176,440,3,832942228
176,452,2,832942652
176,454,3,832942156
176,457,4,832942043
176,471,4,832942439
176,475,4,832943180
176,477,3,832942320
176,480,3,832942652
176,485,4,832942990
176,491,3,832942507
176,500,3,832942818
176,514,3,832942673
176,515,2,832942369
176,520,3,832943082
176,528,4,832943113
176,534,5,832943150
176,539,3,832942818
176,550,3,832942723
176,551,3,832942320
176,553,4,832942074
176,555,4,832942138
176,585,4,832942384
176,586,3,832942929
176,587,3,832942929
176,588,3,832941890
176,589,3,832942702
176,592,3,832941833
176,593,3,832942043
176,594,5,832943129
176,595,3,832941917
176,597,3,832942890
176,611,2,832942577
176,616,4,832942460
176,663,5,832942864
176,671,4,832942804
176,691,5,832943042
176,724,4,832943018
177,157,3,974745690
177,593,3,974745690
177,619,3,974745690
177,1334,2,974745690
177,1835,1,974745690
177,3477,4,974745690
178,1,4,1325225908
178,2,5,1325227693
178,20,3,1325168217
178,39,4,1325227298
178,50,3,1325225723
178,95,3.5,1325227763
178,111,2.5,1325227440
178,208,4.5,1325227355
178,231,4.5,1325225765
178,296,2.5,1325225645
178,318,4,1325225774
178,344,3.5,1325225884
178,356,4.5,1325225836
178,364,4,1325225758
178,586,4,1325227851
178,589,3.5,1325225669
178,780,4.5,1325225905
178,1580,4.5,1325225620
178,1608,4.5,1325228166
178,1704,4,1325225827
178,1848,4.5,1325168677
178,1923,3.5,1325225889
178,2153,3.5,1325168341
178,2291,4,1325227253
178,2363,4,1325168367
178,2396,2,1325225770
178,2404,3.5,1325168265
178,2422,4.5,1325168247
178,2431,4,1325168137
178,2533,3.5,1325168272
178,2571,4,1325225703
178,2572,4.5,1325169177
178,2762,4,1325225855
178,2763,4.5,1325228202
178,2826,4,1325168101
178,3081,3,1325228015
178,3147,4,1325227180
178,3534,3.5,1325169446
178,3578,5,1325225658
178,3623,4,1325227361
178,3755,4,1325229269
178,3793,5,1325227305
178,3821,3,1325168336
178,3889,4,1325168800
178,4011,4.5,1325227616
178,4022,5,1325225870
178,4306,5,1325225741
178,4886,4,1325225663
178,4896,4.5,1325227208
178,4963,4.5,1325225896
178,4974,3.5,1325168411
178,4993,4.5,1325225751
178,5218,4,1325227876
178,5349,4.5,1325225713
178,5459,4.5,1325227992
178,5464,3.5,1325228286
178,5679,3.5,1325227982
178,5810,4,1325169828
178,5816,5,1325227123
178,5952,4.5,1325225727
178,6333,4.5,1325225867
178,6365,3.5,1325225804
178,6373,5,1325228198
178,6377,4.5,1325226003
178,6383,4.5,1325169339
178,6385,4,1325168283
178,6502,3.5,1325169449
178,6539,3.5,1325227607
178,6863,4.5,1325227939
178,6874,4,1325225679
178,7143,4.5,1325227750
178,7153,4.5,1325225685
178,7164,4,1325169040
178,7254,3.5,1325228085
178,7293,4.5,1325169731
178,8360,4,1325225817
178,8368,4.5,1325227248
178,8636,4,1325225782
178,8644,4.5,1325227774
178,8665,5,1325227147
178,8961,4.5,1325225795
178,33679,4.5,1325229160
178,33794,4.5,1325225633
178,34048,4.5,1325228277
178,35836,3.5,1325227770
178,40815,4.5,1325227479
178,41566,4,1325227971
178,41569,4,1325228340
178,45499,4,1325228046
178,45722,4.5,1325227686
178,48774,4,1325227450
178,51255,3.5,1325228062
178,54272,4,1325228053
178,54286,5,1325227870
178,54503,3.5,1325227893
178,56174,4.5,1325227866
178,56367,3.5,1325225999
178,56949,3,1325169441
178,58293,4,1325169181
178,58559,5,1325227246
178,58803,5,1325169406
178,59315,5,1325225846
178,60069,3.5,1325225914
178,63082,4.5,1325227128
178,64614,4.5,1325228115
178,68954,4,1325227033
178,69122,5,1325227242
178,69757,3.5,1325169149
178,70286,4,1325225990
178,71535,4.5,1325227901
178,72011,3,1325229287
178,72378,3.5,1325169392
178,72998,5,1325225689
178,74458,4.5,1325168318
178,76093,4,1325228334
178,76251,4.5,1325227953
178,77561,4.5,1325228242
178,79132,4,1325225655
178,79702,2.5,1325228181
178,81562,3.5,1325169256
178,85414,4.5,1325228079
178,86332,4.5,1325228330
178,87232,4.5,1325227488
178,88125,5,1325227105
179,1,4,863713727
179,3,3,863713756
179,5,3,863713756
179,6,5,863713756
179,7,5,863713818
179,17,5,863713727
179,32,4,863713727
179,36,5,863713756
179,58,5,863713818
179,62,2,863713727
179,140,3,863714111
179,141,5,863713727
179,260,5,863713756
179,608,5,863713756
179,628,4,863714096
179,648,1,863713727
179,762,1,863713818
179,780,3,863713726
179,784,3,863713818
179,788,4,863713818
179,838,5,863713982
179,852,1,863714083
179,858,5,863713982
179,1073,5,863713756
179,1183,5,863713982
179,1357,5,863714059
180,381,3,1238306527
180,637,3,1238306472
180,930,3,1238306571
180,933,4.5,1238306600
180,1344,5,1238306585
180,1614,1,1238306545
180,1620,4.5,1238306595
180,1892,3,1238306579
180,2087,4,1238306460
180,2096,4,1238306511
180,2398,4.5,1238306592
180,2528,4,1238306537
180,2728,4,1238306581
180,3100,3,1238306520
180,3105,3.5,1238306487
180,3168,4.5,1238306557
180,3247,2,1238306465
180,3363,4,1238306445
180,3893,3.5,1238306549
181,1,3,975232929
181,2,3,975231256
181,24,5,975231764
181,173,3,975232427
181,185,3,975232347
181,196,3,975232295
181,256,4,975232347
181,316,4,975231713
181,364,4,975233194
181,442,3,975231764
181,504,3,975232347
181,546,2,975232534
181,589,5,975231471
181,596,3,975233121
181,610,3,975233360
181,673,3,975231300
181,741,5,975231471
181,780,3,975231764
181,788,3,975231256
181,1022,3,975233121
181,1025,4,975233194
181,1029,3,975233194
181,1032,3,975233360
181,1064,3,975234611
181,1270,4,975229943
181,1274,5,975232929
181,1282,5,975232989
181,1320,3,975232295
181,1356,3,975231713
181,1544,4,975232295
181,1566,3,975233195
181,1573,5,975231713
181,1580,3,975231713
181,1584,4,975231610
181,1590,5,975232347
181,1591,5,975232427
181,1653,4,975231610
181,1690,4,975232238
181,1748,5,975231610
181,1762,2,975232427
181,1779,4,975232347
181,1831,2,975232347
181,1876,3,975231764
181,1917,3,975232238
181,2018,3,975232989
181,2028,5,975230090
181,2085,2,975233360
181,2092,3,975234611
181,2232,1,975231864
181,2355,3,975232989
181,2393,3,975231864
181,2428,3,975232295
181,2448,1,975232534
181,2571,5,975231471
181,2628,4,975231182
181,2672,3,975232295
181,2700,5,975232989
181,2701,2,975232534
181,2722,3,975232295
181,2800,5,975234435
181,2808,2,975232347
181,2827,4,975232427
181,2987,4,975233121
181,3054,2,975234435
181,3114,5,975232929
181,3175,4,975231713
181,3213,4,975233360
181,3267,4,975229884
181,3354,4,975230654
181,3397,2,975229943
181,3438,4,975231300
181,3440,3,975231300
181,3593,3,975230740
181,3615,4,975233493
181,3745,5,975230654
181,3763,3,975229884
181,3793,4,975230654
181,3863,5,975230654
181,4006,5,975233586
182,20,3,1252121487
182,169,4,1252121525
182,542,2.5,1252121508
182,798,3.5,1252121536
182,1078,2.5,1252121516
182,1189,4.5,1252121592
182,1333,3,1252121371
182,1722,2,1252121359
182,1953,2,1252121400
182,2132,3,1252121552
182,2336,2.5,1252121385
182,2908,4,1252121419
182,3744,3,1252121501
182,3959,5,1252121564
182,5135,5,1252121574
183,2124,3.5,1325026904
184,17,5,877024218
184,260,4,877023655
184,608,5,877023719
184,778,5,877024374
184,858,5,877024373
184,866,3,877023782
184,1073,5,877023782
184,1183,5,877022922
184,1233,5,877024218
184,1356,3,877023983
184,1407,5,877022995
184,1479,3,877022995
184,1500,5,877024374
184,1590,3,877023410
184,1608,4,877023180
185,21,3,840790839
185,50,2,840790788
185,81,3,840877341
185,112,3,840790683
185,153,1,840790445
185,165,3,840790443
185,293,2,840790684
185,296,3,840790384
185,380,3,840790386
185,457,2,840790516
185,482,4,840790839
185,589,3,840790839
185,592,3,840790381
185,593,2,840790518
185,610,3,840790788
185,778,3,840790684
185,782,3,840877370
185,800,5,840790684
185,849,3,840790839
185,880,3,840877534
186,215,4,1267318484
186,356,5,1267318986
186,364,5,1267318907
186,711,2,1267318666
186,720,3.5,1267318374
186,1025,4.5,1267319229
186,1287,3,1267318225
186,1619,3.5,1267318495
186,1907,5,1267318930
186,1947,4,1267318361
186,2014,3.5,1267318748
186,2294,3,1267318200
186,2424,4.5,1267319053
186,2701,2,1267318182
186,2739,5,1267318446
186,3147,5,1267319417
186,3178,3,1267318517
186,3404,5,1267318730
186,3646,1.5,1267318680
186,3755,4.5,1267319293
186,4703,5,1267319855
186,4993,2.5,1267319098
186,6942,5,1267319066
186,27815,5,1267319379
186,27857,5,1267319647
186,40414,5,1267319357
186,55052,5,1267319539
186,56719,4.5,1267319390
186,58334,4,1267319195
186,67618,3.5,1267318966
186,69757,4,1267319774
186,70293,2.5,1267319467
186,72131,4,1267319132
186,72641,4,1267319508
186,72720,4.5,1267319120
186,72998,4,1267318775
187,44,1.5,1313394872
187,69,2,1313394743
187,111,3.5,1313395858
187,223,3.5,1313395465
187,260,4.5,1313395225
187,296,4,1313395424
187,356,5,1313395456
187,364,5,1313395050
187,588,4,1313395186
187,589,4,1313395288
187,593,4,1313395720
187,616,2,1313394670
187,671,3.5,1313394922
187,858,4,1313395588
187,923,4.5,1313396005
187,1080,4,1313395761
187,1136,5,1313394807
187,1196,4.5,1313395172
187,1197,4.5,1313395131
187,1198,4,1313395157
187,1200,3,1313395740
187,1210,4.5,1313395227
187,1214,4.5,1313395736
187,1240,3,1313395931
187,1258,4,1313395928
187,1265,3.5,1313395452
187,1291,3.5,1313395154
187,1405,0.5,1313394885
187,1732,3,1313395451
187,1907,3.5,1313395264
187,1968,2.5,1313395136
187,2144,3,1313394899
187,2324,5,1313395427
187,2329,4.5,1313800103
187,2359,3,1313394916
187,2420,2.5,1313394665
187,2502,4,1313395218
187,2571,5,1313395616
187,2687,3.5,1313394952
187,2762,4.5,1313395898
187,2788,4,1313395214
187,2804,4,1313395093
187,2918,4,1313395140
187,2959,3.5,1313395645
187,3052,3.5,1313395494
187,3147,4,1313395958
187,3421,2.5,1313394866
187,3671,3.5,1313395084
187,3809,2.5,1313394939
187,3949,4.5,1313396049
187,4226,2.5,1313799923
187,4306,3.5,1313395568
187,4855,4,1313395383
187,4993,4.5,1313395261
187,5349,3.5,1313394798
187,5618,5,1313394814
187,5952,4.5,1313395204
187,5971,4,1313395637
187,6796,3.5,1313395113
187,6807,4,1313395923
187,6870,3.5,1313396041
187,7147,4.5,1313799933
187,7153,4,1313395257
187,7361,3.5,1313395745
187,27922,3.5,1313395557
187,30707,3.5,1313395387
187,30749,4,1313395651
187,31658,4,1313395685
187,48394,5,1313395768
187,48516,4.5,1313395675
187,48738,4.5,1313395887
187,48774,3,1313396000
187,48780,5,1313395896
187,55247,4,1313396143
187,55290,4.5,1313395193
187,55820,4,1313395833
187,58559,4,1313395581
187,59315,1,1313395878
187,61240,4.5,1313395711
187,63876,4,1313396036
187,64614,4,1313395366
187,64957,4.5,1313799939
187,66934,4,1313395075
187,68358,3.5,1313395223
187,68954,3.5,1313395182
187,69481,4,1313396021
187,70286,4.5,1313395950
187,71282,3,1313395197
187,71535,3.5,1313395239
187,76093,1,1313395614
187,76251,2.5,1313396030
187,79132,5,1313395599
187,79702,5,1313395977
187,81562,5,1313396118
187,81932,3.5,1313395243
187,82459,0.5,1313395176
187,86833,1,1313395337
187,88125,4.5,1313395040
187,88140,1,1313395666
187,88785,1.5,1313394973
187,89864,4,1322619479
187,91077,3.5,1322619494
188,10,5,840317348
188,16,3,840317348
188,39,4,840317644
188,150,2,840317173
188,153,4,840317239
188,161,4,840317772
188,165,4,840317239
188,185,4,840317772
188,288,4,840317799
188,296,5,840317173
188,305,3,840317320
188,316,2,840317709
188,329,5,840317709
188,339,3,840317743
188,349,4,840317239
188,377,4,840317631
188,380,4,840317173
188,410,3,840317799
188,457,4,840317475
188,480,3,840317799
188,589,5,840317487
188,592,4,840317173
188,593,5,840317596
188,648,2,840317320
188,733,4,840317441
188,778,5,840317366
188,780,4,840317573
188,786,5,840317320
189,261,4.5,1281649183
189,277,4,1281649198
189,524,4.5,1281649243
189,543,2,1281649158
189,802,2,1281649163
189,1513,0.5,1281649221
189,1907,4.5,1281649254
189,1953,2.5,1281649213
189,1962,3.5,1281649224
189,2501,4.5,1281649260
189,2541,2.5,1281649228
189,2581,3.5,1281649257
189,2694,3,1281649206
189,3510,4.5,1281649240
189,3755,1,1281649192
190,356,4,1008353970
190,527,4,1008354927
190,1193,4,1008354005
190,1221,4,1008354818
190,1641,4,1008353970
190,1961,4,1008354892
190,2023,4,1008355180
190,2903,4,1008354777
190,3072,3,1008354857
190,3244,3,1008355180
190,3684,4,1008354970
190,4835,3,1008354996
191,1,4,854290084
191,2,3,854288201
191,3,3,854204045
191,4,3,861892392
191,5,5,854204045
191,6,5,854204045
191,7,3,854204045
191,9,3,854204108
191,10,4,854288861
191,11,4,854288231
191,14,3,854289154
191,17,3,854204011
191,20,3,854288057
191,23,3,854288329
191,24,3,854287792
191,25,1,854204011
191,27,3,859724147
191,31,3,854287716
191,32,4,854204010
191,34,5,854288367
191,36,4,854204045
191,39,3,854289384
191,41,3,854204109
191,46,4,854287716
191,47,3,858896907
191,61,3,858896218
191,62,5,854204011
191,64,3,854204160
191,70,3,854288309
191,74,4,854204130
191,88,3,854287238
191,89,3,854287904
191,95,3,854204010
191,100,3,854204109
191,102,3,854204147
191,104,4,854204067
191,110,5,854287532
191,113,3,854204219
191,125,4,860886756
191,135,3,858896312
191,140,4,854204086
191,141,4,854204010
191,144,4,854287930
191,145,4,854287744
191,150,5,854287587
191,151,3,854288329
191,153,3,859724147
191,158,3,854288750
191,160,2,854289585
191,161,3,854288057
191,165,3,854287532
191,168,4,854288231
191,172,3,854289167
191,173,2,854289566
191,174,2,854288661
191,185,3,854288104
191,186,5,854288057
191,191,3,854288612
191,195,4,854288145
191,203,3,854287744
191,204,3,854288267
191,207,4,854287792
191,208,3,854289808
191,212,2,854288939
191,222,3,859724297
191,224,1,854288232
191,236,4,854287965
191,250,2,854288891
191,252,4,854287993
191,256,3,854288612
191,257,3,854287744
191,258,3,854288840
191,260,5,854287716
191,266,4,854287691
191,267,3,854288367
191,274,3,854288516
191,277,3,854287587
191,282,3,854287904
191,288,2,854289154
191,292,4,854288012
191,296,3,859723966
191,300,3,854289084
191,316,4,854287904
191,317,3,859724096
191,318,5,854287532
191,329,5,854288163
191,333,3,854288123
191,338,3,854288267
191,339,5,854287691
191,349,5,854287744
191,354,4,854288183
191,355,3,854289434
191,356,4,854287532
191,357,3,854288232
191,368,3,859723966
191,370,3,854288288
191,377,4,854287587
191,379,3,854288765
191,380,3,854288631
191,381,5,854287691
191,420,3,854288288
191,432,3,854287965
191,434,3,854289253
191,435,3,854289481
191,440,3,854287993
191,441,3,854288861
191,442,3,854288692
191,454,3,854288057
191,455,3,854288515
191,457,4,854287533
191,466,4,854288309
191,468,3,854288145
191,473,2,854289265
191,474,3,854287792
191,480,4,854288661
191,485,2,854289335
191,489,3,854288427
191,491,3,859723998
191,494,3,854204045
191,497,3,854287843
191,500,4,854287559
191,508,3,854287532
191,516,3,854287691
191,519,2,854289321
191,520,4,854288104
191,524,3,854287533
191,527,4,854287559
191,539,4,854287587
191,543,3,854287843
191,546,2,854289503
191,550,3,854288427
191,569,3,854288201
191,586,3,854287587
191,587,3,854287587
191,589,4,854287946
191,590,5,854287533
191,592,3,858897110
191,593,3,859723966
191,597,3,854287873
191,605,3,864863035
191,613,4,862488675
191,628,4,854204086
191,635,4,854204264
191,637,3,854204086
191,638,4,859937796
191,647,4,854287716
191,648,3,854204010
191,650,4,858896179
191,653,3,854204067
191,707,3,854204130
191,708,4,854204067
191,719,3,854204109
191,733,5,854204045
191,736,3,854204010
191,748,3,854204147
191,761,3,863796813
191,765,3,854288083
191,780,4,854204010
191,783,3,854288840
191,784,3,854204067
191,785,3,858896143
191,786,3,859723720
191,788,3,854204067
191,802,4,854204109
191,804,3,855442488
191,805,5,854204086
191,809,3,858896257
191,830,3,854287819
191,832,5,854204130
191,836,3,854204208
191,838,4,862704443
191,840,3,862704280
191,848,4,864863708
191,852,4,854204130
191,912,4,854288057
191,924,4,854288612
191,953,3,854288472
191,996,3,854288472
191,1003,3,864863739
191,1020,3,854287930
191,1036,4,854287559
191,1042,4,858896164
191,1043,4,864863687
191,1049,4,867176768
191,1059,3,862428129
191,1061,4,862428138
191,1079,3,854287792
191,1090,4,854288031
191,1091,3,854288661
191,1092,3,854288515
191,1097,3,854287716
191,1100,3,854288494
191,1101,4,854287587
191,1103,3,854287904
191,1113,4,854204292
191,1127,3,854288385
191,1129,3,854288725
191,1136,5,854287930
191,1170,2,854289611
191,1183,5,859723553
191,1196,4,854287842
191,1198,4,854287819
191,1200,3,854288348
191,1210,5,854287792
191,1214,3,854288494
191,1215,3,854289033
191,1222,3,854288631
191,1231,4,854288494
191,1240,4,854288183
191,1246,4,858896891
191,1259,4,854287993
191,1265,3,854288562
191,1266,4,858897177
191,1270,4,854288031
191,1271,3,854288163
191,1272,3,854288631
191,1287,4,854288562
191,1291,5,854287873
191,1302,5,854288183
191,1307,3,858896946
191,1320,3,854289072
191,1322,2,854289830
191,1327,2,854289253
191,1343,3,854288661
191,1347,3,854288956
191,1356,5,854204086
191,1363,5,854204252
191,1367,4,854204183
191,1370,3,854288288
191,1371,3,854288861
191,1372,4,854288612
191,1373,3,854288785
191,1374,5,854288267
191,1375,4,854288661
191,1376,5,854288329
191,1377,3,854289281
191,1385,3,859724334
191,1387,3,859724184
191,1390,4,854287392
191,1393,5,854204196
191,1396,4,854288661
191,1408,3,858897091
191,1416,3,854287217
191,1457,5,858896257
191,1485,4,861892369
191,1515,4,862428102
191,1527,5,867176768
191,4006,3,854289181
192,10,3,837506232
192,11,4,837506403
192,21,3,837506312
192,25,3,837506510
192,34,5,837506292
192,141,3,837506465
192,150,5,837506135
192,165,4,837506168
192,225,4,837506288
192,236,3,837506403
192,237,3,837506569
192,292,3,837506211
192,300,4,837506257
192,339,5,837506232
192,350,4,837506422
192,356,3,837506291
192,357,3,837506438
192,364,5,837506288
192,377,4,837506352
192,380,4,837506137
192,410,3,837506256
192,440,5,837506374
192,457,4,837506211
192,474,4,837506493
192,480,4,837506312
192,500,3,837506372
192,508,3,837506548
192,527,5,837506403
192,539,4,837506422
192,588,3,837506168
192,589,4,837506329
192,593,5,837506211
192,595,5,837506187
192,597,4,837506438
193,1,4,941455194
193,3,4,941556884
193,6,5,941470197
193,9,3,941555777
193,10,4,941544857
193,16,5,941453303
193,17,2,941470535
193,22,3,941458400
193,23,3,941553349
193,24,3,941470389
193,25,1,941545639
193,31,4,941542542
193,32,4,941453488
193,34,3,941453226
193,36,4,941540701
193,39,3,941545393
193,47,5,941467487
193,50,4,941455075
193,52,3,941544788
193,61,2,941555872
193,69,3,941469632
193,70,2,941552429
193,73,4,941467487
193,79,4,941556212
193,95,4,941551501
193,100,2,941556412
193,104,5,941545708
193,105,2,941552429
193,110,5,941540622
193,111,3,941538252
193,122,4,941556948
193,135,3,941555777
193,144,3,941545393
193,145,5,941538252
193,147,3,941551139
193,150,5,941455194
193,151,4,941470327
193,158,3,941557051
193,159,3,941556705
193,161,5,941453488
193,165,4,941470467
193,168,4,941540032
193,170,3,941556815
193,180,4,941556422
193,185,3,941538122
193,186,2,941553897
193,188,3,941555710
193,196,3,941556705
193,198,3,941545639
193,200,3,941536409
193,203,3,941553822
193,204,3,941556412
193,208,3,941553822
193,215,5,941545049
193,223,4,941470467
193,224,2,941469715
193,225,4,941550961
193,227,4,941556948
193,230,4,941470726
193,231,3,941556271
193,235,1,941469794
193,240,2,941553756
193,246,3,941471081
193,253,4,941545856
193,256,4,941556815
193,257,3,941553419
193,261,3,941540916
193,266,4,941551906
193,273,3,941556622
193,276,4,941555164
193,277,4,941458399
193,280,5,941536189
193,282,4,941541008
193,292,5,941470327
193,293,3,941453489
193,296,4,941455437
193,300,1,941551843
193,316,4,941542620
193,318,5,941453226
193,329,3,941553756
193,330,2,941554864
193,339,4,941470055
193,344,3,941557433
193,349,4,941470264
193,350,3,941553229
193,353,5,941542542
193,356,5,941467638
193,358,4,941553229
193,364,5,941536660
193,367,2,941555777
193,368,5,941553559
193,376,3,941542542
193,377,4,941471005
193,379,3,941550961
193,380,4,941470196
193,383,3,941556103
193,408,4,941545049
193,410,3,941556559
193,423,4,941555366
193,431,5,941470726
193,434,3,941545193
193,436,3,941557433
193,440,4,941471014
193,442,4,941545133
193,454,3,941471005
193,457,5,941469632
193,459,3,941555777
193,464,3,941557051
193,466,3,941555433
193,471,3,941554864
193,474,4,941470786
193,475,5,941536409
193,479,4,941557281
193,480,5,941470467
193,481,3,941555164
193,490,4,941545925
193,493,3,941470327
193,494,4,941545133
193,507,4,941538185
193,508,4,941455075
193,511,4,941544982
193,512,4,941551906
193,514,3,941542440
193,516,5,941553349
193,517,3,941542440
193,524,4,941553559
193,529,4,941467638
193,539,4,941540212
193,543,3,941540212
193,548,2,941555872
193,552,4,941540212
193,553,5,941470535
193,555,4,941540701
193,585,2,941553694
193,586,2,941553756
193,587,4,941540848
193,588,3,941537274
193,589,5,941453303
193,590,4,941455075
193,593,5,941455194
193,597,5,941470054
193,605,4,941538122
193,608,3,941470938
193,627,4,941536660
193,647,4,941469794
193,648,4,941470726
193,653,5,941537397
193,656,4,941556559
193,662,3,941554773
193,726,3,941555585
193,733,5,941453488
193,735,3,941545566
193,736,4,941556212
193,780,5,941470054
193,782,3,941545049
193,785,3,941545708
193,786,3,941553260
193,802,4,941544922
193,805,5,941470265
193,832,4,941471005
193,852,4,941555577
193,861,3,941541066
193,923,2,941467487
193,999,4,941553622
193,1027,5,941553488
193,1034,3,941545779
193,1036,5,941467267
193,1037,2,941555577
193,1042,4,941537340
193,1047,5,941469794
193,1049,3,941551774
193,1059,4,941469708
193,1089,4,941467638
193,1092,3,941545253
193,1100,4,941556622
193,1113,4,941557905
193,1183,2,941545779
193,1197,4,941467344
193,1210,5,941455075
193,1213,4,941470055
193,1214,3,941467344
193,1215,3,941470938
193,1265,4,941455437
193,1266,3,941552429
193,1268,3,941536592
193,1270,4,941467268
193,1291,5,941467344
193,1339,3,941556271
193,1343,3,941552429
193,1356,3,941469853
193,1370,4,941554926
193,1372,3,941553418
193,1379,4,941555433
193,1385,4,941545638
193,1390,4,941555647
193,1393,4,941470054
193,1407,3,941470265
193,1408,5,941553418
193,1409,4,941555872
193,1422,4,941556705
193,1429,3,941544857
193,1457,4,941554773
193,1459,4,941540622
193,1466,4,941536300
193,1476,3,941470467
193,1479,4,941553622
193,1485,3,941540032
193,1488,3,941553822
193,1500,4,941545925
193,1513,1,941551501
193,1517,4,941545566
193,1518,3,941550849
193,1527,4,941545566
193,1541,4,941553897
193,1544,3,941556339
193,1552,5,941470389
193,1573,4,941470938
193,1580,3,941542620
193,1584,4,941470196
193,1586,4,941545779
193,1593,4,941553488
193,1597,5,941550849
193,1608,4,941470055
193,1610,5,941458399
193,1615,3,941540701
193,1616,4,941545779
193,1617,4,941467344
193,1620,4,941540848
193,1625,4,941536467
193,1639,4,941470265
193,1641,3,941551501
193,1645,4,941545925
193,1647,4,941545856
193,1653,4,941470265
193,1672,4,941453488
193,1673,4,941453371
193,1676,3,941545639
193,1682,3,941453803
193,1686,5,941544857
193,1690,3,941555710
193,1693,3,941471081
193,1702,3,941554926
193,1704,4,941458400
193,1717,3,941555872
193,1721,5,941467194
193,1722,4,941553822
193,1735,4,941453303
193,1754,4,941545566
193,1756,2,941555366
193,1769,4,941555230
193,1777,4,941469794
193,1784,3,941467413
193,1792,4,941556948
193,1805,4,941470938
193,1835,4,941453303
193,1873,5,941455437
193,1876,4,941471081
193,1888,3,941537479
193,1909,3,941470196
193,1911,3,941542620
193,1912,4,941453803
193,1917,5,941556884
193,1918,4,941545856
193,1923,3,941458400
193,1961,5,941467413
193,2002,5,941467697
193,2006,4,941453303
193,2012,2,941542542
193,2028,5,941545393
193,2046,3,941552429
193,2058,5,941471005
193,2071,4,941551774
193,2082,2,941545393
193,2083,3,941555577
193,2089,3,941551139
193,2124,3,941545856
193,2126,2,941545639
193,2167,4,941471229
193,2195,3,941469853
193,2231,5,941455132
193,2249,4,941470535
193,2268,5,941467638
193,2273,4,941545393
193,2278,5,941470726
193,2291,3,941540775
193,2297,3,941469708
193,2301,3,941467546
193,2302,5,941453371
193,2316,3,941556212
193,2329,5,941453803
193,2334,5,941556948
193,2336,4,941537340
193,2353,5,941471140
193,2375,5,941467344
193,2384,3,941551774
193,2387,1,941557898
193,2391,4,941467697
193,2393,3,941554864
193,2424,4,941537203
193,2427,4,941545708
193,2433,3,941537340
193,2490,5,941453371
193,2505,2,941551501
193,2542,4,941470197
193,2571,4,941455075
193,2580,4,941537274
193,2605,5,941540701
193,2628,4,941536592
193,2683,3,941545133
193,2699,2,941470858
193,2700,2,941453803
193,2762,5,940849020
193,2763,5,940849172
193,2803,4,941538252
193,2916,4,941556815
193,2918,5,941467194
194,150,3,833439703
194,204,1,833439848
194,296,3,833439703
194,318,1,833439753
194,380,5,833439703
194,527,3,833439753
194,590,5,833439703
194,592,4,833439703
194,593,3,833439753
194,720,1,833439753
194,736,5,833439805
195,410,5,967084577
195,1097,3,967084577
195,1390,4,967094185
195,1405,4,967084577
195,1602,5,967094507
195,1740,1,967084577
195,2011,3,967084577
195,2016,5,967084577
195,2318,5,967094287
195,2500,5,967094425
195,2864,5,967084577
195,3538,5,967094507
195,3544,5,967094425
195,3748,5,967084577
196,1,3,849688702
196,3,5,849688770
196,5,4,849688746
196,12,1,849690840
196,32,4,849688702
196,36,4,849688746
196,61,5,849689948
196,62,5,849688726
196,74,3,849689916
196,135,5,849690818
196,141,3,849690585
196,376,4,849688770
196,608,4,849688746
196,628,5,849689882
196,640,3,849690554
196,648,3,849688726
196,694,4,849690702
196,708,3,849688789
196,719,3,849689948
196,724,3,849690635
196,733,3,849688746
196,736,3,849688702
196,743,4,849690818
196,765,5,849690654
196,780,2,849688726
196,891,2,849690798
196,999,1,849690728
196,1003,5,849690728
196,1006,5,849690618
196,1073,5,849688820
197,431,3,1344598094
197,455,0.5,1344598124
197,475,0.5,1344598107
197,1059,0.5,1344598066
197,1061,0.5,1344598111
197,1228,4,1344598098
197,1263,3.5,1344598073
197,1339,2,1344598078
197,1479,0.5,1344598127
197,2193,1,1344598104
197,2278,0.5,1344598082
197,2717,0.5,1344598142
197,3703,3.5,1344598120
197,4571,0.5,1344598145
197,79132,2.5,1344598157
198,19,1,831208275
198,31,3,831208439
198,39,1,831208202
198,47,3,831208230
198,50,3,831208230
198,110,5,831208171
198,150,5,831208001
198,153,3,831208036
198,160,2,831208230
198,161,5,831208070
198,165,3,831208096
198,172,1,831208476
198,173,3,831208365
198,185,4,831208171
198,186,3,831208331
198,196,2,831208394
198,204,2,831208439
198,208,3,831208126
198,224,4,831208439
198,225,4,831208171
198,236,3,831208302
198,252,3,831208302
198,292,5,831208126
198,293,3,831208439
198,300,2,831208126
198,315,3,831208301
198,316,4,831208070
198,317,3,831208202
198,318,3,831208070
198,329,2,831208096
198,339,4,831208096
198,344,3,831208036
198,349,3,831208036
198,380,4,831208001
198,410,1,831208202
198,420,3,831208275
198,432,4,831208230
198,434,4,831208096
198,553,4,831208365
198,590,3,831208001
198,592,1,831208001
199,1,4,900893807
199,7,3,900894112
199,11,4,900893807
199,34,5,900893807
199,39,4,900893844
199,356,4,900894028
199,537,3,900894068
199,1148,5,900893807
199,1265,4,900894067
199,1569,4,900894112
199,1580,2,900894067
199,1784,4,900893913
199,1918,4,900892031
200,17,4,1289272912
200,39,3.5,1290746812
200,60,1,1289268366
200,293,4,1289269810
200,838,4,1289272889
200,1032,4.5,1289268340
200,1059,3.5,1289268180
200,1230,5,1289269456
200,1527,4,1289274177
200,1653,4,1289274132
200,1721,4,1289269734
200,1760,2.5,1289268606
200,2134,2.5,1289268400
200,2145,3,1289268346
200,2336,4,1289268237
200,2346,4,1289268668
200,2431,3,1289268385
200,2567,3,1289268449
200,2571,4,1289274094
200,2657,3.5,1289274735
200,2723,1,1289268289
200,2762,4,1289274390
200,2858,4,1289269866
200,2959,4.5,1289269836
200,3160,4.5,1289268931
200,3481,4,1290129828
200,3499,3.5,1289268299
200,3556,4.5,1289274742
200,3618,4,1289269466
200,3897,4,1289272090
200,3949,4.5,1289269853
200,3969,3,1289444916
200,4027,4,1289269695
200,4248,1,1289268841
200,4308,4,1289271152
200,4878,4,1289269783
200,4954,4,1289269561
200,4973,4.5,1289269089
200,4979,4.5,1289274760
200,5066,3,1289268815
200,5617,4,1289272534
200,5618,4.5,1289274922
200,5991,4,1289269389
200,6222,4,1289268915
200,6874,4.5,1289269139
200,6978,4,1289272671
200,7361,4.5,1289274071
200,7438,4,1289269141
200,8784,4,1289269171
200,8874,4,1289269124
200,43914,3.5,1289549029
200,46976,3.5,1289274107
200,48394,4,1289274081
200,48780,4,1289274459
200,52328,4,1289269198
200,52712,4.5,1289269061
200,53447,4,1290158953
200,54190,4,1289269704
200,54503,3.5,1289269213
200,55052,4,1289963796
200,56171,4,1289274445
200,56949,2.5,1289268832
200,58301,4,1289269410
200,65126,3.5,1289368897
200,69757,4,1289269228
200,71466,4,1289950538
200,79702,4,1289269361
201,1,4.5,1166795290
201,11,3,1166795833
201,16,4,1075438622
201,19,3.5,1075438555
201,21,3.5,1077456157
201,25,4,1086725975
201,32,3.5,1086725786
201,36,4.5,1077456160
201,39,5,1103910174
201,47,5,1086725334
201,50,5,1086725347
201,52,3,1166795764
201,62,3.5,1103910188
201,79,3,1077456524
201,104,4,1075438598
201,105,2.5,1166796439
201,110,4.5,1278474494
201,111,5,1498091669
201,150,4.5,1103910043
201,161,4.5,1103910148
201,165,3,1166795802
201,185,3,1103910163
201,223,4.5,1086725632
201,230,3,1166796659
201,231,4,1103910130
201,246,3,1166795780
201,288,4,1103910196
201,296,5,1086725607
201,300,3,1166795551
201,317,2,1166796127
201,318,5,1103909839
201,333,5,1166796467
201,344,4.5,1103910099
201,349,3.5,1077456117
201,356,5,1103910022
201,364,5,1086725569
201,367,3.5,1166796018
201,370,3.5,1166796197
201,377,3,1103910094
201,380,4,1103910064
201,428,3.5,1086722840
201,435,2,1166796200
201,440,2.5,1166796071
201,454,3.5,1166795652
201,457,4.5,1086722913
201,466,1,1075439198
201,474,3,1166795784
201,480,5,1103910030
201,500,4.5,1103910134
201,508,4.5,1103910239
201,524,4.5,1086725660
201,527,5,1077456113
201,539,4,1103910156
201,543,2,1166796333
201,555,3,1086725531
201,585,3.5,1166796531
201,586,3,1166795788
201,587,3.5,1166795646
201,589,4.5,1103910071
201,590,3.5,1086725469
201,592,4,1103910037
201,593,5,1086725357
201,595,3,1166795678
201,597,4,1166796010
201,608,5,1086725877
201,628,3.5,1166795557
201,648,4,1103910102
201,733,3,1166795737
201,736,2.5,1166796004
201,762,2,1077456123
201,784,3.5,1166796205
201,785,4,1166796464
201,788,4,1103909951
201,832,4,1075438655
201,852,4,1166796395
201,858,5,1075869623
201,903,4,1166794500
201,919,4.5,1103910230
201,923,4,1166796152
201,953,5,1166796321
201,1036,4,1166795492
201,1079,5,1075869712
201,1080,4,1075438652
201,1088,2,1166796493
201,1089,4.5,1086725595
201,1090,5,1166794661
201,1092,4,1166796462
201,1093,3,1077456454
201,1094,3.5,1077456136
201,1097,4.5,1086725646
201,1101,4.5,1166796095
201,1127,2.5,1166796158
201,1135,3.5,1077456433
201,1136,5,1086725694
201,1179,4,1086726022
201,1186,4,1077456459
201,1193,4.5,1086725727
201,1194,3,1166795523
201,1197,4,1178421776
201,1198,3.5,1166794392
201,1200,4,1166795513
201,1201,5,1086725584
201,1203,4,1086725815
201,1206,4.5,1103910279
201,1207,3.5,1086725955
201,1208,4,1166795397
201,1213,5,1075869556
201,1214,3.5,1166795690
201,1219,4,1086725839
201,1220,5,1075438583
201,1221,5,1075869626
201,1222,4.5,1166795637
201,1228,5,1075869641
201,1234,3,1075438663
201,1240,5,1103910192
201,1242,5,1166794593
201,1246,4,1086725497
201,1247,5,1086726002
201,1257,4,1086725484
201,1258,5,1086725619
201,1259,4.5,1103910259
201,1263,5,1077456357
201,1265,4.5,1086725601
201,1266,3,1166794777
201,1270,4,1086725337
201,1272,4,1086725526
201,1278,4.5,1086725749
201,1288,5,1086725854
201,1302,3.5,1166796405
201,1304,3,1278474826
201,1307,4.5,1086725561
201,1333,4,1077456422
201,1343,4,1166795503
201,1358,4,1075438687
201,1370,3,1077456078
201,1380,4,1166796193
201,1387,5,1086725390
201,1393,4.5,1086725394
201,1394,4.5,1086725900
201,1466,4,1166796551
201,1476,5,1086725830
201,1485,4,1166796166
201,1500,2.5,1075439204
201,1517,5,1075438635
201,1573,3,1166796135
201,1580,2,1166796034
201,1610,5,1103910273
201,1617,4.5,1086725681
201,1625,4,1166795364
201,1663,5,1086722886
201,1673,3.5,1086725809
201,1674,4,1086725629
201,1682,3,1278474755
201,1704,4.5,1103910244
201,1721,3.5,1103910181
201,1732,1.5,1086725927
201,1747,2.5,1166796486
201,1777,3.5,1278474898
201,1784,2.5,1166796085
201,1805,3,1086722294
201,1923,5,1075438604
201,1952,4.5,1166794654
201,1953,4,1166795475
201,1954,5,1075869597
201,1961,4.5,1075438566
201,1968,5,1103910253
201,1994,4,1166795434
201,1997,4,1166795380
201,2000,4,1166796175
201,2001,3,1166796325
201,2011,2.5,1166796139
201,2023,1.5,1166795879
201,2028,5,1103910150
201,2054,2.5,1077456096
201,2064,4.5,1077456344
201,2078,3,1166795619
201,2081,3,1166796277
201,2100,2.5,1166796379
201,2108,3.5,1077456317
201,2109,5,1086722941
201,2114,3.5,1086722921
201,2144,5,1086725504
201,2174,4.5,1166796114
201,2194,4,1086722938
201,2243,3,1166795820
201,2248,3.5,1166796636
201,2268,4.5,1166795375
201,2291,3,1166796142
201,2294,3.5,1166796588
201,2301,5,1086725524
201,2302,5,1086725465
201,2312,2.5,1077456326
201,2324,3.5,1166794818
201,2355,4,1075438589
201,2371,5,1075869571
201,2372,3,1075869574
201,2378,3.5,1166795560
201,2407,2.5,1166796524
201,2409,3.5,1166795546
201,2412,0.5,1075869609
201,2423,5,1086725452
201,2455,4,1166796592
201,2470,1.5,1166796425
201,2502,5,1278474784
201,2529,3,1166796371
201,2571,3.5,1103910160
201,2616,1,1077456334
201,2640,3,1166796172
201,2657,3.5,1166796317
201,2683,4,1075439163
201,2699,2.5,1166796237
201,2700,3.5,1086725886
201,2706,5,1086722877
201,2710,3.5,1075438616
201,2712,0.5,1166796255
201,2716,4.5,1103910220
201,2762,5,1077455963
201,2763,3.5,1077456063
201,2791,5,1086725373
201,2795,5,1086722636
201,2797,3,1166796112
201,2804,5,1166794723
201,2858,4.5,1086725669
201,2915,4.5,1086725533
201,2916,5,1103910266
201,2918,5,1077456099
201,2942,2,1077456263
201,2947,4,1077456289
201,2973,3,1178421737
201,2985,3.5,1166796374
201,2987,3.5,1077456070
201,3006,3,1166795627
201,3019,3.5,1166795659
201,3033,3.5,1166796528
201,3035,4,1166794746
201,3039,5,1075869585
201,3052,2,1166796271
201,3072,3,1166795590
201,3101,4.5,1077456227
201,3114,3.5,1166795535
201,3147,3,1166794947
201,3169,3.5,1077456716
201,3173,2.5,1077456237
201,3176,2.5,1077456085
201,3204,4,1086725686
201,3210,5,1166794299
201,3252,4,1077456247
201,3253,5,1086725305
201,3255,3.5,1086722246
201,3256,3.5,1166796650
201,3271,3,1166794981
201,3361,4.5,1086725520
201,3362,5,1086725715
201,3363,3.5,1086725653
201,3394,3.5,1077456692
201,3408,3.5,1086725613
201,3418,3.5,1166796384
201,3421,5,1086722895
201,3448,3.5,1166796475
201,3471,3.5,1166796348
201,3498,4.5,1077456686
201,3505,5,1077456696
201,3507,3.5,1166794977
201,3526,4.5,1077456199
201,3527,2.5,1166796401
201,3543,4,1086725890
201,3551,4,1166795335
201,3552,5,1077456219
201,3578,4.5,1278474706
201,3684,3,1166795797
201,3686,3.5,1077456642
201,3698,4.5,1077456209
201,3735,5,1086725461
201,3753,3,1166796389
201,3755,3.5,1166796630
201,3826,2,1077456213
201,3868,5,1086725384
201,3869,3.5,1077456186
201,3897,4,1086725379
201,3948,5,1075869694
201,3977,2.5,1077456192
201,4002,5,1086722925
201,4007,5,1086722792
201,4011,2,1166796520
201,4014,3,1075869664
201,4034,4,1166795410
201,4085,4.5,1086722812
201,4149,3,1077456611
201,4220,5,1086722881
201,4226,3,1166795761
201,4262,5,1086722874
201,4306,5,1086721982
201,4326,4,1166794903
201,4338,3.5,1166794843
201,4465,4,1086725545
201,4499,4.5,1086722900
201,4546,4.5,1166794463
201,4573,3,1086722335
201,4616,4,1086722929
201,4679,3.5,1077456605
201,4855,4.5,1086722856
201,4886,4.5,1166794971
201,4963,4,1086725302
201,4995,3.5,1166796313
201,5010,4.5,1086722961
201,5015,3,1166795758
201,5049,4,1086722814
201,5266,3.5,1166795576
201,5292,5,1086722833
201,5299,4.5,1077456172
201,5349,3,1166796227
201,5364,4,1077456576
201,5418,3.5,1086722950
201,5419,1,1077456563
201,5481,3.5,1077456151
201,5632,2,1166795019
201,5650,4,1166795414
201,5989,4,1086722870
201,6188,4,1166795324
201,6287,2,1077456520
201,6377,5,1166794799
201,6400,3.5,1166795445
201,6564,2,1077455982
201,6734,0.5,1075440108
201,6779,4,1086722255
201,6787,4,1178421536
201,6793,0.5,1075440051
201,6796,5,1075440028
201,6797,4,1075439990
201,6807,4.5,1075439975
201,6809,2,1075440012
201,6810,3.5,1075439981
201,6812,2,1075439961
201,6832,2.5,1075439935
201,6850,3.5,1166795606
201,6863,3,1086725457
201,6874,1,1086721999
201,6889,2.5,1166795814
201,6900,3,1075439862
201,6944,3,1166795487
201,6974,3.5,1166795643
201,6979,3,1086722826
201,6993,4.5,1075439722
201,7000,1,1075439744
201,7012,4.5,1075439706
201,7017,3,1166795744
201,7018,5,1075439694
201,7036,2,1075439677
201,7044,3.5,1075439655
201,7101,2,1166795884
201,7104,2,1075439572
201,7107,4,1075439559
201,7193,0.5,1075439454
201,7386,3,1086722846
201,7438,1,1166794637
201,7698,3.5,1166795028
201,7802,3.5,1086726062
201,8337,4,1166794415
201,8340,3.5,1166794550
201,8360,4,1086721988
201,8501,3.5,1166795467
201,8949,4.5,1166794990
201,8961,4,1166795346
201,8965,3,1103909937
201,30707,4.5,1166794740
201,48516,5,1178421504
201,49530,4.5,1178421682
201,60069,3.5,1498091672
201,64614,4.5,1498091678
201,134853,5,1498091681
202,163,3.5,1355505587
202,173,0.5,1355505578
202,783,3,1355505628
202,805,3.5,1355505618
202,1676,4,1355505562
202,2353,3.5,1355505571
202,3101,3,1355505612
202,4085,3,1355505643
203,52,4,974689635
203,593,3,974689506
203,1190,4,974689359
203,1193,3,974689359
203,2997,4,974689578
203,3244,3,974689737
204,260,4,962643831
204,858,2,962643831
204,953,4,962643805
204,1210,3,962643863
204,1270,3,962643805
204,1356,2,962643863
204,1954,2,962643863
204,2389,4,962643863
204,2762,4,962643933
204,2858,5,962643933
204,2861,2,962644001
204,2912,2,962643953
204,3147,5,962643933
204,3174,3,962643933
204,3176,3,962643968
205,298,4,955050324
205,951,5,955050254
205,1193,4,955050324
205,1617,3,955050254
205,3101,1,955050284
206,296,5,1466551660
206,527,5,1466551573
206,593,5,1466551570
206,858,5,1466551571
206,1193,5,1466551583
206,1221,5,1466551576
206,2959,5,1466551580
206,6016,5,1466551661
206,122886,4.5,1466551595
206,122904,4.5,1466551594
207,150,2,842693482
207,165,5,842693497
207,231,5,842693508
207,296,5,842693482
207,316,5,842693508
207,344,5,842693497
207,349,5,842693497
207,380,5,842693482
207,588,1,842693497
207,590,2,842693482
207,592,5,842693482
208,1097,2,945299030
208,1483,4,945299030
208,1627,3,945299030
208,1833,3,945299030
208,1941,4,945299030
208,2428,3,945299030
209,44,2,1079227709
209,910,5,1079227714
209,1084,5,1079227691
209,1104,5,1079228032
209,1172,5,1079227734
209,1204,5,1079227665
209,1214,5,1079228056
209,1215,2.5,1079227686
209,1219,5,1079228051
209,1258,4.5,1079228073
209,1261,4,1079228113
209,1272,5,1079227766
209,1276,5,1079227696
209,1278,5,1079228064
209,1339,4,1079227751
209,1348,4.5,1079228077
209,1387,5,1079228081
209,1730,4,1079227899
209,1747,4,1079227724
209,1982,5,1079228123
209,1997,5,1079227704
209,2160,5,1079228108
209,2329,3,1079227761
209,2366,5,1079228096
209,2644,5,1079228084
209,2648,5,1079228060
209,3363,5,1079228023
209,3471,5,1079227680
209,3481,4,1079227661
209,3992,2.5,1079227974
209,4105,3,1079228102
209,4886,4,1079227790
209,4973,4,1079227875
209,7153,4.5,1079227829
209,7318,3,1079227840
210,48,3,999409015
210,110,3,999408991
210,858,4,999409029
210,920,1,1028431382
210,1210,4,999409047
210,1221,4,1028431418
210,2619,2,999409095
210,2959,4,1028431507
210,3404,1,999409095
210,3438,1,1028431468
211,70,4,1457057528
211,367,3,1457058433
211,480,3,1457057366
211,597,2.5,1457058433
211,1015,1.5,1457057862
211,1033,3.5,1457057796
211,1136,4,1457058320
211,1183,2.5,1457057160
211,1193,5,1457057305
211,1197,5,1457057131
211,1259,4,1457057293
211,1265,3.5,1457057317
211,1682,4.5,1457057285
211,1704,3.5,1457057246
211,1777,4.5,1457057611
211,1923,3,1457058450
211,1961,3.5,1457058374
211,2028,3,1457057096
211,2321,3.5,1457057631
211,2424,3,1457057544
211,2581,2.5,1457057742
211,2657,3.5,1457058100
211,2724,1.5,1457057665
211,2858,5,1457057125
211,2913,3.5,1457058038
211,2918,4,1457058377
211,2959,4.5,1457057085
211,2997,4.5,1457058308
211,3052,4,1457057153
211,3147,4.5,1457057123
211,3897,4,1457058386
211,3949,3.5,1457058303
211,4025,2.5,1457057454
211,4226,4,1457058267
211,4308,4,1457058084
211,4878,4,1457057303
211,4973,5,1457057117
211,4979,4.5,1457058192
211,4995,3.5,1457058369
211,5618,4.5,1457058057
211,6218,3,1457057535
211,6373,3.5,1457058393
211,6593,1.5,1457057582
211,6711,4,1457058311
211,6874,4.5,1457058338
211,7147,4.5,1457058327
211,7254,4,1457057395
211,7361,5,1457057273
211,7438,4.5,1457058342
211,7444,2,1457057572
211,8784,3.5,1457058362
211,8910,4,1457058134
211,8981,4,1457057589
211,31685,2.5,1457057443
211,33794,4,1457058504
211,40819,3.5,1457057489
211,48394,3.5,1457057329
211,50872,3.5,1457058526
211,56715,3.5,1457057777
211,59022,0.5,1457057710
211,64957,3.5,1457057411
211,68954,3,1457058605
211,71745,5,1457057685
211,72998,2.5,1457057357
211,93840,4,1457057473
211,94959,5,1457057403
211,99114,4,1457058490
211,109374,4,1457058210
211,122882,3.5,1457057373
211,122904,3,1457057174
212,1,3.5,1362777174
212,60,2.5,1362774703
212,107,3,1362774688
212,110,3,1362785199
212,253,3.5,1362785196
212,260,4,1362776981
212,296,3,1362774934
212,306,3.5,1362774691
212,307,3.5,1362774706
212,318,3,1362775289
212,480,3.5,1362777219
212,531,2.5,1362774658
212,551,3.5,1363476430
212,593,3.5,1362775327
212,1028,3.5,1362776574
212,1073,3.5,1362777167
212,1089,3,1362775414
212,1193,3,1362785176
212,1196,4,1362776983
212,1197,4,1362775339
212,1210,4,1362776986
212,1214,3,1362785173
212,1215,3.5,1362777157
212,1235,2.5,1362774649
212,1270,3,1362785172
212,1272,1,1362774652
212,1527,3,1362777116
212,2087,3,1362774682
212,2124,2.5,1362774663
212,2291,3,1362784686
212,2393,3.5,1362774621
212,2541,3,1362774627
212,2571,2.5,1362775318
212,2605,3,1362774632
212,2617,3.5,1362776422
212,2628,2.5,1362776979
212,2858,3,1362775329
212,2959,2.5,1362775304
212,2997,2.5,1362784673
212,3000,3,1362775187
212,3088,3.5,1362777179
212,3114,3,1362777170
212,3160,3,1362785246
212,3469,2.5,1362776031
212,3555,2.5,1362774685
212,3671,3.5,1362775979
212,3745,3,1362774737
212,3793,4,1362784669
212,4144,3,1362775917
212,4306,3.5,1363476410
212,4344,3,1362774731
212,4367,3,1362785240
212,4446,2,1362774716
212,4571,2.5,1362785238
212,4886,3.5,1362776581
212,4896,3.5,1362775141
212,4973,3.5,1362775301
212,4993,4,1362784667
212,5064,4,1362777232
212,5349,3,1362784663
212,5378,0.5,1362776968
212,5618,5,1362775173
212,5690,2.5,1362775239
212,5816,3,1362775117
212,5952,3,1363476415
212,5971,3,1362775178
212,6283,4,1362776933
212,6350,3,1362775252
212,6378,4,1362775444
212,6539,3.5,1362776342
212,6711,3,1362785231
212,6773,3.5,1362775536
212,6874,3.5,1362784659
212,7064,3.5,1362776578
212,7099,3.5,1362775236
212,7153,3,1362784655
212,8014,3.5,1362776109
212,8360,3.5,1362785227
212,8368,3.5,1362775138
212,8580,3.5,1362776560
212,8636,3,1362785221
212,8644,3,1362776096
212,8784,2.5,1362785217
212,8972,3.5,1362776099
212,26662,3.5,1362776493
212,26776,3.5,1362776565
212,27731,3.5,1362775928
212,31658,4.5,1362775248
212,33493,0.5,1362776971
212,34150,3,1362776931
212,34319,4,1362775430
212,34405,3.5,1362777050
212,40815,3,1362775125
212,41566,3,1362785212
212,45499,3.5,1362776593
212,45722,3.5,1362776336
212,48516,2.5,1362775388
212,50872,3,1362775944
212,52885,3.5,1362775933
212,53125,3.5,1362776333
212,53318,3.5,1362775097
212,54001,3,1362775131
212,54259,4,1362776596
212,54286,3,1362785208
212,55442,3,1362775542
212,57504,3.5,1362775539
212,58559,3.5,1362775297
212,59615,3,1362776946
212,60069,3.5,1362775266
212,61160,2,1362776989
212,62336,3.5,1362775258
212,65261,3,1362775975
212,66097,4,1362775452
212,66934,3,1362775360
212,68954,3.5,1362775262
212,69844,3,1362775128
212,70286,3,1362785205
212,72998,3.5,1362776943
212,79702,3.5,1362776490
212,81834,3.5,1362775120
212,81847,3.5,1362777188
212,86332,3,1363476394
212,86880,3.5,1362776339
212,87232,3.5,1362776927
212,88125,3.5,1362775123
212,89745,3,1362776938
212,91500,4,1362776063
212,91542,4,1362785367
212,94864,3,1362777027
212,95510,2.5,1363476397
212,98809,4,1362776083
213,11,3.5,1140204453
213,17,4,1140203987
213,19,0.5,1140203681
213,39,3.5,1140204504
213,52,2,1140204532
213,165,4,1140204572
213,223,0.5,1140203618
213,300,3,1140203633
213,318,5,1140203839
213,342,3.5,1140204113
213,515,4.5,1140204023
213,523,1.5,1140204547
213,593,4,1140203857
213,912,4.5,1140203614
213,919,3,1140204461
213,1060,1,1140203888
213,1171,1.5,1140204542
213,1219,4,1140204392
213,1265,3.5,1140204480
213,1307,4,1140204423
213,1449,2.5,1140203934
213,1610,4,1140204414
213,1641,4,1140203995
213,1676,1.5,1140204259
213,1682,3.5,1140203942
213,1704,4.5,1140204410
213,1784,2.5,1140203936
213,1923,2.5,1140204528
213,1961,3.5,1140204482
213,2194,4.5,1140204185
213,2353,3,1140204054
213,2359,2.5,1140203976
213,2396,3,1140203901
213,2686,4.5,1140203921
213,2762,3,1140204486
213,2997,3.5,1140204470
213,3448,4,1140204214
213,3675,3.5,1140204490
213,3983,5,1140204425
213,3996,3.5,1140204472
213,4246,4,1140204436
213,4306,3,1140203669
213,4973,3.5,1140204228
213,4975,0.5,1140204554
213,6331,4,1140204242
214,471,5,916857148
214,2324,5,916856987
215,1,3.5,1447915467
215,150,3.5,1447915321
215,260,3.5,1447915208
215,318,5,1447915184
215,356,4,1447915195
215,457,4,1447915284
215,589,4,1447915410
215,608,4,1447917120
215,648,4,1447917127
215,780,3.5,1447917118
215,1036,3.5,1447915307
215,1196,3.5,1447915206
215,1198,4,1447915202
215,1240,4,1447915459
215,1247,3.5,1447915349
215,1265,4,1447915318
215,1307,4,1447915519
215,1610,4,1447915310
215,1682,3.5,1447915546
215,1704,5,1447915282
215,1961,4.5,1447915429
215,2028,3.5,1447915281
215,2571,4,1447915198
215,2762,3.5,1447915345
215,2858,4,1447917119
215,3147,3.5,1447915312
215,3578,4,1447915309
215,4886,4,1447915476
215,4993,3,1447915286
215,5218,4,1447915237
215,5418,4.5,1447915436
215,5669,3,1447915245
215,5952,3.5,1447915343
215,6377,4,1447915475
215,6539,2.5,1447915508
215,6870,4,1447915496
215,6874,4,1447915465
215,6934,4,1447915232
215,7147,4,1447915229
215,7445,3.5,1447915608
215,8665,4.5,1447915480
215,8961,4.5,1447915462
215,33794,4,1447915389
215,49272,3.5,1447915499
215,54286,4.5,1447915315
215,58559,4,1447917097
215,60069,2,1447915367
215,63082,3,1447915449
215,68099,4,1447915536
215,68358,3.5,1447915422
215,68954,4,1447915375
215,69524,4,1447915408
215,76093,4,1447915386
215,79132,3.5,1447917099
215,82459,3.5,1447915522
215,89745,4,1447915439
215,96079,4,1447915576
215,99114,3.5,1447915372
215,109487,3.5,1447915354
215,115617,5,1447915426
215,117176,3,1447915587
215,134130,4,1447915254
215,134853,4,1447915255
216,1457,1.5,1278373448
216,1831,2.5,1278373313
216,1947,0.5,1278373283
216,2354,0.5,1278373745
216,2581,4,1278373316
216,3107,3,1278373294
216,3565,0.5,1278373634
216,3999,4.5,1278373425
216,4845,3,1278373879
216,5415,0.5,1278373697
216,5524,0.5,1278373742
216,5955,0.5,1278373705
216,5991,0.5,1278373299
216,6619,1,1278374069
216,54771,5,1278374130
217,29,3,1193914747
217,50,4.5,1193915080
217,110,3,1193916482
217,165,3,1193916573
217,296,4.5,1193916539
217,307,4,1193914805
217,318,4,1193916350
217,356,2,1193916498
217,372,3,1193914734
217,380,3,1193916576
217,442,4,1193916198
217,457,4,1193916513
217,480,2.5,1193916488
217,527,4.5,1193916558
217,539,2,1193917022
217,540,1,1193914839
217,588,5,1193916472
217,592,2.5,1193916569
217,593,0.5,1193916412
217,597,4,1193915120
217,648,3,1193916580
217,780,4,1193916478
217,839,1,1193914898
217,903,4,1193915170
217,912,4.5,1193916299
217,916,4,1193916124
217,928,5,1193915179
217,933,4.5,1193914879
217,1175,2,1193916980
217,1196,2.5,1193916523
217,1198,5,1193916510
217,1265,4.5,1193915106
217,1267,4,1193915146
217,1270,3,1193916531
217,1680,1.5,1193914801
217,1689,2,1193915207
217,1693,4,1193914867
217,1732,2.5,1193916993
217,1884,1.5,1193917037
217,1962,3.5,1193914753
217,2010,1.5,1193914874
217,2108,2,1193914756
217,2176,3.5,1193915158
217,2183,4,1193915197
217,2212,4,1193915200
217,2490,2,1193914729
217,2567,3.5,1193914911
217,2571,5,1193915252
217,2858,3.5,1193916535
217,2961,4,1193916187
217,3105,2.5,1193914816
217,3253,0.5,1193917016
217,3578,2.5,1193916585
217,3702,0.5,1193914759
217,3948,2.5,1193918816
217,3996,3.5,1193916398
217,4226,4.5,1193916291
217,4246,4,1193915277
217,4973,4.5,1193915027
217,6365,1,1193915262
217,6377,4,1193916468
217,6711,0.5,1193915221
217,6934,1.5,1193915260
217,6942,5,1193915239
217,7293,3,1193918807
217,8033,4.5,1193916362
217,8644,4,1193916161
217,8961,4,1193916566
217,8969,4,1193915280
217,33794,2,1193916494
217,46578,4,1193916973
217,48516,3,1193916287
217,55261,3,1193916553
218,1,4.5,1235182505
218,2,2,1235183126
218,32,1.5,1235182523
218,34,5,1235182625
218,39,4.5,1235183021
218,47,4,1235182553
218,60,3.5,1235182090
218,141,4.5,1235183028
218,150,2,1235182493
218,153,3,1235182570
218,203,4,1235182110
218,223,4,1235183090
218,231,4.5,1235182614
218,296,4,1235182472
218,318,2.5,1235182486
218,356,5,1235182475
218,364,4.5,1235182577
218,367,4.5,1235182618
218,377,5,1235182532
218,480,4,1235182481
218,541,3,1235184027
218,589,4,1235182500
218,592,5,1235182496
218,593,5,1235182479
218,597,5,1235182597
218,780,4,1235182508
218,858,4,1235182574
218,912,4.5,1235183081
218,919,4.5,1235183098
218,922,5,1235182114
218,930,4,1235182187
218,1073,4,1235182950
218,1097,5,1235182628
218,1136,5,1235182987
218,1200,5,1235183057
218,1203,5,1235183400
218,1214,4,1235182999
218,1219,3,1235184038
218,1265,4.5,1235182953
218,1267,5,1235184061
218,1270,5,1235182551
218,1321,4.5,1235182022
218,1387,5,1235183169
218,1517,4,1235183109
218,1527,4.5,1235183063
218,1580,4.5,1235182630
218,1584,5,1235183181
218,1967,4.5,1235182004
218,1968,4.5,1235183177
218,2010,5,1235182178
218,2108,4.5,1235182008
218,2160,3.5,1235182028
218,2366,2.5,1235182050
218,2396,4.5,1235183047
218,2571,5,1235182547
218,2628,0.5,1235182944
218,2686,3,1235182106
218,2706,3.5,1235183112
218,2716,4.5,1235183009
218,2762,5,1235182588
218,2795,4,1235182123
218,2858,5,1235182556
218,2918,5,1235183182
218,2959,5,1235182939
218,2997,2.5,1235183042
218,3087,4.5,1235182151
218,3114,5,1235183163
218,3210,4.5,1235182000
218,3578,4,1235182997
218,3793,4,1235183069
218,3809,2,1235182132
218,3893,4,1235182155
218,3996,5,1235183073
218,4226,4,1235183092
218,4306,4,1235183003
218,4993,4,1235182981
218,7023,3,1235182311
218,7153,3.5,1235183103
218,8253,4,1235182289
218,58559,5,1235182338
218,65126,2,1235182346
218,66097,4,1235183377
219,186,4,1134843884
219,471,2,1134843906
219,515,2,1134843911
219,1204,3,1134843908
219,1246,3.5,1134843819
219,1250,2,1134843918
219,1293,3,1130523930
219,1407,2,1134843844
219,1485,3,1134843850
219,1777,2,1134843913
219,2502,4,1134843859
219,4995,1.5,1130523905
219,5816,3,1130523965
219,6711,1,1130523986
219,7153,3,1130523887
220,480,3,1028129774
220,908,4,1028129702
220,910,5,1028129752
220,1247,4,1028129734
220,1680,5,1028129734
220,2005,5,1028129734
220,2628,1,1028129672
220,3101,1,1028129686
220,4591,1,1028129672
220,5445,5,1028129734
221,247,4.5,1296792893
221,303,5,1296793012
221,531,2.5,1296792904
221,671,4,1296793027
221,720,4,1296792830
221,830,5,1296792996
221,2160,4,1296792964
221,2478,2.5,1296793053
221,2501,3.5,1296792973
221,2723,3,1296792812
221,2724,3,1296792818
221,2761,3.5,1296792915
221,2881,4.5,1296792949
221,2944,3,1296793036
221,3072,3,1296792767
221,3354,2.5,1296793085
222,1,3,1483533571
222,208,3.5,1483533756
222,260,1.5,1483533112
222,318,3.5,1483533117
222,377,3,1483533629
222,380,4,1483534078
222,457,4,1483534142
222,527,5,1483534228
222,588,3.5,1483534258
222,589,3.5,1483533399
222,590,3,1483534977
222,593,4,1483533541
222,595,4,1483535091
222,780,2,1483533662
222,783,5,1483535121
222,912,0.5,1483534838
222,1197,5,1483533380
222,1198,3.5,1483533109
222,1200,4,1483535055
222,1214,4,1483533534
222,1220,0.5,1483534947
222,1221,0.5,1483534835
222,1222,0.5,1483534855
222,1240,4,1483533478
222,1265,2.5,1483533464
222,1291,4,1483533544
222,1580,3,1483533633
222,1907,4,1483535049
222,1968,3,1483535275
222,2000,4,1483534154
222,2001,4,1483533556
222,2005,4,1483535166
222,2115,4.5,1483535115
222,2161,2.5,1483535552
222,2268,3,1483534867
222,2403,4,1483534217
222,2406,4.5,1483535061
222,2571,1,1483533318
222,2762,4,1483534242
222,2916,4,1483534094
222,2947,0.5,1483534202
222,2985,2,1483533526
222,3039,4,1483534953
222,3114,3.5,1483533559
222,3147,4,1483533504
222,3479,4.5,1483535538
222,3527,4,1483534235
222,3703,4,1483533599
222,3704,4.5,1483535118
222,4886,3.5,1483534246
222,4896,3,1483533677
222,5049,4,1483534197
222,5218,4,1483533546
222,5418,4.5,1483533481
222,6539,3.5,1483533603
222,6874,0.5,1483533764
222,7147,4,1483534134
222,7153,2.5,1483533328
222,7373,4,1483533725
222,7438,0.5,1483533765
222,7445,3,1483534966
222,8368,2,1483533568
222,8529,3,1483534972
222,8665,4,1483533515
222,26614,4.5,1483535000
222,37729,3,1483534871
222,40815,3,1483533678
222,41566,4,1483533701
222,44191,4,1483533694
222,49530,3.5,1483534249
222,50872,4,1483534087
222,54259,5,1483535255
222,54286,4,1483533412
222,56152,3,1483535010
222,59315,1,1483533422
222,59501,3,1483533783
222,60040,4,1483533771
222,60069,3.5,1483533489
222,63113,1.5,1483533776
222,68157,0.5,1483533550
222,68954,3,1483533396
222,69844,2,1483533674
222,76093,4,1483533573
222,77561,0.5,1483533710
222,84944,3,1483535028
222,87232,3,1483533509
222,91500,1,1483533754
222,96079,0.5,1483533686
222,102125,0.5,1483533768
222,106696,4.5,1483535906
222,111362,3,1483533518
222,111659,4.5,1483535535
222,112175,4,1483533548
222,116823,0.5,1483533742
222,122904,0.5,1483533389
222,134853,3.5,1483534140
223,107,2,1338139773
223,272,3,1338139600
223,362,3,1338139562
223,932,3,1338140861
223,965,2.5,1338140435
223,969,3.5,1338140872
223,1019,2.5,1338140319
223,1203,3.5,1338140246
223,1231,3,1338139679
223,1345,0.5,1338139197
223,1367,2,1338140191
223,1378,1.5,1338139801
223,1411,3.5,1338139822
223,1907,2,1338139669
223,2405,2,1338139855
223,2501,3,1338139672
223,2746,2.5,1338139304
223,3082,3.5,1338139390
223,3510,3,1338139604
223,4321,2,1338139763
223,4447,2,1338139647
223,5707,3.5,1338140688
223,5945,3,1338140654
224,1,5,833865100
224,10,3,833865062
224,21,3,833865158
224,47,4,833865121
224,110,4,833865121
224,150,4,833864943
224,153,3,833864982
224,161,3,833865062
224,165,3,833864982
224,185,3,833865100
224,208,2,833865100
224,231,1,833865013
224,253,3,833865100
224,288,3,833865100
224,292,3,833865062
224,296,3,833864943
224,316,3,833865013
224,329,2,833865013
224,339,5,833865062
224,344,3,833864982
224,349,3,833864982
224,380,3,833864943
224,410,3,833865121
224,434,3,833865062
224,457,5,833865158
224,588,4,833864982
224,590,4,833864943
224,592,4,833864943
224,593,5,833865158
224,595,4,833865013
225,1,4,850475964
225,2,4,838846461
225,3,3,850476229
225,7,4,850476011
225,10,4,836252928
225,11,5,837190704
225,15,3,838846497
225,19,2,837189545
225,21,5,837189545
225,24,3,838846154
225,39,3,837189589
225,62,5,837189306
225,68,4,850476148
225,74,4,850476148
225,95,5,837189307
225,110,4,836252974
225,135,3,850476201
225,141,5,850475964
225,150,4,836252783
225,153,4,836252828
225,161,5,836252882
225,165,5,836252828
225,173,3,837189648
225,185,5,836252928
225,204,4,838846497
225,208,4,836252928
225,225,5,837189510
225,231,1,836252853
225,236,4,837190704
225,237,3,838846379
225,252,3,838846342
225,260,5,866468424
225,292,5,836252882
225,296,3,836252787
225,300,4,837189477
225,316,5,836252853
225,317,4,837189545
225,318,5,836252853
225,329,5,836252852
225,339,5,836252882
225,344,2,836252828
225,349,4,836252973
225,350,5,838846251
225,356,5,837189510
225,357,5,838846447
225,364,4,837189545
225,367,3,837189589
225,368,3,838846288
225,377,5,837189648
225,378,5,838846288
225,380,5,836252792
225,410,3,837189477
225,420,3,837189589
225,432,3,837189617
225,440,5,837189648
225,442,4,838846354
225,457,5,836252928
225,474,4,838846270
225,480,5,837189545
225,485,3,838846432
225,500,4,837189648
225,508,5,838846523
225,527,5,837190703
225,529,4,838846177
225,539,5,838846329
225,587,4,838846417
225,588,3,836252828
225,589,5,837189617
225,590,3,836252782
225,592,3,836252780
225,593,4,836252882
225,595,3,836252853
225,597,4,841147863
225,648,5,836253003
225,719,4,850476148
225,724,4,850476447
225,733,5,836253003
225,736,5,850475964
225,780,5,837189305
225,783,4,850476201
225,786,5,836253003
225,802,4,837189306
225,1210,5,866468424
225,1356,5,850476011
225,1479,5,866468424
225,1485,4,866468444
226,1100,4,976203176
226,1250,4,976203176
226,1270,1,976203176
226,1645,4,976203176
226,2217,4,976203176
226,2414,3,976203176
226,2778,3,976203176
226,3287,2,976203176
226,3319,2,976203176
226,3731,3,976203176
227,2,3,837716607
227,34,4,837716466
227,47,5,837716466
227,105,4,837716699
227,110,5,837716444
227,112,3,837716866
227,153,3,837716366
227,165,4,837716366
227,173,2,837716552
227,204,3,837717047
227,224,4,837716977
227,235,5,837717055
227,253,3,837716421
227,288,4,837716444
227,292,3,837716406
227,293,5,837717055
227,344,3,837716366
227,356,5,837716444
227,367,4,837716481
227,377,5,837716523
227,380,4,837716311
227,434,4,837716406
227,442,3,837717055
227,457,5,837716406
227,480,5,837716466
227,500,4,837716552
227,509,4,837717047
227,527,4,837716552
227,539,3,837716578
227,586,3,837716578
227,587,5,837716578
227,588,4,837716366
227,589,5,837716505
227,590,4,837716311
227,592,3,837716311
227,595,4,837716384
227,648,3,837716761
227,736,5,837716712
228,158,4,1002842738
228,260,5,1002842897
228,316,4,1002843028
228,480,5,1002842738
228,589,5,1002842918
228,780,5,1002842970
228,924,4,1002842939
228,1097,5,1002842918
228,1196,5,1002842897
228,1210,5,1002842678
228,1214,5,1002842897
228,1221,4,1002842649
228,1240,5,1002842918
228,1270,5,1002842633
228,1356,5,1002842994
228,1372,4,1002843060
228,1374,5,1002842994
228,1391,3,1002842765
228,1573,4,1002842994
228,1580,5,1002842953
228,1584,5,1002842939
228,1592,3,1002842613
228,2011,5,1002843010
228,2012,4,1002843120
228,2078,4,1002842713
228,2407,4,1002843028
228,2455,4,1002843060
228,2527,4,1002843060
228,2533,2,1002843103
228,2571,4,1002842897
228,2628,5,1002843028
228,2640,3,1002842953
228,2657,4,1002843103
228,2662,4,1002842939
228,2699,3,1002843085
228,2916,5,1002842970
228,3101,4,1002842765
228,3263,4,1002842738
228,3527,4,1002842939
228,3699,4,1002843085
228,3701,4,1002843085
228,3827,4,1002843060
228,3927,5,1002843060
228,4121,4,1002843010
228,4277,4,1002842918
228,4509,4,1002842738
229,1,3,1037826148
229,2,3,1037827385
229,4,2,1037830942
229,5,1,1037136141
229,7,2,1037828170
229,12,1,1037138476
229,16,3,1037829658
229,19,1,1037831597
229,21,3,1037829730
229,25,4,1037826148
229,29,5,1037825980
229,32,5,1037826063
229,34,4,1037826217
229,41,4,1037826063
229,44,2,1037828727
229,47,2,1037136477
229,50,4,1037825980
229,70,3,1037828170
229,77,3,1037826327
229,85,3,1037826277
229,93,2,1037831636
229,104,2,1037827898
229,106,4,1040928268
229,110,3,1037826148
229,141,1,1037826997
229,150,3,1037826063
229,152,4,1037826063
229,153,2,1037831439
229,161,3,1037829968
229,170,3,1037830668
229,172,3,1039723754
229,173,2,1037831665
229,176,4,1037826537
229,180,2,1037902837
229,185,2,1037828727
229,193,2,1037831519
229,196,3,1037828170
229,198,3,1037136722
229,203,1,1037828596
229,208,1,1037831280
229,223,3,1037889465
229,230,3,1037826997
229,231,2,1037037105
229,234,2,1037831485
229,235,3,1037829509
229,236,3,1037828727
229,237,3,1037828080
229,249,4,1037826699
229,253,2,1037827711
229,260,3,1037128254
229,265,3,1037826148
229,272,4,1037829658
229,273,3,1037831184
229,277,1,1037831280
229,288,3,1037830942
229,292,3,1037828596
229,293,5,1037826148
229,296,4,1037029622
229,300,3,1037826217
229,303,3,1037828080
229,314,3,1037028792
229,316,3,1037828080
229,317,3,1037827711
229,318,2,1037825980
229,319,3,1037826640
229,322,4,1037830005
229,327,3,1039723723
229,329,2,1037825891
229,334,3,1037029772
229,337,3,1037826267
229,339,2,1037830443
229,345,4,1037827711
229,349,2,1038333670
229,351,2,1037889805
229,353,4,1037827519
229,356,2,1037826699
229,357,3,1037826699
229,362,2,1037830942
229,364,2,1037826538
229,367,3,1037826538
229,373,3,1037826589
229,376,2,1037830717
229,377,3,1037826699
229,379,3,1037831002
229,380,3,1037827743
229,382,3,1037827519
229,407,3,1037830152
229,410,2,1037889775
229,413,3,1037831485
229,420,1,1037831636
229,429,3,1037030167
229,431,2,1037136079
229,432,1,1037831280
229,435,2,1037831226
229,441,3,1037826640
229,442,3,1037830839
229,446,4,1037826148
229,454,3,1037826781
229,457,2,1037826217
229,471,3,1037829968
229,480,3,1037826828
229,482,3,1037830556
229,497,5,1037826699
229,500,2,1037029955
229,501,4,1037826997
229,506,3,1037826699
229,507,3,1037827898
229,508,3,1037826828
229,514,3,1037826699
229,527,2,1037825980
229,531,3,1037826538
229,532,3,1037827898
229,538,3,1037830347
229,539,1,1037038358
229,541,5,1037824011
229,543,3,1037827312
229,551,2,1037826267
229,553,3,1037827138
229,555,3,1037029709
229,562,3,1037037444
229,574,3,1037826640
229,586,2,1037828170
229,587,3,1037827519
229,588,2,1037826447
229,589,4,1037826447
229,590,2,1037826447
229,592,4,1037824496
229,593,4,1037889356
229,594,3,1038334581
229,595,1,1037029669
229,596,3,1039632817
229,597,2,1037827711
229,606,2,1037136415
229,608,4,1037825980
229,610,4,1037825050
229,616,2,1039632873
229,648,2,1037827532
229,661,3,1037826907
229,663,3,1037828080
229,674,2,1037822644
229,680,4,1037137271
229,708,2,1037138212
229,720,3,1037825980
229,724,2,1037828596
229,725,2,1037137156
229,741,2,1037826148
229,745,3,1037825980
229,750,4,1037136667
229,755,4,1037819149
229,766,4,1037830306
229,778,4,1037136765
229,780,3,1037827266
229,784,3,1037827898
229,785,3,1037028623
229,788,2,1037037046
229,801,2,1037830747
229,829,3,1037828080
229,830,2,1037028094
229,839,1,1037820279
229,842,2,1037037046
229,844,4,1037826640
229,850,4,1037827452
229,851,4,1037029914
229,858,4,1040329071
229,898,2,1037819395
229,899,2,1037029669
229,901,3,1037819063
229,902,3,1037028094
229,903,3,1037818696
229,904,4,1037818696
229,906,4,1037893723
229,907,3,1037819961
229,909,3,1037823761
229,910,3,1037818696
229,912,4,1037819395
229,913,5,1037028661
229,914,3,1037822397
229,915,3,1037818872
229,916,2,1037818872
229,918,2,1037819496
229,919,4,1037819961
229,920,4,1038333329
229,922,4,1037818696
229,923,3,1037137861
229,924,5,1037822397
229,926,5,1037818696
229,928,3,1037819395
229,930,4,1037819395
229,931,4,1037819496
229,933,3,1038236511
229,938,4,1037818945
229,943,4,1037819496
229,945,3,1037819961
229,947,3,1037819961
229,950,3,1037029622
229,951,3,1037819395
229,953,2,1037819395
229,955,3,1037819961
229,961,3,1042639082
229,963,2,1037819496
229,965,5,1037819961
229,968,4,1037138499
229,969,4,1037818872
229,971,4,1037818945
229,994,3,1037826063
229,1009,2,1039632873
229,1010,1,1039633000
229,1012,4,1037818945
229,1013,1,1039632873
229,1019,3,1039632817
229,1022,3,1039632817
229,1027,1,1037828596
229,1028,3,1039632817
229,1029,3,1037819496
229,1030,2,1039633000
229,1031,2,1038332950
229,1032,3,1039632817
229,1033,3,1039632817
229,1035,3,1037029854
229,1036,3,1037824078
229,1037,2,1037831280
229,1051,3,1037827090
229,1057,2,1037827201
229,1066,3,1038333329
229,1073,4,1039632817
229,1077,3,1037128254
229,1079,3,1037037046
229,1080,3,1037903826
229,1081,2,1037824949
229,1084,4,1037823761
229,1089,4,1037029598
229,1090,4,1037824167
229,1091,1,1037825098
229,1092,3,1037827898
229,1093,3,1037028290
229,1094,4,1037826217
229,1095,5,1037826063
229,1097,1,1037029669
229,1103,3,1037818872
229,1104,5,1037818696
229,1120,4,1037826267
229,1124,3,1037824735
229,1129,4,1039723602
229,1131,5,1037824078
229,1132,3,1037889559
229,1135,2,1037995316
229,1147,5,1037053146
229,1148,3,1037030332
229,1172,3,1037824011
229,1178,4,1038236253
229,1179,3,1037029669
229,1183,4,1037826217
229,1186,4,1037824228
229,1188,3,1037826267
229,1189,5,1037824011
229,1193,5,1037029598
229,1196,3,1037903888
229,1197,4,1037824011
229,1198,3,1037824011
229,1199,5,1037824011
229,1200,3,1037824078
229,1201,3,1037138062
229,1203,5,1037818872
229,1204,5,1037029598
229,1206,5,1037128254
229,1207,5,1037822397
229,1210,1,1037903888
229,1211,5,1037889691
229,1212,5,1038334661
229,1213,3,1037826063
229,1214,4,1037128254
229,1215,4,1037826267
229,1217,5,1037136722
229,1218,5,1037824089
229,1219,4,1037822397
229,1220,4,1037136079
229,1221,3,1040329071
229,1224,4,1038333604
229,1225,4,1037037283
229,1228,4,1037824011
229,1231,4,1037824011
229,1233,2,1037825980
229,1235,5,1037030332
229,1237,5,1037136477
229,1240,4,1037824167
229,1243,4,1037037226
229,1245,3,1037826063
229,1246,2,1037037444
229,1247,4,1037822397
229,1248,5,1037137836
229,1250,5,1041298940
229,1251,4,1037029772
229,1252,5,1040329007
229,1253,4,1039723259
229,1256,3,1037819961
229,1258,4,1037824078
229,1259,4,1037824228
229,1261,2,1037138476
229,1262,4,1037822397
229,1263,5,1037995420
229,1264,3,1037824011
229,1265,3,1037030332
229,1266,3,1037029669
229,1267,3,1037822397
229,1269,3,1037819395
229,1273,3,1037824949
229,1274,2,1037824228
229,1275,4,1037824604
229,1279,3,1037826699
229,1282,4,1037819496
229,1283,3,1037029622
229,1284,5,1037037226
229,1285,3,1037824659
229,1288,4,1037990084
229,1289,5,1037029835
229,1291,2,1037824167
229,1292,3,1037995439
229,1295,5,1037889656
229,1296,3,1037824011
229,1298,3,1037136533
229,1299,5,1037037226
229,1301,3,1037818696
229,1302,2,1037824496
229,1303,5,1037995650
229,1304,4,1037822487
229,1306,5,1037831002
229,1307,3,1037824011
229,1320,3,1037037105
229,1321,4,1037824659
229,1329,3,1037037283
229,1333,3,1037822487
229,1339,3,1037826997
229,1342,3,1037827711
229,1345,3,1038334066
229,1346,3,1037825050
229,1347,3,1037824867
229,1348,4,1038333215
229,1354,5,1037826063
229,1356,1,1037825891
229,1358,4,1037829436
229,1361,5,1037825980
229,1365,3,1037826148
229,1367,3,1039633000
229,1370,2,1037830201
229,1371,2,1037825892
229,1372,1,1037825892
229,1373,1,1037825576
229,1374,3,1037824659
229,1375,1,1037825098
229,1376,1,1037824604
229,1377,2,1037831002
229,1380,2,1037030000
229,1385,1,1037827898
229,1391,3,1037828596
229,1392,3,1037889466
229,1394,3,1037824078
229,1395,2,1037825050
229,1396,2,1037827201
229,1405,4,1037136141
229,1407,3,1037830201
229,1408,2,1037826538
229,1411,2,1037826063
229,1419,4,1037822193
229,1441,3,1037830073
229,1446,4,1037826447
229,1454,4,1037830478
229,1464,2,1037830443
229,1476,2,1037827385
229,1483,3,1037827898
229,1485,3,1037827312
229,1500,2,1037826217
229,1517,3,1037826589
229,1527,4,1037827090
229,1537,4,1037889357
229,1544,1,1037831226
229,1545,4,1037136142
229,1552,2,1037828727
229,1554,4,1037826538
229,1573,2,1037827385
229,1580,4,1037826640
229,1584,3,1037826699
229,1587,4,1037824496
229,1588,2,1039633000
229,1589,1,1037826997
229,1594,4,1037826538
229,1600,2,1037903582
229,1608,2,1038333689
229,1610,3,1037826447
229,1611,3,1037831002
229,1612,3,1037830668
229,1613,3,1037829968
229,1617,3,1037825980
229,1625,2,1037829730
229,1629,2,1040388741
229,1633,4,1037826699
229,1635,3,1037826327
229,1639,3,1037826538
229,1641,4,1037826447
229,1643,4,1037829968
229,1645,1,1037037444
229,1649,4,1037889283
229,1653,3,1037826217
229,1663,2,1037824228
229,1674,3,1038333551
229,1676,2,1037820193
229,1678,3,1037826063
229,1680,2,1037903583
229,1682,3,1037826589
229,1690,2,1037830791
229,1699,4,1037826148
229,1701,1,1037827090
229,1702,2,1037828596
229,1704,2,1037826267
229,1719,5,1037825980
229,1721,1,1038335332
229,1722,2,1037827138
229,1729,3,1037029854
229,1730,2,1037136415
229,1732,3,1037827201
229,1733,4,1037827519
229,1734,5,1037136533
229,1747,2,1037138212
229,1748,3,1037826267
229,1752,1,1037830942
229,1772,1,1037038358
229,1777,3,1037830401
229,1779,2,1037831280
229,1784,2,1037826699
229,1799,3,1037827452
229,1801,1,1037037046
229,1834,3,1037826447
229,1835,1,1037831002
229,1845,3,1037028004
229,1859,4,1037831280
229,1860,3,1037037226
229,1862,1,1037037046
229,1883,2,1037827266
229,1884,4,1037137558
229,1897,4,1037826468
229,1900,4,1037029598
229,1904,2,1037893904
229,1909,2,1037826828
229,1911,3,1037830839
229,1914,5,1037826217
229,1916,4,1037827090
229,1917,2,1037831002
229,1918,2,1037830839
229,1921,5,1037826447
229,1923,1,1037826907
229,1924,3,1037819063
229,1927,5,1037820031
229,1931,5,1037819961
229,1941,4,1037819781
229,1944,4,1037888886
229,1945,4,1037818872
229,1947,3,1037822540
229,1949,5,1037822397
229,1950,4,1037823761
229,1951,4,1037823863
229,1952,5,1037138040
229,1956,4,1037824167
229,1960,4,1037824228
229,1961,3,1037824347
229,1962,3,1037824496
229,1965,4,1037824347
229,1967,2,1037902838
229,1968,3,1037824228
229,1974,1,1037028004
229,1976,3,1037825499
229,1994,3,1037824496
229,2000,3,1037824347
229,2001,2,1037824800
229,2002,2,1037828170
229,2003,3,1037029955
229,2004,1,1037029893
229,2005,2,1037824604
229,2009,3,1037128254
229,2012,2,1037828596
229,2014,1,1039632873
229,2015,2,1039632817
229,2018,3,1039632817
229,2019,5,1037136477
229,2020,4,1037824078
229,2021,3,1037824867
229,2022,3,1037824347
229,2023,2,1037136415
229,2028,2,1037826063
229,2038,1,1039633101
229,2046,4,1037136079
229,2052,1,1037830942
229,2054,2,1037030086
229,2060,1,1038335417
229,2064,5,1037824228
229,2076,5,1037824496
229,2078,4,1037823805
229,2080,4,1039632817
229,2081,1,1037995502
229,2085,2,1037822602
229,2087,3,1039632817
229,2088,2,1037825451
229,2091,2,1037128254
229,2094,2,1037827385
229,2096,3,1037818945
229,2099,4,1037819781
229,2100,2,1037824735
229,2105,3,1037824867
229,2107,2,1037831226
229,2108,4,1037829606
229,2111,2,1037824949
229,2116,3,1037128254
229,2117,4,1037824167
229,2122,4,1037825730
229,2123,1,1038335417
229,2124,3,1037826828
229,2130,3,1037824078
229,2134,2,1037824949
229,2135,3,1037995502
229,2137,4,1039632817
229,2138,3,1037820193
229,2139,2,1037824347
229,2140,3,1037824659
229,2141,1,1038335417
229,2143,2,1037037444
229,2144,2,1037824604
229,2145,2,1037136533
229,2146,2,1037825162
229,2150,4,1037824228
229,2153,1,1038335417
229,2154,2,1037831002
229,2155,2,1037903583
229,2160,4,1037822397
229,2161,3,1037824659
229,2163,2,1037991084
229,2165,4,1037826828
229,2167,3,1037826907
229,2173,3,1037825050
229,2174,4,1037824604
229,2183,4,1037818945
229,2184,3,1037818945
229,2186,4,1037818696
229,2194,3,1037137836
229,2202,4,1037994882
229,2208,4,1037889284
229,2232,4,1037826907
229,2245,1,1037028004
229,2248,3,1037824167
229,2249,2,1037902915
229,2263,2,1037136477
229,2266,2,1037831485
229,2268,3,1037829730
229,2271,4,1037826781
229,2273,3,1037826699
229,2278,2,1037826907
229,2282,3,1037826589
229,2285,4,1037822602
229,2288,5,1039723259
229,2291,2,1037038358
229,2294,2,1037826781
229,2297,3,1037828080
229,2301,3,1037824800
229,2302,3,1037827201
229,2304,4,1037826589
229,2311,2,1037824867
229,2312,2,1037824604
229,2318,4,1037028419
229,2321,3,1037826447
229,2328,3,1037831184
229,2330,5,1037994339
229,2333,5,1037028385
229,2334,2,1037830522
229,2336,3,1037826063
229,2337,3,1037028887
229,2340,1,1037827090
229,2346,3,1037128254
229,2348,4,1037824228
229,2349,4,1037824228
229,2351,5,1037137739
229,2355,2,1037903826
229,2358,2,1037037226
229,2359,3,1037826538
229,2366,4,1037819961
229,2369,2,1037028290
229,2379,1,1037825630
229,2384,2,1037889775
229,2391,4,1037826063
229,2392,1,1040657553
229,2393,1,1037825892
229,2395,3,1037028792
229,2396,4,1037028821
229,2398,4,1037819496
229,2399,2,1037825527
229,2402,1,1037825228
229,2403,2,1037824800
229,2404,1,1037825666
229,2405,1,1037825228
229,2406,2,1037824659
229,2407,3,1039723602
229,2410,1,1037825451
229,2411,1,1037825385
229,2412,1,1037831636
229,2413,2,1037824800
229,2420,2,1037825050
229,2425,4,1037826217
229,2427,3,1037826907
229,2429,2,1037828727
229,2439,5,1037826447
229,2450,2,1037037105
229,2454,3,1039723259
229,2455,3,1037824496
229,2467,4,1037824078
229,2469,2,1037825098
229,2470,2,1037825050
229,2471,1,1037825630
229,2478,2,1037825228
229,2488,5,1037822540
229,2492,1,1037028193
229,2499,4,1037826997
229,2513,2,1037825162
229,2518,3,1037037046
229,2527,3,1037128254
229,2528,2,1037128254
229,2529,4,1037822487
229,2539,2,1037830522
229,2542,2,1037136781
229,2560,2,1037028753
229,2565,3,1037818945
229,2571,3,1037826327
229,2572,2,1037028193
229,2574,1,1037028696
229,2575,4,1037889135
229,2578,4,1038236361
229,2580,4,1037028385
229,2581,3,1037827898
229,2596,3,1037830668
229,2599,3,1037028332
229,2600,4,1037053084
229,2616,3,1037830890
229,2617,3,1037830717
229,2621,3,1037826327
229,2628,2,1037828080
229,2639,3,1037038358
229,2640,2,1037128254
229,2641,1,1037825098
229,2642,1,1037825499
229,2644,4,1037820031
229,2648,4,1037136653
229,2651,1,1037819781
229,2657,4,1037128254
229,2662,4,1039723259
229,2664,4,1037818696
229,2670,4,1037053085
229,2671,2,1037826699
229,2672,3,1037028861
229,2677,5,1037826447
229,2683,1,1037028216
229,2692,4,1037138282
229,2693,4,1037028887
229,2699,2,1037827898
229,2700,4,1037053085
229,2701,1,1037028912
229,2702,3,1039632203
229,2710,3,1037028246
229,2712,2,1037028363
229,2716,3,1037028385
229,2717,1,1037825228
229,2721,2,1039632275
229,2723,3,1037028696
229,2725,4,1037826640
229,2728,4,1037822397
229,2731,5,1037818696
229,2732,5,1037823863
229,2734,3,1037028678
229,2735,3,1037825451
229,2739,3,1037824228
229,2745,4,1037824078
229,2746,3,1037825050
229,2747,4,1037823902
229,2755,2,1037825228
229,2761,3,1037028623
229,2762,4,1037028821
229,2763,1,1037028861
229,2770,2,1037028246
229,2772,3,1037028290
229,2775,3,1037827267
229,2779,2,1038334471
229,2788,3,1037995400
229,2791,4,1037824167
229,2793,1,1037037149
229,2797,3,1037029727
229,2804,4,1037824078
229,2808,2,1037831558
229,2820,4,1037823805
229,2837,3,1037828170
229,2846,2,1037825050
229,2857,4,1037037149
229,2858,1,1037028193
229,2859,3,1037824078
229,2863,4,1037029688
229,2868,3,1037825730
229,2871,4,1037136653
229,2872,4,1037824167
229,2874,2,1037972304
229,2890,4,1037826217
229,2894,3,1037831184
229,2897,2,1037820193
229,2901,3,1037128254
229,2905,4,1038332991
229,2908,4,1037053085
229,2912,3,1037826148
229,2915,2,1037824167
229,2916,3,1037826327
229,2917,3,1037824078
229,2918,3,1037824078
229,2922,3,1038333924
229,2926,3,1037824228
229,2928,4,1037029955
229,2941,2,1037819063
229,2944,4,1037822487
229,2946,3,1039729155
229,2947,3,1037029727
229,2949,3,1037029893
229,2950,2,1037825630
229,2951,4,1038333871
229,2959,5,1037028363
229,2960,3,1037828727
229,2964,2,1037830443
229,2966,3,1037826063
229,2967,4,1037037283
229,2968,4,1039723259
229,2973,4,1037824011
229,2976,3,1037195540
229,2985,4,1037824659
229,2986,2,1037831184
229,2987,3,1037028912
229,2988,3,1037824604
229,2993,2,1037903661
229,2997,4,1037028231
229,3000,5,1037826063
229,3008,4,1037028661
229,3013,2,1037138096
229,3018,4,1037138096
229,3019,4,1037138040
229,3020,3,1037827711
229,3028,2,1037823863
229,3030,5,1037822397
229,3031,2,1037831597
229,3032,3,1037128254
229,3033,3,1037824949
229,3037,4,1037995502
229,3039,3,1037029727
229,3048,1,1037825630
229,3052,2,1037138212
229,3053,2,1037028661
229,3055,4,1037830152
229,3061,4,1037819496
229,3067,3,1038236270
229,3070,4,1037824962
229,3072,4,1037824167
229,3075,4,1037823863
229,3083,2,1037826148
229,3087,2,1037824735
229,3088,3,1037818872
229,3089,5,1037819395
229,3090,5,1037824078
229,3095,4,1037819395
229,3100,4,1037827090
229,3101,2,1037824347
229,3104,2,1037824604
229,3107,3,1037827385
229,3108,4,1037826699
229,3114,2,1037903661
229,3115,2,1037028363
229,3127,3,1037827804
229,3129,3,1037830401
229,3130,3,1037831226
229,3134,5,1037136722
229,3141,3,1037827804
229,3148,2,1037826346
229,3156,2,1037830942
229,3157,3,1037830443
229,3158,4,1037826589
229,3159,2,1037028363
229,3160,2,1037028661
229,3163,2,1037826589
229,3168,5,1037822540
229,3173,1,1037827452
229,3175,4,1037028385
229,3176,2,1037028861
229,3182,4,1037030415
229,3192,5,1041001848
229,3196,3,1037818696
229,3210,4,1037824167
229,3219,1,1037028696
229,3243,3,1037831597
229,3246,4,1037826063
229,3248,1,1037831524
229,3252,2,1037827711
229,3253,3,1037830252
229,3254,2,1037827519
229,3255,3,1037826641
229,3256,2,1038333488
229,3258,2,1037831081
229,3262,3,1037828170
229,3263,3,1037137156
229,3274,1,1037137156
229,3281,5,1037128438
229,3289,3,1037030918
229,3300,4,1037028713
229,3325,2,1037028696
229,3326,2,1037031491
229,3328,3,1037030481
229,3350,5,1037822540
229,3358,3,1037136142
229,3359,4,1037994102
229,3361,3,1037824167
229,3362,5,1037138017
229,3364,4,1039700164
229,3378,3,1037037149
229,3392,1,1037825576
229,3396,4,1039632817
229,3405,4,1037818872
229,3408,2,1037028332
229,3418,3,1037826997
229,3421,4,1037028094
229,3422,3,1037824735
229,3424,4,1037824011
229,3426,3,1037827385
229,3435,4,1037819395
229,3438,2,1037831081
229,3448,3,1037824496
229,3450,2,1037826828
229,3470,5,1042125277
229,3471,2,1037128254
229,3476,4,1037830205
229,3479,3,1037824659
229,3496,2,1037825162
229,3499,3,1037826267
229,3503,4,1037128254
229,3505,3,1037824167
229,3512,3,1037028798
229,3521,4,1037824167
229,3528,3,1037828596
229,3535,3,1037030638
229,3539,3,1037030973
229,3543,1,1037028290
229,3544,2,1037903583
229,3545,4,1039729155
229,3546,4,1037822540
229,3548,3,1038236589
229,3551,5,1037995549
229,3552,4,1037822677
229,3564,2,1037829388
229,3566,2,1037030638
229,3571,3,1037992290
229,3576,3,1038239293
229,3578,2,1037028385
229,3581,4,1037992091
229,3608,3,1037824496
229,3614,3,1037829388
229,3623,1,1037028678
229,3627,4,1037822487
229,3643,2,1037819781
229,3675,3,1037137156
229,3677,2,1037830401
229,3679,3,1037824228
229,3683,4,1037037283
229,3684,2,1037824735
229,3686,2,1037892648
229,3688,1,1037825385
229,3690,1,1037825730
229,3697,2,1037831280
229,3698,3,1037825098
229,3699,2,1037824604
229,3700,3,1038239246
229,3702,4,1037128254
229,3703,4,1037824167
229,3704,1,1037824867
229,3705,1,1037831381
229,3706,4,1037820279
229,3707,3,1037825451
229,3710,3,1037825630
229,3712,2,1037136079
229,3717,2,1037031402
229,3723,2,1037830152
229,3727,4,1037138282
229,3740,4,1037825228
229,3744,2,1037031116
229,3747,3,1037991581
229,3751,3,1037028264
229,3753,1,1037028713
229,3755,3,1037991988
229,3763,3,1037824496
229,3785,2,1037031362
229,3786,2,1037030973
229,3787,3,1037994225
229,3788,4,1037823314
229,3791,2,1037825098
229,3793,3,1037028912
229,3795,5,1037991988
229,3800,4,1037031219
229,3802,2,1037830890
229,3809,2,1037826781
229,3831,1,1037031026
229,3844,3,1037824347
229,3851,3,1037031266
229,3852,2,1037030555
229,3859,2,1037991581
229,3863,3,1037053167
229,3871,3,1037818696
229,3882,2,1037031065
229,3892,3,1037991876
229,3893,1,1037030555
229,3896,1,1037031065
229,3897,4,1037030415
229,3910,5,1037030555
229,3917,4,1037824735
229,3918,3,1037825266
229,3920,4,1037827324
229,3925,4,1037136722
229,3927,3,1037823863
229,3928,1,1037819781
229,3934,2,1037819228
229,3946,2,1037031459
229,3949,4,1037030481
229,3967,2,1037030555
229,3968,1,1037031296
229,3969,2,1037031026
229,3973,1,1037031459
229,3977,1,1037031116
229,3979,1,1037031459
229,3982,3,1037030555
229,3983,5,1037030332
229,3984,2,1037037105
229,3986,2,1037028193
229,3994,3,1037991581
229,3996,3,1038239293
229,3997,1,1037031459
229,4002,2,1037824604
229,4008,2,1037824800
229,4009,3,1037824011
229,4011,3,1037138347
229,4016,1,1037030638
229,4017,3,1037030855
229,4018,2,1037992056
229,4021,2,1037030973
229,4022,1,1037028264
229,4025,2,1037031026
229,4027,2,1037030481
229,4029,4,1037991581
229,4030,2,1037031402
229,4034,3,1037030481
229,4036,4,1037030705
229,4037,4,1037990975
229,4039,1,1037825451
229,4040,1,1037831381
229,4066,3,1037824867
229,4077,3,1037030855
229,4084,2,1037825162
229,4085,2,1037824604
229,4086,3,1037824167
229,4105,4,1037138476
229,4121,2,1037824604
229,4124,1,1037028094
229,4126,2,1037037226
229,4128,3,1037824496
229,4132,1,1037825499
229,4175,3,1037991084
229,4181,3,1037824949
229,4190,4,1037823761
229,4198,2,1037825340
229,4205,3,1037830252
229,4206,3,1037824867
229,4213,2,1037825630
229,4214,1,1037824867
229,4217,3,1037053085
229,4226,4,1037030415
229,4234,3,1037031116
229,4237,4,1037030638
229,4262,4,1037824167
229,4263,4,1037823761
229,4272,4,1042561552
229,4273,4,1037031065
229,4276,3,1037824604
229,4280,3,1037824078
229,4282,4,1037137708
229,4283,4,1037137685
229,4285,2,1037136653
229,4289,3,1037825767
229,4298,5,1037818872
229,4302,3,1037030973
229,4304,3,1037030855
229,4306,2,1037030555
229,4308,3,1037030705
229,4318,3,1037827312
229,4321,3,1037827519
229,4327,3,1037136477
229,4328,2,1037822644
229,4333,1,1037136765
229,4334,4,1037030555
229,4351,2,1037828596
229,4356,3,1037818945
229,4361,2,1037824167
229,4369,3,1037030855
229,4370,1,1037030918
229,4378,3,1037053146
229,4386,1,1037031402
229,4390,3,1037031402
229,4391,3,1037030555
229,4396,1,1037825340
229,4409,2,1037827711
229,4410,2,1037037283
229,4422,4,1037136142
229,4426,4,1037137513
229,4427,5,1037038358
229,4439,4,1037889284
229,4443,3,1037824867
229,4446,2,1037138385
229,4447,2,1037030918
229,4464,4,1037824735
229,4467,3,1037995203
229,4477,2,1037825630
229,4489,2,1037037226
229,4499,2,1037824228
229,4518,3,1037137156
229,4533,3,1037029727
229,4537,4,1037824496
229,4538,4,1037824604
229,4544,1,1037825767
229,4545,2,1037825228
229,4552,4,1037138127
229,4553,3,1037037046
229,4558,2,1037825098
229,4571,4,1037824496
229,4572,1,1037825162
229,4580,2,1039723802
229,4587,2,1039723602
229,4591,3,1037824604
229,4610,2,1037825050
229,4613,2,1037825576
229,4616,3,1037824867
229,4619,1,1037136415
229,4621,3,1037825296
229,4628,3,1037824347
229,4633,3,1037824604
229,4635,2,1037825451
229,4641,3,1037030415
229,4642,4,1037030481
229,4643,1,1037031219
229,4658,5,1037136964
229,4667,2,1037825499
229,4676,1,1037825730
229,4677,1,1037038358
229,4680,4,1037030154
229,4681,2,1037825098
229,4682,2,1037825385
229,4688,4,1037826781
229,4696,2,1037825576
229,4697,2,1037825730
229,4705,3,1037972404
229,4706,2,1037972404
229,4709,3,1037822644
229,4713,4,1037824496
229,4720,2,1037030555
229,4723,2,1037030705
229,4725,4,1037991680
229,4729,3,1042561518
229,4734,2,1037030555
229,4738,4,1040329405
229,4745,2,1037030855
229,4754,4,1037028004
229,4757,3,1037030855
229,4763,4,1037138127
229,4765,3,1037030555
229,4766,2,1037030705
229,4767,2,1037819063
229,4769,4,1037030415
229,4776,2,1037030555
229,4789,1,1037989285
229,4798,4,1037818945
229,4799,2,1037822602
229,4802,2,1037818946
229,4809,4,1037824229
229,4811,4,1039729190
229,4813,3,1039723259
229,4835,3,1037824229
229,4837,4,1037824011
229,4846,3,1037138127
229,4847,2,1037030705
229,4848,2,1037991452
229,4857,4,1039729155
229,4865,1,1037030481
229,4872,5,1037030415
229,4873,4,1037994897
229,4874,2,1037031065
229,4878,4,1037030481
229,4881,3,1037991523
229,4884,4,1038239591
229,4886,3,1037029688
229,4896,3,1037030555
229,4901,2,1037037046
229,4902,4,1037030638
229,4903,2,1037030481
229,4909,1,1037825576
229,4911,3,1037995134
229,4912,3,1037823863
229,4915,3,1037825576
229,4932,2,1038334091
229,4936,3,1037824800
229,4941,1,1039723668
229,4966,3,1037995621
229,4967,3,1037030481
229,4970,4,1037820279
229,4973,5,1037030415
229,4975,2,1037030855
229,4976,3,1037029871
229,4977,3,1037991802
229,4979,2,1037991802
229,4980,1,1038335417
229,4993,4,1037029669
229,4995,1,1037030415
229,4996,4,1037992022
229,5009,2,1037031026
229,5013,1,1037030481
229,5015,2,1037030481
229,5017,4,1037818696
229,5026,2,1037030638
229,5027,1,1037037149
229,5034,5,1037826589
229,5039,3,1037824167
229,5040,2,1037825451
229,5049,4,1037824659
229,5062,3,1039724978
229,5064,1,1037029688
229,5095,3,1039700393
229,5097,2,1038333369
229,5099,3,1038333329
229,5112,4,1037029753
229,5117,2,1039729190
229,5128,2,1037031491
229,5131,3,1037030973
229,5135,2,1037030855
229,5136,3,1037031026
229,5146,2,1037030918
229,5147,5,1038234327
229,5153,3,1037030415
229,5159,2,1039633101
229,5180,3,1039631513
229,5202,4,1037824011
229,5218,1,1037030705
229,5222,1,1037029772
229,5225,3,1037029688
229,5231,3,1037819781
229,5254,1,1038335418
229,5258,1,1037031174
229,5268,1,1037031362
229,5276,4,1037137180
229,5291,5,1037137612
229,5293,1,1037029835
229,5294,3,1037029795
229,5303,2,1037827804
229,5308,1,1037825527
229,5317,3,1037031362
229,5319,2,1037029709
229,5329,3,1037053146
229,5334,3,1037831002
229,5339,2,1037825980
229,5349,2,1037030638
229,5351,3,1037031065
229,5361,1,1037137156
229,5366,3,1037137114
229,5367,3,1037824078
229,5377,3,1037991452
229,5378,1,1037903888
229,5380,2,1037030855
229,5381,3,1037136142
229,5382,1,1037136079
229,5383,3,1037819149
229,5391,4,1037030918
229,5401,2,1037030705
229,5417,4,1037889284
229,5421,2,1037991876
229,5428,2,1037825451
229,5431,3,1037888812
229,5442,3,1037831558
229,5445,2,1037030638
229,5446,4,1041449147
229,5450,4,1037031026
229,5452,2,1037831707
229,5456,1,1037831381
229,5459,1,1037031402
229,5463,1,1037030918
229,5470,3,1037818696
229,5481,1,1037031266
229,5498,4,1037822602
229,5502,1,1037030705
229,5505,3,1037029324
229,5506,1,1037030638
229,5507,2,1037029398
229,5508,2,1037029324
229,5520,3,1037827804
229,5522,2,1037128254
229,5525,2,1037029398
229,5528,3,1037029324
229,5529,1,1037029521
229,5535,4,1037029481
229,5541,3,1037830668
229,5544,2,1037053146
229,5548,1,1037029956
229,5550,2,1037030102
229,5555,3,1037029970
229,5562,3,1037138347
229,5568,2,1037824949
229,5572,4,1037029303
229,5577,1,1037625702
229,5604,3,1037029709
229,5605,4,1041299146
229,5607,4,1040388765
229,5611,1,1037031402
229,5613,4,1037029342
229,5617,4,1037889357
229,5618,4,1037138283
229,5630,1,1037029324
229,5632,5,1037029261
229,5633,3,1037029342
229,5638,2,1037029598
229,5643,2,1037824167
229,5649,3,1037889466
229,5650,3,1037136722
229,5664,3,1037029303
229,5669,4,1037052932
229,5673,2,1037029303
229,5679,3,1037030855
229,5684,2,1039700233
229,5685,4,1037029398
229,5690,3,1037053147
229,5693,3,1037138347
229,5696,2,1037037149
229,5705,1,1037825266
229,5712,3,1037824496
229,5723,3,1037825162
229,5772,4,1037137057
229,5780,3,1037824604
229,5782,4,1037889357
229,5789,1,1037029481
229,5791,2,1037029398
229,5792,3,1037029398
229,5796,3,1037029893
229,5807,1,1037817603
229,5810,1,1037129891
229,5812,4,1037625702
229,5816,3,1037625702
229,5817,3,1039630303
229,5818,3,1040049249
229,5820,3,1037625702
229,5829,2,1038332937
229,5855,2,1037825794
229,5867,3,1037824011
229,5875,2,1039630303
229,5878,2,1041455614
229,5881,3,1040049295
229,5885,3,1040049178
229,5898,2,1037825266
229,5899,4,1037801564
229,5902,4,1040653109
229,5914,4,1039631406
229,5919,2,1039723723
229,5927,1,1038239367
229,5940,3,1038239367
229,5945,4,1040653128
229,5947,2,1041449077
229,5952,4,1040486251
229,5954,4,1042560922
229,5956,2,1042560892
229,5971,5,1040328934
229,5981,3,1039723668
229,5985,2,1042125193
229,5989,4,1041866150
229,5991,2,1041449100
229,5994,3,1042561431
229,5995,4,1041866150
229,6184,4,1037128254
229,6531,4,1037138282
230,1,3.5,1167859763
230,6,3,1167860712
230,10,3,1167860749
230,34,2.5,1166302802
230,39,1,1166301343
230,47,4,1166300892
230,50,4,1171582230
230,60,2.5,1166299710
230,63,2,1167861480
230,69,2,1166301268
230,86,3.5,1166302151
230,101,3,1166304022
230,104,3.5,1166301373
230,111,4.5,1179185372
230,141,3.5,1166304119
230,145,1.5,1167861785
230,153,2,1167860705
230,163,3,1166301460
230,180,4,1167860144
230,223,4,1166303725
230,231,3,1167859888
230,235,4.5,1166304546
230,253,4,1167859903
230,288,3.5,1167860765
230,293,3.5,1166300834
230,296,4.5,1166300841
230,322,4,1166304521
230,344,2.5,1167859731
230,353,3.5,1166303521
230,356,4,1166300373
230,377,2.5,1167859802
230,380,0.5,1166302142
230,410,2.5,1167860984
230,420,3,1167861770
230,441,2.5,1166303432
230,455,3,1167861772
230,466,0.5,1167861764
230,470,1,1167861759
230,480,3.5,1167860605
230,493,2.5,1166299836
230,500,3,1167859884
230,527,4,1166300889
230,542,1.5,1169291552
230,555,4,1166304966
230,586,2.5,1167860810
230,587,2.5,1166301355
230,588,2.5,1166302296
230,589,3,1167859793
230,593,4.5,1166300922
230,595,2.5,1166304210
230,597,2.5,1167859834
230,608,4,1166300358
230,662,3,1167861183
230,736,3,1167859716
230,741,4.5,1166300388
230,778,4.5,1166301049
230,780,2,1167859706
230,788,2.5,1167860968
230,837,3.5,1166299776
230,851,4.5,1166303067
230,858,4,1171582202
230,900,2.5,1167861170
230,904,4,1196195971
230,912,5,1166300185
230,919,3,1166301113
230,951,4,1173945961
230,1013,2,1166301522
230,1022,3,1166303760
230,1028,3.5,1167861734
230,1059,3,1167860956
230,1101,1,1166302137
230,1136,4,1166300676
230,1193,5,1166300792
230,1194,2.5,1167861420
230,1197,4,1166300819
230,1201,5,1166300410
230,1203,4.5,1166300011
230,1206,4.5,1166300220
230,1208,4,1167860797
230,1213,4,1166300433
230,1214,2.5,1167860678
230,1215,2.5,1166302755
230,1220,3.5,1167860949
230,1222,4,1170027765
230,1228,5,1166300843
230,1230,5,1166300069
230,1240,2,1167860698
230,1242,3,1166300397
230,1244,5,1166300629
230,1259,4,1166300945
230,1265,3.5,1167860626
230,1274,4,1166302289
230,1283,4,1166300480
230,1307,4,1167860619
230,1345,2,1166303826
230,1347,1,1166299686
230,1348,4,1173945996
230,1358,4,1167861712
230,1366,3.5,1166303527
230,1387,3,1167860738
230,1391,1.5,1167861709
230,1438,2.5,1167861157
230,1476,1,1166301409
230,1499,1.5,1167862169
230,1500,3.5,1167860937
230,1517,0.5,1166301579
230,1527,3,1167860657
230,1562,2.5,1167861704
230,1573,0.5,1167860721
230,1594,4,1166304696
230,1644,0.5,1166299683
230,1653,4,1187992679
230,1673,4.5,1166304070
230,1681,1.5,1167861432
230,1688,3.5,1167861127
230,1701,4,1170105166
230,1721,3.5,1167859679
230,1777,3.5,1166301421
230,1882,2.5,1167861124
230,1884,4,1166304298
230,1907,3,1167862127
230,1973,1,1167861406
230,1982,2.5,1166301365
230,2000,2.5,1167860670
230,2018,3.5,1166302941
230,2028,3.5,1166300877
230,2054,3,1167860636
230,2083,3.5,1167861116
230,2085,2.5,1166301308
230,2090,3.5,1166301745
230,2094,1.5,1166299694
230,2106,3.5,1167861394
230,2134,3,1167862113
230,2144,3,1167861679
230,2161,2.5,1166301739
230,2167,2,1167861675
230,2183,4,1173945946
230,2232,0.5,1166303532
230,2273,1.5,1166301756
230,2290,4,1171582299
230,2291,3.5,1167860594
230,2297,4,1166299906
230,2315,1,1167861386
230,2324,4.5,1166300576
230,2329,4,1166300047
230,2338,0.5,1166299851
230,2348,3,1167861379
230,2355,2.5,1166303941
230,2404,1,1167862096
230,2420,3,1167862090
230,2421,2,1167862089
230,2496,1.5,1166303115
230,2502,4,1166300782
230,2571,3.5,1166300647
230,2572,1.5,1166301332
230,2596,3,1167861359
230,2599,3,1167860729
230,2617,3,1167860811
230,2628,1.5,1167860649
230,2657,3.5,1167861654
230,2683,1,1167859876
230,2694,3,1167860924
230,2700,1,1166303144
230,2706,0.5,1166301251
230,2710,1.5,1167860599
230,2713,0.5,1166299901
230,2716,3.5,1167859636
230,2732,4,1173946019
230,2762,4,1167859703
230,2795,2.5,1166299749
230,2797,3.5,1166304179
230,2858,4.5,1166300043
230,2871,2,1166303336
230,2959,4.5,1166300363
230,2973,4,1173945976
230,3000,4,1166300821
230,3052,3.5,1166303168
230,3082,1,1167861641
230,3114,2.5,1167859849
230,3134,4,1173946031
230,3146,1,1167861092
230,3147,4,1166300427
230,3157,3,1166299808
230,3160,5,1166304588
230,3210,2.5,1166299656
230,3213,3,1166301437
230,3248,2,1167861325
230,3253,3.5,1166301556
230,3264,0.5,1166299799
230,3266,4,1173945897
230,3273,1,1167861088
230,3275,3.5,1166300169
230,3388,2,1167861322
230,3421,2.5,1166302555
230,3440,2.5,1167861315
230,3450,3,1166301362
230,3481,3.5,1167860628
230,3499,2.5,1167860910
230,3552,3,1166301600
230,3578,3.5,1166300392
230,3617,1,1167861059
230,3618,3.5,1167860072
230,3624,1,1167861063
230,3671,3.5,1166304083
230,3735,4,1170105361
230,3740,2,1166301592
230,3785,1,1167862042
230,3793,2.5,1167860589
230,3863,2,1167861074
230,3865,2,1167861624
230,3873,3.5,1173946120
230,3897,4,1167859826
230,3948,4,1167859931
230,3949,3.5,1166300858
230,3996,3.5,1166300238
230,4016,4,1166299787
230,4019,3.5,1167862014
230,4085,2.5,1166304159
230,4090,3,1166301259
230,4235,5,1200951762
230,4239,4,1166304100
230,4262,3,1166300884
230,4306,3.5,1167859736
230,4369,0.5,1167861985
230,4438,2,1166303788
230,4489,4,1166299892
230,4545,1.5,1167861976
230,4571,1.5,1166301441
230,4641,4,1197473343
230,4716,3.5,1200951661
230,4835,3,1167861286
230,4844,3.5,1166302947
230,4845,2.5,1167861587
230,4865,2,1167861961
230,4878,3,1166300264
230,4886,3.5,1167859676
230,4979,4.5,1166304646
230,4993,4,1166300602
230,5014,3,1167861946
230,5049,3,1166301425
230,5064,2.5,1167861935
230,5110,2.5,1167860108
230,5111,3.5,1167861575
230,5151,1.5,1167861278
230,5225,4.5,1166299878
230,5333,3.5,1171582377
230,5339,4,1170105195
230,5348,3.5,1171582332
230,5349,3,1167859624
230,5379,3.5,1166304232
230,5445,2.5,1167859740
230,5502,3,1167860667
230,5669,4,1166300167
230,5691,0.5,1167861905
230,5810,0.5,1166302244
230,5883,1,1167862376
230,5945,4,1166302260
230,5952,4,1166300606
230,5970,3,1167860092
230,6016,5,1166300212
230,6242,2.5,1167862369
230,6287,3,1167861271
230,6294,0.5,1167861269
230,6377,3.5,1167859618
230,6467,3.5,1173945921
230,6482,1.5,1167862353
230,6502,4.5,1166302232
230,6537,0.5,1167861871
230,6539,3.5,1167859657
230,6586,1,1167861260
230,6659,0.5,1166301325
230,6753,4,1167861254
230,6754,3,1167861251
230,6774,3,1167862343
230,6863,3,1167860816
230,6874,4,1167859766
230,6880,2.5,1167861517
230,6936,4,1166301619
230,6947,3.5,1167860882
230,6953,4,1166302223
230,6957,3.5,1166302826
230,6993,4.5,1196196027
230,7004,2,1167861246
230,7090,3.5,1166300458
230,7116,4,1170105146
230,7147,3.5,1166304136
230,7153,4,1166300604
230,7157,2.5,1167862297
230,7162,1.5,1166303708
230,7254,3,1166303883
230,7293,2.5,1166302238
230,7303,3.5,1166303204
230,7360,3,1166303424
230,7361,4.5,1166304793
230,7387,3,1166303422
230,7438,4,1167859666
230,7445,3.5,1167861837
230,7460,4.5,1166304667
230,7766,4.5,1166301032
230,7924,4,1166300968
230,8154,4.5,1197473313
230,8360,3.5,1167859864
230,8528,2.5,1166303161
230,8542,4,1169291822
230,8784,4,1166304604
230,8807,2.5,1167861241
230,8848,4.5,1200951691
230,8874,4,1166304768
230,8949,4.5,1166304634
230,8957,2,1167861229
230,8959,4,1169291144
230,26131,4,1173946056
230,27317,4.5,1166302782
230,27660,3,1166302730
230,27773,5,1166300779
230,27904,4,1166304361
230,30749,5,1166300502
230,30793,3.5,1167861008
230,30825,3.5,1167860124
230,31696,2,1167861218
230,32170,3.5,1166303749
230,32587,4.5,1166300925
230,33162,3,1167861214
230,33166,3.5,1166300234
230,33880,4.5,1166304323
230,34162,4,1167860685
230,34336,2,1167860059
230,35836,3.5,1167860997
230,36517,3.5,1167862261
230,37382,3.5,1166304807
230,37733,4,1166304579
230,37741,3.5,1166303860
230,38038,4,1169291852
230,40583,4,1167861205
230,40819,4,1167860660
230,41527,4,1167859982
230,42004,4,1166304562
230,43708,3.5,1166304087
230,44204,4,1167859993
230,44555,4.5,1196195961
230,45028,3.5,1166304747
230,45722,3.5,1167859759
230,45728,4,1166303727
230,46530,2.5,1167860782
230,46967,4,1166304722
230,47610,4,1166304354
230,47640,1.5,1169291662
230,48082,5,1166304986
230,48322,3,1167862247
230,48385,4,1167860690
230,48394,4,1171582139
230,48516,4,1196196002
230,48774,4,1169290927
230,49272,3.5,1173946134
230,50064,3.5,1170105110
230,50068,4,1170027685
230,50794,3,1187992729
230,51575,2.5,1187992700
231,1,2.5,1177591082
231,2,2,1185003991
231,10,3,1177670667
231,16,3.5,1177832960
231,29,3,1177590550
231,32,4,1177590939
231,34,2,1177591402
231,47,4,1177590905
231,50,3.5,1215543528
231,70,3.5,1177832116
231,95,3,1177671054
231,104,2.5,1177671311
231,105,3,1178012922
231,110,5,1177590422
231,111,3,1180158838
231,141,2.5,1180124784
231,145,3,1177832299
231,150,3.5,1323154735
231,151,4.5,1177672293
231,160,2.5,1177832014
231,165,3.5,1177670994
231,168,3,1177832039
231,173,2.5,1185004039
231,185,3,1177670620
231,194,4,1177591113
231,196,2.5,1177832072
231,198,3.5,1177663036
231,208,3.5,1177663743
231,223,4,1254943585
231,227,2.5,1177589954
231,231,2.5,1177670730
231,232,4,1177589834
231,235,2,1180124852
231,247,3,1177663079
231,253,4,1177670690
231,260,5,1177663625
231,288,2.5,1185004071
231,290,5,1177590902
231,292,2.5,1177670806
231,293,4.5,1177590859
231,296,4.5,1177590851
231,300,4,1180124776
231,316,3.5,1177663577
231,318,5,1177590075
231,319,3,1177591039
231,329,3,1180124762
231,337,3.5,1177671769
231,344,2.5,1177670775
231,349,3,1180124833
231,353,4,1177591414
231,355,2,1178012995
231,356,4.5,1177591016
231,357,4,1177591343
231,364,3,1177670734
231,367,2,1177670651
231,368,3,1180124812
231,370,3,1177672267
231,377,2.5,1177670942
231,379,2.5,1177589977
231,380,3,1177670767
231,382,2,1177589944
231,420,2.5,1177671719
231,434,3,1177670868
231,440,2.5,1185004109
231,442,3.5,1180124770
231,454,3,1180158801
231,457,3,1177590997
231,466,3,1185004083
231,475,3,1177832883
231,480,4,1177591409
231,485,2.5,1177832111
231,500,2.5,1177670699
231,507,4,1177591316
231,508,2.5,1177833100
231,509,4,1177671128
231,520,2,1177672209
231,527,5,1177590071
231,541,4.5,1177590375
231,551,3.5,1177671142
231,552,3,1328821313
231,553,3,1180158843
231,555,3,1177671773
231,586,2,1177670754
231,587,2.5,1177663989
231,588,2.5,1180124789
231,589,3.5,1177591047
231,590,4.5,1177591259
231,593,4,1177590867
231,597,3,1177670902
231,608,3.5,1177590897
231,647,2.5,1178798708
231,648,4,1177670759
231,653,4,1177672289
231,673,2,1178798711
231,678,3.5,1177664237
231,708,3.5,1177671231
231,733,4,1177591455
231,745,4,1177590837
231,760,3.5,1177591120
231,762,2,1177832492
231,778,3,1177671068
231,780,4,1177663692
231,783,2.5,1177832467
231,784,2.5,1180158879
231,786,3,1185004066
231,788,2.5,1177670957
231,800,2.5,1177590958
231,832,3,1177672337
231,849,2.5,1178798757
231,852,2.5,1177672316
231,858,4.5,1177590062
231,924,3,1177590107
231,1036,4,1177590661
231,1037,2.5,1177663348
231,1047,3,1177832480
231,1059,2.5,1177832415
231,1079,4,1177590776
231,1080,4,1177671535
231,1090,3.5,1177671299
231,1092,3.5,1177832189
231,1094,3.5,1177671345
231,1097,3,1177663654
231,1101,3.5,1177663996
231,1120,3.5,1178013039
231,1127,4,1177663647
231,1129,3.5,1177833364
231,1136,4,1177664187
231,1148,4,1177590839
231,1183,3.5,1177670939
231,1193,3,1177664112
231,1196,5,1177663635
231,1197,3,1203229811
231,1198,5,1177664080
231,1200,4.5,1177590175
231,1201,4,1177664220
231,1206,2,1177590558
231,1208,3.5,1177590242
231,1210,4.5,1177663639
231,1213,3,1177670794
231,1214,4,1177590173
231,1216,5,1177590342
231,1217,4,1202064862
231,1219,3,1177664288
231,1220,3.5,1177671329
231,1221,4,1177664118
231,1222,4,1177664215
231,1223,4,1177590870
231,1225,4,1177590192
231,1233,4.5,1177590387
231,1240,4.5,1177662997
231,1242,4,1177664279
231,1246,4,1177590632
231,1249,5,1177590760
231,1250,3,1177664207
231,1255,3,1177663775
231,1258,3,1177671030
231,1259,5,1177670967
231,1263,3,1177590643
231,1265,3,1177591099
231,1266,4,1177590942
231,1270,4,1177590276
231,1271,3,1178012930
231,1275,4,1177671381
231,1288,2.5,1177832797
231,1291,4.5,1177671045
231,1299,3,1177664258
231,1302,2.5,1177833224
231,1304,3,1177832720
231,1320,3.5,1177663821
231,1339,3.5,1177591442
231,1342,2.5,1177663329
231,1343,2.5,1177591331
231,1347,4,1177589895
231,1356,3,1177670719
231,1358,3.5,1177590935
231,1367,2,1178013004
231,1370,4,1177671205
231,1377,3,1180158882
231,1380,2,1180158819
231,1387,4,1177671074
231,1391,3,1177663841
231,1393,3,1177670645
231,1396,3,1177591324
231,1407,4,1177671023
231,1408,4.5,1177591276
231,1446,3,1177590899
231,1479,3,1178012981
231,1485,3,1177671100
231,1527,4.5,1177591310
231,1544,3,1177671097
231,1552,3.5,1177671132
231,1573,3,1177670797
231,1580,4,1177663676
231,1584,3,1177591372
231,1586,2.5,1177663479
231,1587,4.5,1177663236
231,1590,2.5,1177663336
231,1608,2.5,1177671189
231,1610,3.5,1177591026
231,1617,3.5,1177590882
231,1619,3.5,1337110906
231,1625,4,1177591130
231,1635,3,1177589934
231,1639,4,1185003968
231,1641,3.5,1177591238
231,1644,3,1177589891
231,1653,3.5,1177591224
231,1673,3,1177672230
231,1674,3.5,1180158856
231,1676,4,1177663283
231,1682,4,1177591153
231,1690,3,1177832423
231,1693,4,1177591270
231,1704,3.5,1177590914
231,1717,2.5,1178013125
231,1721,3.5,1177663581
231,1722,3,1177671223
231,1726,3,1177663357
231,1729,4,1177663437
231,1732,2.5,1180124805
231,1747,3.5,1177671359
231,1748,3,1177663101
231,1777,2.5,1177671286
231,1779,3,1259343588
231,1831,3,1178012900
231,1862,2,1177663524
231,1876,3,1177832175
231,1882,2.5,1178012955
231,1909,3,1177663808
231,1911,2.5,1178013044
231,1917,3,1177670618
231,1918,2.5,1177832158
231,1923,3.5,1177671226
231,1954,3.5,1177833185
231,1960,3.5,1178012909
231,1961,4,1177670840
231,1968,4,1239304473
231,1971,2.5,1177663389
231,1994,3.5,1177832139
231,2000,3.5,1177663016
231,2001,3,1177663257
231,2002,2.5,1177832126
231,2003,3.5,1177672235
231,2005,4,1177664049
231,2006,2.5,1177671175
231,2011,3,1177663570
231,2012,2.5,1177663588
231,2019,4,1177664129
231,2021,3.5,1177663684
231,2023,3,1177671645
231,2028,5,1177590922
231,2054,2.5,1177670856
231,2058,4,1177832064
231,2094,2,1177589899
231,2100,2,1180124837
231,2115,3.5,1177670710
231,2161,3,1177832276
231,2167,4.5,1177833367
231,2174,4.5,1177670844
231,2193,3.5,1177663937
231,2194,3,1177832897
231,2231,3,1177833109
231,2232,4,1177591294
231,2268,2.5,1177670832
231,2273,2.5,1178012949
231,2278,3.5,1177591366
231,2288,4.5,1177663764
231,2291,3,1177663946
231,2294,2.5,1177832227
231,2318,4,1177663095
231,2324,2,1177832739
231,2329,4,1177590219
231,2336,4,1177663003
231,2355,3,1177591347
231,2359,3.5,1177591186
231,2378,3.5,1178798698
231,2394,2.5,1178798600
231,2396,3,1177591206
231,2403,4,1177833317
231,2405,3,1178013080
231,2406,3.5,1177671168
231,2421,2.5,1178798589
231,2424,2.5,1177832095
231,2427,3.5,1178798803
231,2455,3,1177833373
231,2470,3,1177671192
231,2476,3,1177663248
231,2490,3,1177832182
231,2529,3.5,1180158808
231,2539,2.5,1177831987
231,2542,4,1177590951
231,2571,4.5,1177590884
231,2572,2,1177672333
231,2617,4,1177670910
231,2628,4,1177663736
231,2640,4,1177663804
231,2641,2.5,1177663850
231,2671,2.5,1177671186
231,2677,3,1177833467
231,2683,2.5,1319479835
231,2699,3.5,1177671110
231,2700,2.5,1177670950
231,2701,2.5,1177663531
231,2702,2.5,1177663376
231,2706,3,1177670662
231,2710,2,1177670922
231,2712,3,1177671094
231,2716,4,1177663954
231,2717,3,1177664012
231,2722,3,1177589881
231,2723,3,1177832237
231,2746,2,1177832377
231,2761,3.5,1177591001
231,2762,4.5,1177671040
231,2763,3,1177671137
231,2770,2.5,1185004029
231,2791,2.5,1177833214
231,2797,2.5,1185004054
231,2826,3,1177589874
231,2827,3.5,1177663856
231,2858,4.5,1177590204
231,2872,3.5,1177663027
231,2881,3,1178013019
231,2890,2.5,1177591213
231,2908,3,1177590415
231,2916,3.5,1177670974
231,2918,4,1177664089
231,2947,3,1177832979
231,2948,3,1177833146
231,2949,3,1177833144
231,2951,3,1177832681
231,2959,4,1177590765
231,2985,4,1177663698
231,2987,3,1177670836
231,2993,3,1177833312
231,2997,2.5,1180124739
231,3005,2.5,1178013025
231,3033,2.5,1177672259
231,3052,3,1177591356
231,3060,4,1177591124
231,3081,3,1177663975
231,3082,3,1177832445
231,3105,4,1177589925
231,3113,3.5,1178798781
231,3147,4,1177590974
231,3148,3.5,1177591157
231,3160,4.5,1177671265
231,3174,4,1177832247
231,3175,2,1177671165
231,3176,3.5,1177670865
231,3178,3.5,1177591102
231,3204,3.5,1177833331
231,3230,4,1241863238
231,3246,4,1177590984
231,3252,3,1177591178
231,3253,2.5,1177671078
231,3263,3,1177663293
231,3267,3,1177833203
231,3273,2.5,1178013130
231,3275,4,1228244260
231,3285,3,1177663319
231,3300,3.5,1178012988
231,3317,3.5,1177589908
231,3339,4.5,1177590583
231,3354,3,1177832514
231,3355,3,1177663266
231,3363,3.5,1177589885
231,3386,3,1177832103
231,3408,2,1180124866
231,3418,3.5,1177591334
231,3421,4,1177832946
231,3448,3.5,1177671015
231,3462,3.5,1199681421
231,3471,3.5,1177663644
231,3476,2.5,1177663116
231,3481,4.5,1177591915
231,3489,2,1177589861
231,3499,4,1177591141
231,3527,4.5,1177663767
231,3535,3,1177663192
231,3555,3,1177832252
231,3578,5,1177591811
231,3617,3,1177832534
231,3623,3.5,1177670892
231,3638,3,1178798768
231,3681,3,1177671441
231,3697,3.5,1177663846
231,3698,3,1177832359
231,3701,2.5,1177663812
231,3702,3,1232177248
231,3703,4,1177672249
231,3704,3,1178012943
231,3717,3,1177671352
231,3745,2.5,1178012913
231,3751,3,1180124883
231,3752,2,1177832044
231,3753,3,1177671082
231,3755,3,1177671338
231,3785,3,1177663725
231,3793,4,1177663664
231,3826,2.5,1177832098
231,3827,3,1178012991
231,3863,3,1177671762
231,3868,3.5,1177832107
231,3869,4,1178798575
231,3893,2.5,1177832547
231,3897,3.5,1177833025
231,3910,1,1177590612
231,3949,4,1180158785
231,3950,3,1177833155
231,3967,3.5,1177590361
231,3977,2.5,1177670658
231,3981,2.5,1177663498
231,3986,3.5,1178798622
231,3988,2,1177832499
231,3993,2.5,1191647903
231,3994,3.5,1177670727
231,3996,3.5,1177590599
231,4008,3.5,1178798555
231,4011,4,1177591741
231,4014,3.5,1180251051
231,4015,2,1178013072
231,4017,2.5,1177592169
231,4019,3.5,1177592115
231,4022,3.5,1177592241
231,4027,2.5,1177670715
231,4034,3.5,1177591867
231,4084,3,1177663322
231,4085,4,1177670970
231,4148,3,1177832005
231,4161,3,1178012897
231,4223,4,1177592099
231,4226,4.5,1177591611
231,4239,3.5,1177592154
231,4246,3,1177670954
231,4250,2.5,1190210523
231,4251,2.5,1177590522
231,4270,3.5,1177671822
231,4280,3.5,1177663154
231,4299,3,1177832233
231,4306,4.5,1177591941
231,4310,3,1177671268
231,4321,2.5,1177832122
231,4327,4,1177671505
231,4343,2.5,1177663720
231,4367,3,1177589939
231,4370,3,1177672352
231,4446,3,1177672358
231,4470,2.5,1177833418
231,4638,2.5,1177672328
231,4643,3,1177671821
231,4718,2,1177832021
231,4720,4,1177670981
231,4741,4,1177591778
231,4776,3.5,1177671719
231,4816,2,1177672216
231,4848,3,1185004014
231,4855,3.5,1177671584
231,4865,3.5,1177663212
231,4874,4,1177663673
231,4878,2.5,1177591685
231,4886,3.5,1177591840
231,4896,3.5,1177663967
231,4901,2.5,1177832056
231,4963,3.5,1177592025
231,4967,2,1177832639
231,4973,4.5,1177590200
231,4975,3,1177663216
231,4979,1.5,1177670815
231,4992,2,1177663597
231,4993,5,1177591692
231,4995,4,1177590316
231,5010,3,1177592128
231,5013,4,1177671280
231,5015,3,1177831997
231,5026,4,1177663178
231,5040,3.5,1320778348
231,5046,3.5,1177663836
231,5152,3.5,1178798641
231,5171,2.5,1177663603
231,5218,3.5,1177592252
231,5219,3,1178798579
231,5254,3,1177832355
231,5266,3,1183147255
231,5292,4,1177663020
231,5299,3,1177671000
231,5318,2.5,1210096511
231,5349,4,1177671295
231,5377,3.5,1177590136
231,5378,4,1177663738
231,5379,4,1177590332
231,5391,3,1288299538
231,5400,2.5,1177832504
231,5418,3.5,1177590405
231,5420,3,1306093558
231,5445,3.5,1177592203
231,5459,3.5,1177670925
231,5464,3.5,1177592033
231,5481,3,1185003997
231,5502,4,1177663786
231,5507,3,1177832260
231,5528,3,1177663205
231,5618,3.5,1177663926
231,5630,3,1177592217
231,5663,3,1181972054
231,5669,4.5,1177590411
231,5679,3,1177592274
231,5810,3,1177832364
231,5816,3.5,1177663964
231,5872,3,1177672271
231,5881,2,1177663511
231,5890,3.5,1177590716
231,5902,3,1177590149
231,5945,3.5,1177663137
231,5952,4.5,1177591603
231,5956,3.5,1177671251
231,5989,3.5,1177590503
231,5992,4,1177832200
231,5995,2.5,1177591661
231,6016,3.5,1195245638
231,6058,2.5,1263848179
231,6155,2.5,1178798626
231,6157,2.5,1177832129
231,6218,3,1177592091
231,6263,3,1200260132
231,6280,2.5,1248439107
231,6281,3.5,1177592304
231,6285,3,1228071049
231,6286,3,1177591666
231,6287,3.5,1178798605
231,6333,3,1177592069
231,6365,3.5,1177664058
231,6373,3.5,1177671051
231,6377,3,1177590770
231,6378,3.5,1177671151
231,6385,3,1177591878
231,6502,4,1177592051
231,6503,2.5,1177832427
231,6534,2.5,1177672304
231,6537,3,1177663468
231,6539,4,1177591954
231,6541,3.5,1177832185
231,6548,3,1177663224
231,6550,2.5,1326643973
231,6564,3,1178798810
231,6565,2.5,1177592087
231,6620,2.5,1265829664
231,6659,2.5,1177833339
231,6666,0.5,1178381866
231,6711,3.5,1177670810
231,6754,3.5,1177832507
231,6796,4,1177590418
231,6807,4,1177670801
231,6863,3.5,1177663681
231,6867,3,1181972206
231,6874,4,1177591829
231,6934,3,1177670741
231,6947,3,1177592021
231,6953,4,1177590112
231,6957,2.5,1177832398
231,6979,3,1177671323
231,7004,2,1177832373
231,7022,4,1177590308
231,7137,2.5,1238000672
231,7139,3.5,1178013038
231,7143,3.5,1177592006
231,7147,3,1177590352
231,7153,4.5,1177591695
231,7155,3,1177592227
231,7160,3,1177663091
231,7162,3,1177663157
231,7254,4,1177592193
231,7323,3,1177591714
231,7325,3,1177832477
231,7361,4,1181972354
231,7373,4.5,1177671320
231,7438,3.5,1177591831
231,7458,3,1177663466
231,7569,3,1177833198
231,7649,4,1177590273
231,7769,2,1253029012
231,7773,3.5,1190365098
231,7980,4,1177671556
231,8132,5,1177591241
231,8360,3.5,1177671034
231,8361,3,1177671707
231,8368,3.5,1177592119
231,8371,4,1178798519
231,8464,3.5,1185003951
231,8493,4,1177591195
231,8528,2.5,1177671718
231,8529,2.5,1177672225
231,8532,2,1225639580
231,8589,3.5,1177664181
231,8604,2.5,1177833255
231,8622,3.5,1180124696
231,8636,3.5,1177670890
231,8644,3,1177663689
231,8665,3.5,1177592009
231,8783,4,1177832080
231,8798,3.5,1177591972
231,8800,3,1301725306
231,8810,3,1178013099
231,8860,2.5,1179670918
231,8861,2.5,1177663365
231,8865,2.5,1177832223
231,8873,2,1177832287
231,8874,3,1177591858
231,8917,4,1177672252
231,8948,3,1177663473
231,8949,3,1177663084
231,8950,4,1177591731
231,8956,3,1248447941
231,8957,3.5,1177592236
231,8958,4,1177591887
231,8961,3,1177591688
231,8972,3.5,1177832345
231,8984,3,1177671719
231,26007,4,1227643642
231,26008,1.5,1380132932
231,27611,4,1232177768
231,27706,3,1177663970
231,27788,3.5,1231528565
231,27803,3.5,1177664154
231,27808,2.5,1178798652
231,27816,3,1177591737
231,27837,3,1202625327
231,30707,3.5,1177591769
231,30749,3.5,1177591631
231,30812,3,1177592065
231,30846,3,1190097203
231,31162,3.5,1233761265
231,31410,3,1177591622
231,31435,3.5,1202065123
231,31685,2.5,1211458410
231,31696,3.5,1178012905
231,31785,4,1229630484
231,31923,3,1177833020
231,32587,4.5,1177591794
231,33004,2.5,1177663713
231,33162,3.5,1178013087
231,33166,5,1177590577
231,33437,3,1279449985
231,33493,4,1177592282
231,33615,3,1178012984
231,33660,3.5,1177590537
231,33794,3.5,1177590303
231,34048,3,1177663709
231,34072,2,1177591921
231,34150,3,1177832304
231,34162,2.5,1177592248
231,34319,4,1177663696
231,34405,3,1228675100
231,34437,3.5,1177832320
231,36401,3,1177664003
231,36529,3.5,1177591835
231,36539,3.5,1202064713
231,37475,3.5,1204352903
231,37741,3.5,1177590483
231,38038,3,1177591750
231,39183,3.5,1177590458
231,39414,3,1183321965
231,39446,2.5,1204126670
231,40148,3,1192605882
231,40278,4,1177591947
231,40339,2.5,1177663829
231,40614,3.5,1215106042
231,40815,3.5,1177663950
231,40819,2.5,1177591799
231,41566,2.5,1177663958
231,41569,2.5,1177592267
231,41571,3.5,1177592294
231,41997,4,1231876030
231,42004,3.5,1177591968
231,42418,2,1208716588
231,42721,2,1177663396
231,42738,3,1335635417
231,44022,3.5,1178013047
231,44191,3,1177591897
231,44195,3.5,1190210544
231,44199,3.5,1177591766
231,44665,4,1177591785
231,44929,3,1189956814
231,45186,3.5,1177671242
231,45447,2.5,1177670896
231,45499,3,1177663670
231,45672,2.5,1245088970
231,45722,3,1177663982
231,45728,4,1254943593
231,45950,3.5,1180124666
231,46322,3,1265397720
231,46574,3,1206449869
231,46578,4,1234386753
231,46723,3.5,1180158744
231,46965,2.5,1178798794
231,46972,2.5,1184389999
231,46976,4,1179776889
231,47044,2.5,1178013007
231,47099,3.5,1183147073
231,47200,2.5,1244397660
231,47465,2,1196545636
231,47610,4,1202064809
231,47629,3.5,1177591500
231,48304,3.5,1187704038
231,48319,3,1198839785
231,48342,2,1197495821
231,48385,2.5,1198839812
231,48394,4,1189405282
231,48516,4,1223053430
231,48738,3,1177832573
231,48774,3,1181972173
231,48780,4,1180250993
231,48783,3,1185090472
231,48877,2.5,1204126673
231,49130,3,1183321953
231,49272,3,1177590490
231,49274,2.5,1181972145
231,49284,3.5,1223053455
231,49347,3,1195396696
231,49530,3,1183147053
231,49644,2,1217355274
231,49649,2.5,1177591556
231,49824,2,1183147208
231,50064,3.5,1185169778
231,50068,4,1188073870
231,50274,2.5,1199681184
231,50442,3,1190282038
231,50447,3,1199355769
231,50685,2.5,1205518577
231,50794,3,1184390020
231,50804,3,1186591954
231,50806,2.5,1185003839
231,51077,3,1338927761
231,51080,3.5,1191868004
231,51086,2.5,1185636601
231,51255,3.5,1195505173
231,51575,2.5,1189405253
231,51662,4,1187703987
231,51884,2,1189405269
231,51935,3,1189663056
231,52241,3.5,1194899781
231,52281,2,1195505085
231,52287,2.5,1199681228
231,52321,3,1203456603
231,52375,3,1199355757
231,52579,2.5,1199214101
231,52604,3,1198911187
231,52606,3,1204126740
231,52722,3,1197443228
231,52950,2.5,1204126695
231,52952,4,1202064758
231,52967,3.5,1199004463
231,52973,3,1202645990
231,53000,3.5,1190097178
231,53121,3,1198006979
231,53123,2.5,1261220206
231,53125,3.5,1183147029
231,53129,3.5,1193734522
231,53207,3,1206254764
231,53322,3,1254033457
231,53464,2.5,1191868021
231,53550,3,1199681078
231,53894,3,1202232740
231,53906,4,1266765248
231,53953,3,1204352865
231,53956,2.5,1198006964
231,53972,3.5,1191647918
231,53993,2.5,1197613920
231,53996,3.5,1195245581
231,54001,3,1197210046
231,54116,3,1215863823
231,54259,3,1203071225
231,54272,3,1198911226
231,54286,3.5,1199091360
231,54503,3.5,1199681110
231,54513,3,1260378376
231,54612,3,1217528765
231,54686,2.5,1324320127
231,54736,4,1203071241
231,54745,3.5,1219082760
231,54771,3.5,1203163674
231,54787,3,1215543601
231,54796,3,1203456591
231,54962,3,1226818523
231,54995,2.5,1202065038
231,54997,3.5,1213825211
231,54999,4,1204611284
231,55020,2,1260378354
231,55052,3,1261897346
231,55080,3.5,1205078377
231,55094,3.5,1219082744
231,55205,3,1206449860
231,55247,3.5,1206254753
231,55255,3.5,1215543569
231,55261,3,1210096532
231,55267,4,1258911134
231,55269,2.5,1206254735
231,55276,2.5,1208977224
231,55288,3.5,1220814430
231,55363,3,1205556749
231,55577,2.5,1204126675
231,55732,3,1211458433
231,55765,3.5,1234294288
231,55820,3.5,1212432299
231,55908,4,1274369851
231,55995,3,1210186961
231,56003,2.5,1213825274
231,56145,3,1226818542
231,56156,3,1206254794
231,56174,3.5,1210787397
231,56286,1,1218214202
231,56333,2.5,1217957917
231,56367,4,1212432310
231,56389,2,1211458422
231,56587,3.5,1216840257
231,56607,3,1220696757
231,56782,2.5,1217006407
231,56788,4,1215543499
231,56801,3,1211631205
231,56885,3,1282973523
231,56941,3.5,1217957986
231,56949,2,1260378399
231,57147,2.5,1213825287
231,57326,1,1217355253
231,57368,3,1215543590
231,57401,3,1218214182
231,57528,3.5,1217268795
231,57532,1,1218952952
231,57640,3,1229769337
231,57669,3,1230980614
231,58025,3.5,1220982073
231,58047,3.5,1216130029
231,58078,3,1219082732
231,58103,3.5,1217957820
231,58156,2.5,1225639602
231,58162,2.5,1259871711
231,58293,2.5,1217006317
231,58295,4,1225639550
231,58297,3,1227557482
231,58315,2.5,1259250338
231,58376,4,1246982638
231,58559,3.5,1228934707
231,58937,2.5,1250105277
231,59014,2,1220696727
231,59016,3,1233384104
231,59118,3,1245266459
231,59126,3,1239304406
231,59141,2.5,1233945383
231,59273,2.5,1259480218
231,59315,4,1227643607
231,59369,3.5,1244281779
231,59404,3.5,1226818484
231,59501,3,1230980628
231,59594,2.5,1228675085
231,59615,3,1225639624
231,59709,3,1344965608
231,59725,3,1227643618
231,59784,3.5,1244281790
231,59900,2.5,1227903446
231,59908,2.5,1258911185
231,59910,3.5,1254943668
231,59985,3.5,1227557466
231,59995,3.5,1247241217
231,60037,3,1228934736
231,60040,3,1223053446
231,60069,3.5,1229630428
231,60072,3.5,1229453170
231,60074,3.5,1228071028
231,60286,3,1248466601
231,60461,3.5,1307999017
231,60647,3.5,1234591787
231,60684,5,1248588869
231,60753,4,1226818499
231,60756,2.5,1236281640
231,60758,3,1260293254
231,60937,3,1228244184
231,60943,3,1244744688
231,60950,4,1295297760
231,61024,2.5,1232726681
231,61026,4,1250705272
231,61132,2.5,1232726693
231,61167,4,1229838719
231,61248,3,1233673833
231,61319,2.5,1240430176
231,61323,3,1239285738
231,61350,2.5,1233673813
231,61401,2,1249797385
231,61465,3,1231528543
231,61697,2.5,1233673900
231,61705,3.5,1238078999
231,61729,3.5,1237355752
231,61986,3,1245695854
231,61991,2.5,1242757876
231,62250,2.5,1241911917
231,62374,4,1238000659
231,62394,2,1236192703
231,62434,3,1249933341
231,62577,3,1245711660
231,62792,3,1244571222
231,62956,2.5,1235674649
231,62999,3,1241287516
231,63033,3,1239120084
231,63062,2.5,1247502628
231,63072,3,1274215254
231,63082,4,1249732645
231,63113,3,1237142380
231,63131,3,1290186636
231,63189,2,1260902373
231,63481,3,1243960117
231,63859,2.5,1246902276
231,63992,3,1319320077
231,64034,3.5,1242244021
231,64197,1,1252781927
231,64231,2.5,1243879473
231,64236,3,1251616002
231,64497,3,1235502009
231,64511,2,1258301619
231,64575,4,1241911930
231,64614,4.5,1249912231
231,64620,3.5,1242856722
231,64716,3,1244281809
231,64839,3,1250777652
231,64957,3.5,1249732629
231,64969,2.5,1249069299
231,64983,3.5,1250777638
231,65037,3.5,1239133127
231,65126,3,1247512394
231,65130,4,1244579105
231,65216,3.5,1243353811
231,65225,3.5,1246982651
231,65243,3,1249069277
231,65514,2.5,1279907105
231,65682,3,1242151436
231,65685,2,1248591412
231,65772,2.5,1246636896
231,65982,3,1250705296
231,66097,3.5,1255444318
231,66156,3.5,1242151474
231,66198,2,1295814650
231,66200,3.5,1255621585
231,66203,3,1253815617
231,66297,4,1235157407
231,66691,3,1240430199
231,66798,2.5,1249797344
231,67193,2,1248372913
231,67197,3.5,1252523372
231,67267,3,1254499747
231,67295,3.5,1244281795
231,67408,3,1243535935
231,67839,3.5,1253558547
231,67997,3,1266765225
231,68073,3,1296391576
231,68135,3.5,1252336669
231,68157,3.5,1262504323
231,68159,3.5,1253028978
231,68237,3.5,1259787324
231,68263,3.5,1249797367
231,68319,3,1243786760
231,68358,3.5,1256227512
231,68444,3,1252355188
231,68486,3,1275500808
231,68511,4,1282973570
231,68552,4,1256051727
231,68554,3.5,1257852021
231,68650,3,1259787336
231,68685,3,1246996479
231,68791,3,1252215139
231,68793,2.5,1254251712
231,68848,2.5,1254943684
231,68952,3,1259480135
231,68954,3,1261220195
231,69122,3.5,1261310625
231,69131,2.5,1250610988
231,69481,4,1266765234
231,69526,3.5,1256366658
231,69604,3.5,1261420176
231,69640,3,1262120393
231,69757,3,1261220235
231,69818,2.5,1251123883
231,69844,3,1304887191
231,69951,2,1270651287
231,70206,2.5,1268854200
231,70286,3.5,1258911205
231,70336,2.5,1257195149
231,70599,3,1265527999
231,70708,2,1281558879
231,70970,2.5,1258056969
231,71108,2,1274369871
231,71135,3,1263927262
231,71254,3,1259394974
231,71450,4,1275500814
231,71464,2.5,1265145019
231,71468,4,1263496773
231,71484,2.5,1280072551
231,71520,3,1262762583
231,71530,3.5,1263242267
231,71535,3.5,1264840435
231,71579,4,1268076457
231,71745,3,1267729289
231,71838,3.5,1264695336
231,71899,3.5,1258301649
231,71910,3.5,1260902384
231,72011,3.5,1269879683
231,72165,3,1266940158
231,72171,3,1265650037
231,72308,2.5,1267809631
231,72367,2,1260378411
231,72380,3.5,1263408650
231,72407,2.5,1319320094
231,72605,3,1270651271
231,72630,2.5,1356356374
231,72641,4,1271169402
231,72701,3,1267729276
231,72720,2.5,1276107120
231,72733,4,1274636426
231,72741,3.5,1302197678
231,72762,2.5,1268413313
231,72919,2.5,1296487435
231,72998,4,1263242238
231,73015,3,1273944521
231,73017,3,1268549844
231,73023,3,1271775702
231,73268,3,1267729261
231,73319,3,1280072562
231,73321,3.5,1275500802
231,73431,2.5,1288281433
231,73860,3,1281716745
231,73929,3,1284129204
231,74154,2.5,1285518492
231,74156,3,1274215286
231,74275,3.5,1282231147
231,74416,2,1281558892
231,74452,2.5,1282748020
231,74458,3.5,1274982276
231,74504,4,1304616694
231,74545,3,1279966962
231,74624,3,1268681678
231,74685,3,1280262083
231,74789,3,1275587258
231,74795,3.5,1278144738
231,74944,3,1278547500
231,74948,3,1268854210
231,75395,2.5,1285693144
231,75805,2.5,1278258731
231,75985,3,1279907093
231,76093,3,1287245632
231,76175,3,1279626992
231,76251,4,1357027085
231,76763,3,1279821330
231,77201,2.5,1275414825
231,77540,3,1282053687
231,77561,3,1284269990
231,77800,2.5,1283968376
231,77866,3.5,1283798098
231,78034,3.5,1282231222
231,78105,3,1282471364
231,78174,3,1289510187
231,78218,3.5,1276953120
231,78266,2.5,1286110175
231,78316,3,1314205498
231,78349,3.5,1278308042
231,78467,3,1286894932
231,78469,3,1290099572
231,78574,3,1289331218
231,78637,3,1291359415
231,78655,2.5,1290272912
231,78772,2.5,1319320071
231,78893,2,1289136261
231,79057,3,1285704611
231,79132,4,1282973545
231,79139,3,1290525174
231,79185,3,1285776462
231,79242,3.5,1291653612
231,79259,2.5,1282318387
231,79293,3.5,1288020777
231,79357,4,1281159099
231,79536,3.5,1295992627
231,79695,2.5,1284788915
231,79796,3,1282231157
231,79895,2.5,1291359357
231,79897,3,1299104935
231,80126,3,1298140796
231,80219,3,1296391596
231,80398,3,1296391564
231,80463,3.5,1300919960
231,80489,3.5,1296853693
231,80551,2.5,1289664394
231,80590,3,1295907002
231,80693,3.5,1297696913
231,80779,2.5,1301507972
231,80831,2.5,1298311504
231,80917,4,1291359384
231,80969,4,1295992583
231,81018,2.5,1299609027
231,81083,2.5,1301420640
231,81229,4,1305149598
231,81385,2.5,1303309842
231,81512,3,1300225636
231,81516,2.5,1294774781
231,81562,4,1299780738
231,81564,3,1299341282
231,81591,2,1300126195
231,81639,3,1296508248
231,81731,3.5,1322386223
231,81786,2,1337890398
231,81788,3,1299447565
231,81834,2.5,1320953366
231,81845,3.5,1302812390
231,81847,3,1300225646
231,81932,3,1300225656
231,82041,2.5,1291359443
231,82095,3,1300126167
231,82167,2.5,1298229185
231,82378,3,1302533888
231,82459,3,1309378617
231,82461,3,1301420654
231,82463,4,1308393042
231,82527,3.5,1307998926
231,83270,3.5,1301602126
231,83302,3,1306435573
231,83349,2.5,1301839881
231,83369,3,1303408029
231,83374,3.5,1301839917
231,83450,2.5,1324057247
231,83480,2.5,1302293468
231,83613,3,1322599059
231,84152,3,1312741043
231,84392,3.5,1312226462
231,84395,2.5,1306347719
231,84601,3.5,1310678371
231,84615,2.5,1309378629
231,84732,2.5,1308391937
231,84772,3.5,1310135876
231,84855,2.5,1307115413
231,84942,2.5,1307641433
231,84954,3,1310557516
231,84980,3.5,1305956845
231,85020,3.5,1304282160
231,85022,2.5,1308667530
231,85025,2.5,1307299048
231,85056,2.5,1306093569
231,85131,3,1305956821
231,85213,3,1330465691
231,85397,2.5,1309544186
231,85414,3,1314813787
231,85510,3.5,1310392941
231,85881,3.5,1315043773
231,86142,3,1310135866
231,86332,3,1314909617
231,86412,4,1311618036
231,86548,3,1316274909
231,86606,2.5,1315416923
231,86833,3,1320214681
231,86880,3,1314305952
231,86882,3,1323448990
231,86911,4,1321978594
231,87192,2.5,1324133211
231,87222,3,1330975333
231,87232,3,1315154514
231,87298,2.5,1314205508
231,87304,3.5,1322599088
231,87306,3,1324138935
231,87430,3.5,1317837812
231,87435,2,1383599758
231,87520,3,1318271621
231,87522,3.5,1320583315
231,87608,3.5,1313430680
231,87792,2.5,1312306505
231,87869,3,1319133184
231,88118,3,1324133240
231,88125,3,1320953360
231,88129,3.5,1324320058
231,88140,2.5,1319033715
231,88163,4,1319905988
231,88179,4,1322060743
231,88235,3.5,1323154753
231,88672,4,1321390688
231,88699,3,1364224855
231,88744,3,1321178384
231,88810,4,1326643920
231,88812,3,1320953336
231,89039,2.5,1322599032
231,89085,3,1323714093
231,89190,2.5,1320778342
231,89470,3,1325615975
231,89492,3.5,1325839273
231,89745,3,1346351698
231,89753,3,1334164904
231,89774,3,1325701875
231,89864,3.5,1326739090
231,90057,2.5,1334164862
231,90071,3,1326993422
231,90249,3,1326038659
231,90310,3.5,1320214712
231,90345,3,1326993434
231,90403,3,1328821293
231,90405,3.5,1328212538
231,90439,3.5,1320214691
231,90522,2.5,1326644005
231,90531,2.5,1334483810
231,90645,3.5,1329329909
231,90719,3,1330975347
231,90746,3.5,1330465677
231,90866,3,1335549514
231,90868,3,1326644022
231,90888,3.5,1330187327
231,91077,4,1331315692
231,91126,2.5,1335549524
231,91325,3,1334425560
231,91483,3,1373819468
231,91485,4,1353006178
231,91500,3,1345657110
231,91529,3,1343412644
231,91535,3,1356356397
231,91542,3,1334956752
231,91571,2,1336807109
231,91630,3,1329163350
231,91658,4,1331315670
231,91673,3,1339181582
231,91890,3.5,1334164886
231,91972,2.5,1335692310
231,91974,3,1335635413
231,91976,3,1336412186
231,92192,3,1328821272
231,92198,3,1329496524
231,92243,2.5,1362504934
231,92420,3,1336199031
231,92507,4,1338818266
231,92665,2.5,1361814918
231,92694,4,1336412197
231,92938,3,1338927752
231,93297,3,1347794192
231,93326,3,1344965590
231,93363,2.5,1337890412
231,93510,3,1338581526
231,93563,2.5,1341860140
231,93740,3.5,1341604775
231,93764,3,1347794177
231,93803,2,1361205652
231,93805,2.5,1334600279
231,93831,3,1341431402
231,93840,3,1347305866
231,93855,4,1341342107
231,94015,2.5,1341263824
231,94018,2.5,1345832316
231,94150,2.5,1358089702
231,94266,3,1348778473
231,94323,3,1346956472
231,94471,3,1345832298
231,94558,2,1362505050
231,94677,2.5,1345832379
231,94777,3,1350623386
231,94780,3.5,1347990218
231,94864,3.5,1339426798
231,94896,2.5,1345832355
231,94931,3.5,1364395191
231,94959,2.5,1386698330
231,95058,2,1361471017
231,95105,4,1346351682
231,95135,2.5,1366214787
231,95207,3.5,1360257603
231,95309,4,1364395151
231,95441,3.5,1356981181
231,95510,2.5,1351626613
231,95567,3.5,1358089694
231,95583,3.5,1354732944
231,95690,2.5,1361814930
231,95761,2.5,1366214686
231,95804,3,1346876958
231,95873,4,1357311720
231,95875,2.5,1354732992
231,95939,3,1385649762
231,96079,3,1352403706
231,96110,3.5,1360612749
231,96200,2,1347794160
231,96252,3,1368211472
231,96407,2.5,1360612601
231,96417,3,1360257713
231,96430,2.5,1357830782
231,96467,2.5,1362080369
231,96606,3,1360612490
231,96610,3.5,1359494956
231,96616,3,1354732960
231,96655,3.5,1365095880
231,96693,3,1374168941
231,96700,2.5,1360612577
231,96728,2.5,1387212205
231,96737,3,1357027054
231,96811,4,1365794217
231,96909,2.5,1358880417
231,96964,3,1380821433
231,97304,3.5,1363721466
231,97306,2.5,1360612669
231,97858,2,1365095898
231,97860,2.5,1364926027
231,97895,2.5,1374168918
231,97913,4,1385649833
231,97921,2,1383060729
231,97938,3.5,1370107371
231,97946,2.5,1366214742
231,98017,3.5,1361205702
231,98054,3,1364395163
231,98056,2.5,1368211397
231,98154,3.5,1365016358
231,98279,2,1357370596
231,98296,2.5,1361814967
231,98585,3.5,1385998217
231,98629,4,1363721484
231,98809,4,1355776262
231,99112,3.5,1367860629
231,99114,3.5,1360612495
231,99117,2.5,1364925998
231,99574,3,1385229043
231,99728,3,1368211409
231,99910,3.5,1369751487
231,99912,3.5,1388873746
231,99957,4,1368468787
231,100093,2.5,1364224858
231,100108,3,1382643505
231,100159,2.5,1367603772
231,100163,2.5,1372618385
231,100302,3,1364149810
231,100326,2.5,1382726726
231,100356,3.5,1366214705
231,100383,2.5,1384876977
231,100498,2.5,1371137798
231,100714,4,1386698451
231,100810,2.5,1370684741
231,101076,3,1380132970
231,101137,4,1373474368
231,101362,5,1381167421
231,101527,3,1386698349
231,101864,3.5,1380821420
231,102125,3,1380821403
231,102278,2.5,1385229069
231,102407,3,1388432828
231,102445,3.5,1381167398
231,102686,2.5,1385998197
231,102880,2,1382382629
231,102903,4,1382382700
231,103042,3,1383839970
231,103137,2.5,1382469254
231,103141,4,1385998170
231,103228,3,1383599737
231,103253,3,1387479687
231,103335,3.5,1380132897
231,103384,3,1385392869
231,103727,2.5,1384892639
231,103772,3,1385909623
231,103810,3.5,1385909636
231,104241,4.5,1387479707
231,106489,4,1388432809
232,123,3,994265647
232,527,3,1031839566
232,590,3,1031839774
232,661,3,994265698
232,785,2,994265698
232,895,2,994265647
232,1059,3,994265698
232,1172,4,1031839843
232,1209,4,1031839774
232,1219,4,1031839566
232,1221,4,1031839843
232,1225,4,1031839874
232,1228,5,1031839874
232,1266,5,1031839726
232,1270,2,994265647
232,1282,4,1031839566
232,1283,4,1031839774
232,1367,3,1031839639
232,1945,4,1031839874
232,2023,4,994265698
232,2072,2,1031839639
232,2085,4,1031839639
232,2134,1,1031839566
232,3074,4,1031839726
232,3089,4,1031839874
232,3365,5,1031839964
232,3467,3,1031839726
232,3468,2,1031839874
232,3655,4,1031839819
232,3671,3,1031839774
232,3681,4,1031839774
232,3871,5,1031839774
232,3991,3,1031839639
232,4323,3,1031839726
232,4327,4,1031839726
232,4406,5,1031839774
232,4535,3,1031839726
232,4710,2,1031839774
232,5300,3,1031839726
232,5339,4,1031839819
233,903,2,1273773328
233,968,2.5,1273772556
233,1022,3,1273772537
233,1029,3,1273772540
233,1945,4,1273773171
233,1947,3.5,1273772549
233,2018,2.5,1273772580
233,2140,1.5,1273772561
233,2141,1.5,1273772621
233,2565,3,1273772653
233,2747,3,1273772680
233,3396,1.5,1273772576
233,3404,3.5,1273772742
233,3606,2.5,1273772859
233,4082,0.5,1273773443
233,6303,1.5,1273772768
233,8376,4,1273773374
233,8970,4,1273773122
233,27700,0.5,1273773421
233,30816,3.5,1273773355
233,48780,5,1273773107
233,55269,4,1273772760
233,58559,3.5,1273773225
233,63853,4,1273773306
233,64034,4.5,1273773137
233,68848,5,1273773081
233,71464,0.5,1273773432
233,71745,4.5,1273772951
233,72039,0.5,1273773428
233,72226,4.5,1273773155
233,72998,1,1273773316
234,1,4,1395613161
234,32,4.5,1387564231
234,39,4.5,1395356951
234,50,4.5,1387563968
234,223,3,1387588654
234,260,2.5,1387564017
234,296,4,1395613173
234,318,3.5,1395613350
234,364,4,1387564251
234,541,3.5,1387588976
234,588,3.5,1395356855
234,608,4,1395356851
234,745,3.5,1387564027
234,778,4.5,1387588818
234,919,4,1387588951
234,924,1,1387588723
234,1073,3.5,1387564306
234,1104,3.5,1389358261
234,1136,4,1387564047
234,1148,3.5,1387564025
234,1197,5,1387564049
234,1198,3.5,1387563999
234,1210,2,1387564220
234,1212,5,1387563990
234,1223,3.5,1387563331
234,1265,3.5,1395356893
234,1270,4,1387564240
234,1285,4.5,1387564346
234,1291,4,1395356903
234,1394,4,1387588289
234,1680,4,1387563344
234,1721,4,1387564263
234,1729,4,1387741863
234,2028,3.5,1395613526
234,2291,4,1387588493
234,2366,2.5,1387563352
234,2384,2,1387563391
234,2542,4,1389358654
234,2565,3,1387563441
234,2571,3.5,1387564013
234,2628,1,1387564299
234,2788,4,1387588934
234,2858,4.5,1387564043
234,2959,4,1387563995
234,3646,0.5,1387563519
234,3668,1.5,1387563482
234,3793,4,1395356943
234,3825,4,1395613254
234,3882,4,1395356523
234,3897,4.5,1387588601
234,3996,4.5,1387588821
234,4025,3.5,1395613361
234,4027,5,1387588415
234,4246,3.5,1395489162
234,4306,4,1387564291
234,4367,4,1395356237
234,4389,4.5,1396134386
234,4447,4.5,1389358619
234,4878,4,1395933637
234,4886,4,1387588781
234,4890,3.5,1387742073
234,4896,3.5,1387588596
234,4963,4,1387588650
234,4973,4.5,1387588586
234,4974,2,1391544227
234,4993,4.5,1387564073
234,5349,0.5,1387588105
234,5377,4,1391544174
234,5378,1,1387744224
234,5618,4,1387564002
234,5952,4,1395613188
234,5989,4.5,1387588635
234,6155,4,1389358539
234,6333,4,1387588583
234,6377,3.5,1395613413
234,6378,4,1389358586
234,6385,4.5,1387563454
234,6503,4.5,1387563434
234,6535,3,1395356516
234,6539,4,1395613179
234,6711,4,1387588566
234,6874,4.5,1387588408
234,6942,4,1395613182
234,7090,4,1395613216
234,7147,4.5,1395613433
234,7153,4.5,1387564060
234,7155,3,1387563607
234,7256,3.5,1395613308
234,7361,4,1387564103
234,7438,4,1395613130
234,7451,5,1387564181
234,7669,4,1395613176
234,8360,3.5,1395613336
234,8368,4,1395613221
234,8464,4,1395613320
234,8636,0.5,1387588108
234,8665,4,1387588630
234,8874,4,1395613166
234,8961,4,1395613133
234,8970,4,1395613223
234,8983,4.5,1387589369
234,26614,4,1389358600
234,27611,2.5,1387570272
234,31658,4,1387588373
234,32587,3.5,1395613332
234,33166,4,1395613252
234,33779,4.5,1395613227
234,33794,4,1387588732
234,37857,4.5,1395515114
234,40278,3.5,1387563498
234,40339,4,1387563656
234,40629,4,1387742318
234,40815,3.5,1387564366
234,40819,4.5,1387588221
234,41566,3.5,1387588872
234,44555,4,1387742325
234,45722,3,1395356997
234,46578,4,1395613201
234,48780,3.5,1387588480
234,49272,4,1387588358
234,50872,4,1387564400
234,51255,3.5,1395613400
234,52722,0.5,1387588111
234,54001,3.5,1387588833
234,54286,4.5,1387588637
234,54503,3.5,1395613316
234,55052,4.5,1395613439
234,55247,4,1387588465
234,55442,5,1387588766
234,55820,4,1395356100
234,56367,4.5,1387588549
234,58559,4,1395613247
234,59315,3.5,1387588346
234,59615,0.5,1387744208
234,59784,4,1387588757
234,60684,4.5,1387744567
234,63082,4.5,1387588539
234,66097,4,1389358418
234,66934,4.5,1395613135
234,69122,3.5,1389358677
234,69481,3.5,1387744374
234,69757,4,1391544107
234,69844,3.5,1387588830
234,71535,4,1395613139
234,72011,4,1396008502
234,72998,2.5,1387588263
234,73017,3,1387588484
234,76093,4,1387564370
234,76251,4,1387588210
234,78499,3.5,1395613306
234,78574,4.5,1395519009
234,80549,4,1395613229
234,80969,4,1395613531
234,81562,3.5,1387741878
234,81591,4,1395613137
234,81845,4,1387588515
234,82459,3.5,1395613299
234,85510,4.5,1395356166
234,86332,4,1387744390
234,87232,4,1395613143
234,88125,3.5,1395613409
234,88163,4,1387588141
234,89039,4.5,1395613441
234,89745,4,1387564328
234,89864,4,1395356334
234,91077,4.5,1395356416
234,91500,4.5,1395613390
234,91529,4,1387588436
234,95510,4,1395613277
234,96079,4,1387588392
234,96606,4,1395613169
234,96821,4,1387563716
234,97921,4,1395356351
234,98809,3.5,1395613406
234,99114,4.5,1387588361
234,100383,2.5,1387563872
234,103723,1,1387564187
234,105355,5,1396134188
234,105844,5,1395613288
234,106642,3.5,1395613243
234,106766,4.5,1395489099
234,106782,4,1395356140
234,106916,4,1395613266
234,107299,4,1387564129
234,109864,4.5,1395356302
234,109941,3,1395356683
235,1,3,1120019752
235,32,5,1120046690
235,39,3.5,1119986126
235,47,5,1120030716
235,70,5,1119984885
235,111,4.5,1120046820
235,165,3,1119985519
235,180,4.5,1120031997
235,208,1,1120046760
235,223,5,1120031985
235,247,5,1120048792
235,253,5,1119985539
235,260,5,1119985428
235,288,4,1120046795
235,296,5,1120019704
235,319,3.5,1120048702
235,337,4.5,1120046971
235,344,1,1119985547
235,377,2,1119985506
235,380,3.5,1120046658
235,441,5,1120033020
235,456,4,1120048633
235,471,5,1120047260
235,480,1.5,1120019713
235,541,5,1120031740
235,586,2,1120046801
235,587,1,1119985553
235,589,4.5,1119985380
235,592,3.5,1120046674
235,593,4,1120019707
235,597,3,1120046728
235,608,5,1119985400
235,708,3.5,1120046927
235,745,5,1119984969
235,778,5,1120032231
235,780,2.5,1120019746
235,784,4,1120047131
235,858,5,1120030572
235,903,4,1119984853
235,919,4.5,1120046850
235,924,3,1120046845
235,953,4,1120047240
235,1036,5,1119986116
235,1060,4.5,1120047650
235,1079,3.5,1120046888
235,1080,5,1119985738
235,1084,4,1119984905
235,1089,4.5,1120046910
235,1097,4,1119985563
235,1136,5,1119985531
235,1148,5,1119984847
235,1193,4.5,1120030734
235,1196,5,1119985542
235,1197,5,1120019871
235,1198,5,1119986001
235,1199,5,1120031737
235,1201,5,1119985529
235,1206,5,1120031943
235,1208,4.5,1120046977
235,1210,4,1119985752
235,1213,5,1120046874
235,1220,4,1120046952
235,1221,5,1119985990
235,1223,5,1120030582
235,1227,5,1120032267
235,1240,3.5,1120031749
235,1245,4.5,1120047570
235,1250,4,1119984830
235,1259,3,1120048479
235,1266,5,1119984806
235,1270,4,1120031796
235,1274,4,1120032316
235,1282,4,1119984912
235,1285,4.5,1119984918
235,1291,3,1119985421
235,1307,3,1119986014
235,1370,4.5,1120047151
235,1377,3.5,1119984897
235,1391,4,1120046169
235,1393,2.5,1120046840
235,1454,4,1120561867
235,1485,2,1120047162
235,1517,2.5,1120033160
235,1527,2,1120046863
235,1544,1,1120047197
235,1580,3,1120046779
235,1587,2.5,1120046361
235,1611,4,1120561386
235,1617,4,1120030728
235,1625,3.5,1119984790
235,1635,5,1120032669
235,1639,3.5,1120032010
235,1644,1.5,1119985638
235,1673,5,1119984824
235,1704,3.5,1120046870
235,1719,4,1120561408
235,1732,4,1120032694
235,1784,2,1120046902
235,1884,3.5,1120561394
235,1923,1,1119985721
235,1968,5,1120046893
235,2003,2,1119985985
235,2011,4,1119985448
235,2012,2,1120047098
235,2021,4,1120031836
235,2023,3,1120561949
235,2054,2,1120031876
235,2140,2.5,1120031762
235,2143,3,1120562043
235,2193,4.5,1120030964
235,2291,5,1120046190
235,2321,4.5,1120047275
235,2395,5,1119986023
235,2529,5,1120047301
235,2571,4,1120030550
235,2572,3,1119985624
235,2580,4,1120048618
235,2581,2.5,1120045929
235,2599,4,1119985995
235,2600,4.5,1120032362
235,2617,2,1120047155
235,2628,3,1120046790
235,2640,5,1119985980
235,2683,2,1120033167
235,2692,4,1120048417
235,2706,2,1120046960
235,2712,3,1120047183
235,2716,3.5,1120046815
235,2761,5,1120047484
235,2762,3,1120019831
235,2806,3.5,1120561554
235,2857,5,1120032113
235,2858,3,1120019949
235,2916,4,1120046944
235,2959,5,1120019903
235,2966,5,1120046011
235,2968,3,1120031756
235,2987,4,1120046914
235,2997,5,1120046835
235,3033,3,1120031821
235,3052,3,1119985369
235,3160,5,1119986009
235,3176,4,1120047271
235,3262,2,1120046027
235,3264,2.5,1120030652
235,3317,4,1120561772
235,3325,2,1120561549
235,3363,5,1120048811
235,3418,4,1119984890
235,3471,4,1119985439
235,3479,5,1120561626
235,3481,4.5,1120047178
235,3503,3,1120031966
235,3539,5,1120032100
235,3578,2,1120046854
235,3623,2,1120047284
235,3751,3,1120047145
235,3793,3.5,1119985373
235,3897,4,1120048501
235,3953,2,1120561531
235,3977,2.5,1120047290
235,3996,4,1120046967
235,4014,0.5,1119986153
235,4024,4,1120030631
235,4027,4,1119985410
235,4034,3,1120047234
235,4069,2,1120561331
235,4226,4,1120030521
235,4306,2.5,1119985365
235,4329,4.5,1120030997
235,4367,2.5,1119986170
235,4641,4.5,1120048786
235,4878,4.5,1120030722
235,4881,4,1120048767
235,4886,3,1119984841
235,4963,4,1120561956
235,4973,3.5,1120048404
235,4979,4,1120048782
235,4993,4.5,1120030526
235,5041,4,1120030977
235,5377,3.5,1120562401
235,5445,3.5,1119984796
235,5481,1.5,1120033157
235,5502,0.5,1119985599
235,5508,2.5,1120047834
235,5530,2,1120561480
235,5618,5,1120030588
235,5686,4,1120032567
235,5810,3.5,1120561309
235,5878,2,1120033304
235,5902,2,1120048520
235,5945,4,1120047733
235,5952,5,1120030517
235,5954,4,1120047556
235,5956,4.5,1120047699
235,5989,3.5,1120047684
235,6104,4,1120032293
235,6218,3.5,1120561303
235,6365,2,1120561316
235,6380,3,1120561787
235,6440,5,1120032186
235,6537,2,1119985585
235,6539,4,1120046215
235,6620,4.5,1120032234
235,6711,4,1120047564
235,6773,2,1120048821
235,6807,4,1120032334
235,6870,4,1120047578
235,6873,3.5,1120561485
235,6874,4,1120048445
235,6881,3.5,1120046404
235,6954,4,1120046358
235,6978,4.5,1120032032
235,6979,4,1119986210
235,7147,5,1119986114
235,7153,4.5,1119984942
235,7323,4,1120047654
235,7361,5,1120030568
235,7458,1,1120032593
235,7758,3.5,1120046304
235,8636,3,1120019891
235,8961,3,1119985041
235,8970,4,1120046203
235,8984,1.5,1120561976
235,30707,3.5,1120561458
235,32587,4.5,1120030534
235,33166,5,1120047639
235,33493,4,1120562228
235,33679,3,1120032635
236,1,5,993657096
236,11,4,993657413
236,22,3,993657710
236,25,4,993657365
236,32,4,993657505
236,39,4,993657206
236,47,5,993657642
236,50,5,993657627
236,81,4,993741268
236,110,5,993657566
236,175,3,993741189
236,180,2,993657195
236,223,5,993657119
236,246,5,993657298
236,288,3,993657601
236,293,2,993657005
236,296,5,993656979
236,318,5,993670533
236,322,4,993657237
236,356,4,993657080
236,377,4,993657591
236,431,4,993657654
236,440,3,993657119
236,441,5,993666212
236,449,3,993657145
236,471,2,993657276
236,480,4,993657521
236,493,5,993657668
236,527,5,993656979
236,541,4,993666399
236,551,5,993657145
236,562,4,993657119
236,570,5,993657164
236,589,3,993657505
236,593,5,993656979
236,608,5,993656979
236,635,3,993657221
236,748,1,993670672
236,858,5,993741215
236,912,5,1014135812
236,1036,4,993666492
236,1060,4,993657119
236,1061,4,993657682
236,1073,5,1014135771
236,1089,5,993657627
236,1097,4,993666547
236,1136,5,1010173066
236,1147,5,993741167
236,1189,3,993666436
236,1193,5,993656828
236,1197,3,993656798
236,1210,4,993666695
236,1213,5,993656979
236,1221,5,993666332
236,1222,5,993666436
236,1228,5,993666399
236,1231,4,993666399
236,1240,3,993666508
236,1242,4,993666467
236,1246,4,993666579
236,1257,4,993666547
236,1258,5,993657439
236,1265,3,993657096
236,1287,4,1014135729
236,1297,4,993666654
236,1307,4,993666174
236,1332,5,993657459
236,1347,4,993657459
236,1358,5,993657023
236,1393,5,993657387
236,1394,5,993666174
236,1396,5,993657682
236,1447,3,993657696
236,1464,2,993741341
236,1466,4,993657627
236,1500,3,993657237
236,1517,5,993657252
236,1580,4,993657540
236,1584,5,993657505
236,1617,5,993657627
236,1639,4,993657413
236,1641,4,993657080
236,1653,5,993657529
236,1704,5,993657005
236,1721,4,993657398
236,1729,4,993657654
236,1732,4,993657164
236,1784,5,993657195
236,1797,5,993657322
236,1923,4,993657145
236,1952,3,1014135712
236,1957,4,993666492
236,1968,4,993666174
236,1994,3,993657439
236,2000,4,993666579
236,2001,4,993666724
236,2003,4,993657474
236,2005,4,993741234
236,2023,2,993656851
236,2028,5,993657005
236,2076,4,993666436
236,2114,4,993666635
236,2118,3,993657459
236,2130,2,993666547
236,2174,2,993666654
236,2231,4,993657668
236,2321,4,993657276
236,2336,4,993656953
236,2359,5,993657145
236,2391,4,993657642
236,2395,4,993657145
236,2396,3,993657044
236,2423,5,993666706
236,2463,3,993666724
236,2501,5,993670639
236,2542,5,1010173008
236,2571,5,993657505
236,2712,3,995033202
236,2716,4,993657459
236,2791,4,993666593
236,2804,3,993666136
236,2858,4,993656953
236,2915,4,993666620
236,2916,3,993656828
236,2918,4,993666151
236,2959,4,993657023
236,2997,4,993657051
236,3019,3,993666467
236,3039,4,993666579
236,3052,3,993657237
236,3098,4,993666508
236,3101,4,993666675
236,3104,5,993666520
236,3147,5,993741296
236,3160,4,993670827
236,3201,5,1012237552
236,3210,5,993666174
236,3253,4,993657222
236,3317,4,993670621
236,3360,5,993666579
236,3361,3,993666478
236,3408,4,993670800
236,3527,4,993666620
236,3552,5,993666606
236,3578,5,993670800
236,3608,3,993666635
236,3868,3,993666606
236,3893,2,995033316
236,3897,4,993670743
236,3901,3,993658040
236,3911,3,993657925
236,3916,4,993741136
236,3948,5,993670849
236,3967,4,993657911
236,3969,3,994100159
236,3978,2,993657950
236,3987,4,993657950
236,3988,4,1010172938
236,3993,5,995033338
236,4002,5,993666151
236,4008,4,993666675
236,4011,5,1010173025
236,4014,4,1014135760
236,4019,5,993670785
236,4022,4,993657911
236,4027,5,993657911
236,4034,4,993657892
236,4066,4,993666547
236,4148,1,1000906309
236,4226,5,1014135712
236,4239,3,993656851
236,4306,5,1010172887
236,4310,3,1010173128
236,4326,5,993666508
236,4361,3,993666467
236,4369,2,1010172870
236,4616,4,1014135645
236,4641,3,1029356580
236,4718,3,999693909
236,4745,4,999693859
236,4866,2,1022619877
236,4901,4,1022619858
236,4963,4,1010500208
236,4969,3,1014135668
236,4975,5,1026243864
236,4995,5,1010500197
236,5009,4,1029356607
236,5010,3,1026243959
236,5015,4,1026243959
236,5064,4,1014135534
236,5288,5,1021053131
236,5364,3,1029356718
236,5388,4,1022619823
236,5445,4,1026243913
236,5528,3,1052853126
237,50,5,1499226562
237,593,4,1499226585
237,2762,4,1499226620
237,2959,4,1499226582
237,48780,4.5,1499226614
237,164179,4.5,1499226601
237,168252,4,1499226606
238,318,5,1496041991
239,1909,4,900898070
240,19,1.5,1063583232
240,151,3.5,1063583339
240,173,3,1063583332
240,368,2.5,1063583278
240,432,2,1063583330
240,442,2,1063583246
240,494,3.5,1063583270
240,594,3,1063583282
240,1079,3.5,1063583274
240,1183,1,1063583251
240,1259,3.5,1063583286
240,1527,4,1063583307
240,1968,4,1063583241
240,2355,2.5,1063583295
240,3578,5,1063583313
240,6539,4,1063583513
240,6565,4.5,1063583475
241,260,5,900705899
241,316,2,900706014
241,329,5,900706014
241,1097,5,900705899
241,1196,5,900705899
241,1210,5,900705899
241,1270,4,900705844
241,1356,5,900705844
241,1371,5,900705899
241,1372,4,900706064
241,1374,4,900705844
241,1375,4,900706064
241,1376,5,900706064
241,2011,4,900706126
241,2054,4,900706064
242,356,4,1418246644
242,589,3,1418228442
242,1198,3.5,1418232048
242,1240,3,1418228453
242,1537,3.5,1418231529
242,1682,4,1418246489
242,2571,5,1418231667
242,2959,5,1418228409
242,3578,5,1418225597
242,3793,3,1418225605
242,4306,3.5,1418225595
242,4886,4,1418225611
242,4993,3,1418225589
242,5349,4,1418225617
242,5952,3,1418225590
242,5989,5,1418228735
242,6016,5,1418228419
242,6377,4,1418225614
242,6539,4.5,1418225607
242,7254,5,1418246531
242,8961,3,1418225630
242,30707,5,1418229376
242,34162,3,1418228739
242,40629,3.5,1418231526
242,46578,4,1418229040
242,53972,3.5,1418229197
242,54001,4.5,1418246801
242,56174,4,1418228505
242,56367,3.5,1418231485
242,58559,4,1418225626
242,64034,5,1418231711
242,68157,5,1418246481
242,69122,4.5,1418229019
242,69757,4,1418231916
242,72998,3,1418246284
242,73321,4,1418231658
242,74458,5,1418246515
242,76251,2,1418246561
242,77561,4,1418228497
242,78499,3,1418228683
242,79132,5,1418228416
242,80463,4,1418246579
242,81834,4,1418246826
242,81845,5,1418228633
242,85774,5,1418228855
242,86332,4,1418228564
242,86882,3.5,1418231883
242,88140,3.5,1418228710
242,89745,5,1418228541
242,90403,3,1418246105
242,90647,3,1418246056
242,90866,3,1418245902
242,90890,3,1418245974
242,91104,1.5,1418245945
242,91485,5,1418238233
242,91500,4.5,1418245148
242,91529,4,1418244335
242,91630,4,1418228822
242,91653,2.5,1418245661
242,91658,4,1418245689
242,91671,3,1418245790
242,91831,1.5,1418245564
242,91890,3,1418245642
242,92422,1.5,1418245477
242,92509,4,1418245419
242,92938,3,1418245799
242,93270,5,1418245249
242,93272,3.5,1418245268
242,93510,4,1418245179
242,93766,3,1418245124
242,93831,4,1418245064
242,93840,2.5,1418245012
242,94015,3,1418245088
242,95105,3,1418244562
242,95441,3,1418244440
242,95449,4.5,1418244445
242,95510,4,1418228631
242,95543,3,1418244372
242,96283,3.5,1418244303
242,97304,5,1418237573
242,97913,4.5,1418229300
242,97923,4.5,1418237432
242,97938,5,1418237386
242,98809,4,1418237275
242,99112,4,1418237257
242,99114,5,1418228548
242,99149,5,1418237246
242,99912,2,1418237144
242,100169,2,1418244732
242,100356,4,1418244721
242,100383,4,1418237009
242,100487,3,1418246748
242,101142,4.5,1418236861
242,101922,2.5,1418244479
242,102125,4,1418228568
242,102481,3,1418236411
242,102686,4,1418236480
242,102716,4,1418236491
242,102903,4.5,1418236434
242,103042,4,1418236372
242,103141,4,1418228978
242,103228,4,1418236197
242,103253,4.5,1418236084
242,103335,4.5,1418236304
242,103772,4,1418236146
242,103810,4,1418236166
242,104074,3.5,1418236091
242,104211,4,1418236097
242,104218,4,1418236201
242,104241,3,1418236025
242,104243,4,1418235908
242,104303,4,1418236028
242,104841,2.5,1418246334
242,105213,3.5,1418235688
242,105620,2.5,1418235693
242,105731,2.5,1418235493
242,106002,5,1418235373
242,106062,2.5,1418235429
242,106100,5,1418229179
242,106330,4.5,1418235395
242,106487,4.5,1418235110
242,106489,4,1418234866
242,106696,4,1418235132
242,106782,5,1418234801
242,107953,5,1418236827
242,107982,0.5,1418245754
242,108190,4.5,1418234333
242,109487,5,1418246849
242,109578,3.5,1418246600
242,109673,2.5,1418234438
242,109941,4,1418245300
242,109945,4,1418235436
242,109947,5,1418236342
242,110102,4,1418229298
242,110553,4,1418233007
242,110603,5,1418234337
242,110655,4,1418233189
242,110730,5,1418233089
242,111362,4,1418225646
242,111364,2.5,1418232898
242,111659,5,1418232846
242,111921,4,1418232924
242,112006,3.5,1418245556
242,112175,4.5,1418232810
242,112370,3.5,1418232777
242,112852,3,1418225642
242,112897,5,1418232584
242,113112,2.5,1418232727
242,114180,4.5,1418232472
242,115071,2.5,1418232839
242,116779,4,1418232488
242,116823,5,1418232203
243,1015,4,1337746031
243,1537,3.5,1337745979
243,2137,4.5,1337745881
243,2384,3,1337745900
243,2942,4,1337746002
243,3157,3,1337745941
244,303,4,1233540831
244,372,3,1233540675
244,531,4,1233540749
244,1029,3,1233540650
244,1042,3.5,1233540671
244,1347,3,1233540793
244,1967,4.5,1233540739
244,2108,4,1233540775
244,2140,4.5,1233540753
244,2145,4,1233540798
244,2605,4.5,1233540695
244,2881,4,1233540735
244,2915,4.5,1233540714
244,2968,4,1233540662
244,3107,3,1233540766
244,3361,4,1233540780
244,4361,4,1233540731
245,17,4.5,1389670446
245,260,4,1389670286
245,344,4.5,1389670304
245,356,3,1389670430
245,500,3.5,1389670322
245,648,4,1389670313
245,837,4.5,1389669732
245,912,4,1389670016
245,1029,3,1389669666
245,1197,5,1389670091
245,1198,4,1389670052
245,1285,3.5,1389670712
245,1296,4.5,1389670479
245,1721,5,1389670320
245,2078,4,1389669675
245,2144,4,1389669679
245,2146,4,1389669817
245,2248,4.5,1389670443
245,2394,4,1389669712
245,2399,4,1389669939
245,2428,4,1389669723
245,2720,3.5,1389669770
245,2959,4,1389670057
245,3791,4.5,1389669795
245,3793,4,1389670508
245,4890,3.5,1389669756
245,4896,5,1389670501
245,4993,5,1389670104
245,5349,4,1389670506
245,5419,4,1389669875
245,5816,5,1389670642
245,5952,5,1389670158
245,5970,4.5,1389669907
245,6333,4,1389670510
245,6377,2,1389670530
245,6539,4.5,1389670523
245,7153,5,1389670106
245,8368,5,1389670499
245,40815,5,1389670497
245,41566,5,1389670703
245,45722,4.5,1389670717
245,54001,5,1389670706
245,58559,4,1389670045
245,66934,4,1389670143
245,69844,5,1389670705
245,79132,4.5,1389670079
245,81834,5,1389670711
245,81845,4.5,1389670220
245,87232,4.5,1389669840
245,88125,5,1389670724
245,88163,4,1389669932
245,96821,4,1389670425
245,98809,4.5,1389670515
246,232,4.5,1180560907
246,296,3.5,1180561208
246,342,4,1180561289
246,345,3.5,1180560768
246,356,3,1180561175
246,357,3.5,1180561301
246,500,3.5,1180561353
246,531,3,1180560915
246,539,3.5,1180561363
246,914,3,1180560831
246,1080,4,1180561121
246,1136,4,1180561178
246,1188,3,1180560863
246,1197,4,1180561186
246,1220,3,1180561242
246,1230,2.5,1180561259
246,1249,4,1180560840
246,1265,4,1180561244
246,1270,3,1180561248
246,1282,3,1180560781
246,1373,2.5,1180560918
246,1391,3,1180561150
246,1517,3.5,1180561131
246,1690,3,1180560803
246,1784,4,1180561299
246,1968,3,1180561251
246,1994,3,1180560858
246,2020,3.5,1180560888
246,2174,3,1180561285
246,2393,3,1180560900
246,2683,3.5,1180561134
246,2700,3,1180561115
246,2706,3,1180561329
246,2716,3,1180561270
246,2890,3,1180560791
246,2918,3,1180561211
246,2972,3.5,1180561438
246,3108,4,1180560892
246,3175,3.5,1180561108
246,3253,3,1180561294
246,3702,3,1180560896
246,3948,3.5,1180561349
246,4246,2.5,1180561313
246,5218,3,1180561324
246,5481,3,1180561126
246,6539,3,1180561236
246,6944,3,1180561333
246,8874,4,1180561112
246,31878,4.5,1180561193
246,33615,3.5,1180561345
246,34162,4,1180561321
246,34405,4.5,1180561484
246,45722,3,1180561357
246,49961,3.5,1180561607
246,51255,4,1180561058
247,260,4.5,1479065532
247,318,4,1479065403
247,356,3.5,1479065745
247,364,4,1481415541
247,586,4,1481416610
247,593,4,1479065556
247,858,4,1481416278
247,1196,4.5,1479065425
247,1210,4.5,1479065591
247,1527,3,1481415578
247,1721,5,1489847827
247,1722,3.5,1481416193
247,2273,4.5,1481416137
247,2571,4,1479065410
247,2628,5,1481415216
247,2953,4.5,1481416606
247,2959,4,1479065570
247,3147,4,1481415752
247,3949,3.5,1479065742
247,4226,4,1479515578
247,4369,4,1481415728
247,4643,4,1481415776
247,4896,5,1479065655
247,4993,4.5,1479065517
247,4995,4,1479147703
247,5378,5,1479147774
247,5816,5,1481416488
247,5952,4.5,1479065512
247,5995,3,1479065813
247,6539,4,1489951572
247,6874,4,1479065648
247,7153,4,1479065418
247,7254,4.5,1479066273
247,7438,4,1479147682
247,8368,4.5,1479147817
247,33493,5,1479065754
247,33794,5,1479147678
247,40815,4.5,1479148028
247,45447,4,1479066335
247,48516,4,1479162580
247,48780,4.5,1481415069
247,49272,5,1479147840
247,54001,4.5,1479148124
247,58559,5,1479065368
247,59315,3.5,1479147972
247,63113,4,1481415929
247,68554,3.5,1479065960
247,69844,4.5,1479065621
247,72998,4,1479065619
247,74458,4,1490038329
247,79132,4.5,1479065524
247,80463,4.5,1481416363
247,81834,4.5,1479065605
247,88125,4.5,1481416466
247,89745,3.5,1481415630
247,91529,5,1479065450
247,92259,4,1490038588
247,96079,4.5,1481415821
247,103454,4.5,1481419635
247,106489,4,1481415660
247,109487,5,1481415080
247,112552,3.5,1479065817
247,122886,4.5,1481415179
247,134130,4,1479148260
247,136020,4.5,1481416083
247,139385,4,1489993408
247,166528,4.5,1489847939
247,168366,3.5,1489847807
248,25,5,860363308
248,32,4,860363308
248,36,5,860363344
248,47,5,860364111
248,62,3,860363308
248,141,3,860363308
248,260,5,860363372
248,296,3,860364110
248,590,5,860364110
248,593,5,860364111
248,608,5,860363344
248,628,4,860363405
248,637,1,860363405
248,708,5,860363373
248,733,3,860363344
248,736,3,860363308
248,780,1,860363308
248,788,3,860363373
248,802,4,860363405
248,837,3,860363542
248,852,4,860363428
248,1120,5,860363609
248,1183,5,860363500
248,1198,4,860364166
248,1204,5,860363809
248,1210,4,860363447
248,1233,5,860363716
248,1409,3,860363587
249,50,4,1265112825
249,318,4.5,1265112693
249,527,2.5,1265112848
249,836,4,1265111496
249,858,4.5,1265112804
249,1203,4.5,1265112486
249,1291,4,1265114131
249,2115,4,1265114128
249,2232,4,1265112668
249,2329,2.5,1265112965
249,2383,2,1265111737
249,2409,2,1265111487
249,2571,4,1265112567
249,3146,2.5,1265111646
249,4161,4,1265111576
249,4226,4,1265113333
249,5092,2.5,1265112093
249,5445,4,1265113724
249,6365,4,1265112563
249,6373,3.5,1265114204
249,6934,4,1265112566
249,7323,4,1265114093
249,8581,4,1265113946
249,8866,3,1265111941
249,8912,3,1265112248
249,8977,3,1265113878
249,26614,3.5,1265113014
249,27482,4,1265112670
249,32213,4,1265112672
249,33004,4,1265112717
249,43396,4,1265113810
249,47200,4,1265114379
249,52604,4,1265111928
249,53460,3.5,1265112289
249,55768,4,1265112169
249,56587,4,1265114001
249,58559,4,1265112943
249,59615,3.5,1265114139
249,59709,3.5,1265112924
249,59784,3.5,1265113865
249,60069,3,1265112739
249,60072,3.5,1265113896
249,62849,3,1265112099
249,63992,2,1265114050
249,68205,4,1265114377
249,68237,3.5,1265112044
249,68319,4,1265114455
249,68358,4,1265114258
249,68954,3,1265112993
249,71057,3.5,1265112733
249,72011,3,1265112334
249,72407,2,1265114047
249,72641,3.5,1265113912
249,73017,4.5,1265112268
249,73854,2.5,1265113758
250,1,4,995419913
250,3,4,995420855
250,5,3,995420603
250,11,4,995421649
250,34,4,995420049
250,38,3,995421059
250,39,4,995419282
250,50,2,995421934
250,110,4,995418969
250,141,5,995420189
250,150,3,995418908
250,218,4,995420708
250,260,5,995421502
250,276,3,995420900
250,318,3,995421914
250,333,4,995420579
250,349,4,995419152
250,356,5,995419037
250,357,3,995419186
250,377,4,995419061
250,380,3,995420210
250,437,3,995421207
250,440,4,995420071
250,450,4,995420359
250,454,4,995419129
250,466,3,995420645
250,489,3,995420822
250,500,3,995420289
250,520,4,995420855
250,524,4,995419152
250,529,4,995418930
250,539,4,995420239
250,586,5,995420444
250,587,4,995420177
250,588,5,995420049
250,589,4,995418908
250,590,4,995419037
250,592,4,995419815
250,597,4,995419092
250,719,3,995420528
250,858,4,995418733
250,912,4,995417697
250,953,5,995421829
250,1007,5,995420855
250,1020,4,995420490
250,1021,4,995417807
250,1036,4,995419728
250,1042,3,995420455
250,1073,4,995420082
250,1092,4,995419247
250,1097,5,995419389
250,1125,4,995420289
250,1136,4,995421892
250,1196,5,995419376
250,1198,4,995419376
250,1207,4,995421971
250,1210,5,995419466
250,1230,4,995417714
250,1240,4,995419416
250,1242,5,995419405
250,1265,3,995418950
250,1270,4,995419746
250,1291,4,995419757
250,1292,5,995419896
250,1293,4,995419466
250,1297,5,995419815
250,1302,5,995419493
250,1387,5,995421502
250,1393,4,995421649
250,1396,4,995419110
250,1517,5,995420136
250,1642,4,995420167
250,1680,3,995419163
250,1682,5,995419300
250,1777,4,995419259
250,1784,4,995420049
250,1863,1,995420717
250,1914,3,995419977
250,1923,4,995420099
250,1954,5,995421524
250,1956,3,995419554
250,2011,4,995419665
250,2016,4,995421026
250,2028,5,995418870
250,2054,4,995420501
250,2064,4,995419601
250,2082,4,995417794
250,2108,3,995419201
250,2115,1,995419601
250,2133,4,995420444
250,2249,2,995420467
250,2265,1,995421113
250,2302,4,995420015
250,2324,4,995418997
250,2335,4,995420666
250,2353,4,995419018
250,2378,3,995420654
250,2396,3,995418889
250,2420,5,995419629
250,2424,3,995420198
250,2431,4,995420795
250,2470,5,995420349
250,2471,4,995420910
250,2478,2,995420511
250,2571,5,995419007
250,2683,2,995420467
250,2699,4,995420426
250,2706,3,995419961
250,2762,5,995418830
250,2791,4,995419477
250,2797,5,995419477
250,2798,2,995421127
250,2809,4,995420823
250,2829,2,995417836
250,2858,4,995418775
250,2916,4,995419201
250,2918,5,995419405
250,2953,4,995420932
250,3006,5,995418830
250,3033,4,995420377
250,3039,3,995419506
250,3098,5,995419735
250,3100,3,995419110
250,3105,4,995418859
250,3243,3,995420795
250,3247,4,995420603
250,3248,1,995421080
250,3253,4,995420349
250,3254,3,995420686
250,3255,4,995420167
250,3263,3,995420414
250,3264,4,995420677
250,3360,5,995419441
250,3387,4,995420795
250,3418,5,995419037
250,3450,4,995420552
250,3471,4,995421511
250,3552,4,995419642
250,3669,2,995420779
250,3671,4,995421525
250,3753,3,995421399
250,3809,3,995418803
250,3996,5,995421281
250,4002,4,995420120
250,4018,3,995421305
250,4034,5,995421281
250,4040,3,995420924
250,4121,4,995420308
250,4291,5,995420275
250,4310,4,995421443
250,4321,4,995419247
250,4361,5,995419698
250,4447,4,995419977
250,4489,5,995419652
250,4509,3,995420501
250,4520,3,995421059
250,4545,4,995420414
250,4558,4,995420734
250,4571,2,995419554
250,4621,4,995420579
250,4623,5,995419629
250,4663,4,995420986
250,4676,3,995421222
250,4679,3,995420239
251,1,3,1054832668
251,6,4,1054058314
251,16,4,1054058331
251,18,2.5,1054058714
251,25,3.5,1055002716
251,32,4,1057463630
251,44,2.5,1055006221
251,47,4.5,1054058240
251,50,5,1057463408
251,70,2.5,1054058711
251,81,2,1054833720
251,95,3,1054058626
251,111,3,1055010202
251,150,2.5,1054833294
251,153,2,1054832871
251,158,2.5,1054057616
251,160,2,1054831463
251,165,3,1054058456
251,172,2,1054058915
251,173,2,1054831542
251,196,3,1054831434
251,198,3.5,1054831029
251,208,2.5,1055005961
251,225,3,1054058669
251,253,3.5,1054833813
251,260,3.5,1055004088
251,273,2.5,1054833855
251,280,4,1054058297
251,288,3.5,1054058724
251,296,3.5,1054833651
251,316,3,1054831243
251,344,2,1054833102
251,345,2.5,1054057642
251,353,2,1054058304
251,356,4,1054831706
251,364,3,1055007424
251,367,2,1054833760
251,370,2.5,1054833308
251,377,2.5,1054058439
251,380,3,1054832229
251,390,2.5,1054832464
251,428,3.5,1055019249
251,431,3,1054833673
251,434,3,1054833771
251,435,2,1054831597
251,442,2,1054831458
251,457,3,1054058318
251,480,2.5,1055004511
251,482,2,1054058515
251,485,2.5,1055006201
251,507,2.5,1055004579
251,511,2.5,1055005782
251,517,3,1055004654
251,519,1.5,1054058994
251,527,4,1054831756
251,533,1.5,1055006219
251,541,4,1054831013
251,546,2,1054830851
251,551,3,1054832523
251,586,2.5,1054833071
251,587,2.5,1054058482
251,589,3.5,1054058320
251,590,3.5,1054830591
251,592,2,1055004478
251,593,3.5,1054058350
251,595,2.5,1055007461
251,596,3,1054057629
251,597,3,1054832294
251,616,3,1055007491
251,618,3,1054059311
251,648,2.5,1055002453
251,674,3.5,1054831315
251,733,3.5,1054058311
251,736,2,1054058702
251,750,3,1054830995
251,762,1,1054057635
251,778,4,1055009196
251,780,1.5,1054831224
251,782,2.5,1054058887
251,786,3,1054058655
251,788,2.5,1054831297
251,802,4,1055002546
251,836,2,1054834794
251,849,1.5,1054058923
251,858,4,1055004394
251,866,2,1054058337
251,879,2.5,1054833872
251,880,3,1054059002
251,924,3.5,1054831005
251,953,2.5,1054057619
251,965,3,1055019060
251,968,2.5,1054831115
251,1027,3,1058150154
251,1036,3,1055004544
251,1037,2,1054058893
251,1061,3.5,1054833642
251,1078,3,1054831909
251,1089,3.5,1054058403
251,1092,3.5,1054058488
251,1097,2,1054831188
251,1101,2,1055004514
251,1120,2,1054830604
251,1127,3.5,1054830933
251,1175,2.5,1054831000
251,1183,3,1054831963
251,1193,4.5,1057463463
251,1196,3.5,1054831728
251,1198,4.5,1055004418
251,1200,4,1055004444
251,1201,4,1054057697
251,1206,4,1054831010
251,1208,3.5,1054831751
251,1210,2.5,1054831947
251,1213,3.5,1054833649
251,1214,4,1054830946
251,1215,2.5,1054830557
251,1219,4,1055012640
251,1221,3.5,1055004401
251,1227,4,1055438886
251,1234,3.5,1055007546
251,1240,3.5,1054830966
251,1250,3.5,1054832022
251,1258,4,1055012709
251,1270,3,1054831104
251,1273,2.5,1055017140
251,1275,2.5,1055004397
251,1277,3,1055002765
251,1278,4,1054832075
251,1291,4,1055004556
251,1320,2,1054831425
251,1321,3,1055438894
251,1333,3,1055012703
251,1339,3.5,1054833852
251,1343,4,1054058331
251,1348,3,1055012688
251,1355,3.5,1054058547
251,1370,3,1054058467
251,1372,2,1054057668
251,1377,2,1055006120
251,1385,2.5,1055005724
251,1387,3,1055004598
251,1389,2,1054830831
251,1391,2.5,1054831284
251,1393,3.5,1055002564
251,1396,4,1054830941
251,1409,3,1055002902
251,1438,2,1054058927
251,1466,2.5,1054833684
251,1476,2,1055515224
251,1479,2,1054058674
251,1480,3,1054058496
251,1485,2.5,1054833105
251,1499,1.5,1054058998
251,1503,3,1068401323
251,1515,2,1055515272
251,1517,2,1054832422
251,1527,3.5,1054830971
251,1544,2,1054058782
251,1552,2,1054058699
251,1562,2,1055007066
251,1573,2.5,1054058486
251,1580,3.5,1054830483
251,1584,3,1055009561
251,1586,3,1054831809
251,1587,2.5,1055005706
251,1589,2.5,1054833709
251,1591,2,1054058877
251,1603,2.5,1054058751
251,1608,3,1054058555
251,1609,2,1055515294
251,1610,3.5,1054058367
251,1616,2.5,1054058776
251,1617,4,1054058418
251,1619,3,1054059254
251,1625,3.5,1064597948
251,1627,3,1054833657
251,1631,2.5,1055515440
251,1641,3.5,1055515368
251,1645,4,1054058600
251,1653,3.5,1055018800
251,1667,3,1055006189
251,1672,4,1055009162
251,1676,1.5,1054831267
251,1680,3.5,1055002685
251,1682,3,1055009629
251,1686,3,1055515514
251,1687,3,1054058584
251,1690,2,1054831428
251,1711,2.5,1054832929
251,1721,2,1063822436
251,1729,2.5,1054833685
251,1732,3.5,1054058397
251,1747,3,1055018860
251,1748,3.5,1054058507
251,1752,2,1054834788
251,1762,2.5,1054831354
251,1769,2.5,1055515586
251,1779,2.5,1054058826
251,1792,2.5,1055004698
251,1805,3.5,1055002424
251,1831,2,1054058962
251,1835,3,1055002893
251,1876,2,1054057694
251,1882,2.5,1055006153
251,1884,3,1054832280
251,1892,4,1054058614
251,1894,2,1055007055
251,1909,1.5,1057463731
251,1912,3,1055004604
251,1917,2,1054058830
251,1918,2.5,1054832868
251,1920,2.5,1054831813
251,1923,3.5,1055009550
251,1954,3,1055004535
251,1961,4,1079308054
251,1963,4,1054832820
251,1994,3,1055010063
251,1997,3,1055012668
251,2000,3,1054832352
251,2001,3,1054057699
251,2002,3,1054832886
251,2003,2.5,1054833094
251,2005,3,1055004167
251,2011,3,1054831264
251,2012,3,1054831237
251,2021,3,1055004181
251,2023,3,1055004456
251,2028,3,1055004427
251,2034,2.5,1054831484
251,2054,1.5,1054057648
251,2058,3.5,1054058567
251,2065,2.5,1054832645
251,2085,3,1055007465
251,2094,2.5,1054831561
251,2100,3,1054057665
251,2105,2.5,1054831311
251,2115,3,1055004381
251,2126,2.5,1054058821
251,2136,2.5,1054833059
251,2143,2.5,1055004135
251,2153,1.5,1055006172
251,2167,2,1054833849
251,2174,2,1054832409
251,2188,3,1055003661
251,2193,2,1055004194
251,2194,2.5,1055004533
251,2232,2,1054058573
251,2239,4,1055003674
251,2253,2,1055004360
251,2273,3,1054058603
251,2278,2.5,1054058617
251,2279,2,1054058866
251,2288,3.5,1054831055
251,2294,2,1055007477
251,2301,3.5,1058489092
251,2302,3,1054057657
251,2311,3,1055002466
251,2329,2,1087495625
251,2340,4,1064597920
251,2353,3,1054058530
251,2355,3,1054830572
251,2366,3,1055004594
251,2367,3,1055004639
251,2378,2.5,1054832876
251,2387,2.5,1054832879
251,2389,2,1054058862
251,2396,2.5,1054832729
251,2402,2,1054831799
251,2404,1.5,1054831802
251,2407,2,1054831051
251,2409,3,1055004453
251,2414,3,1055002427
251,2424,2.5,1054832981
251,2427,2.5,1054831827
251,2431,2.5,1054832859
251,2448,2.5,1054831614
251,2450,1.5,1054831506
251,2455,3.5,1054831091
251,2467,4,1055002402
251,2470,1.5,1054833029
251,2471,2.5,1055007061
251,2474,2,1055010080
251,2490,3,1054058588
251,2505,2,1054058734
251,2529,4,1054057661
251,2530,4,1054831516
251,2531,4,1054831501
251,2532,4,1054831525
251,2533,4,1054831527
251,2539,3,1054833086
251,2542,4,1054058390
251,2571,3.5,1067188251
251,2593,3,1054832593
251,2600,1.5,1054058644
251,2605,2,1054058636
251,2616,2,1054833774
251,2617,2,1054057654
251,2628,2,1054831218
251,2640,3,1054831084
251,2641,2.5,1054831546
251,2642,2.5,1054831479
251,2657,3.5,1054831348
251,2672,2.5,1054058754
251,2683,2,1054833027
251,2688,3,1054834628
251,2691,4,1055018703
251,2694,3,1063822469
251,2699,2.5,1054059018
251,2701,2,1054831404
251,2706,3,1055438907
251,2707,3,1054058591
251,2710,2,1054833832
251,2712,3,1055009475
251,2713,2.5,1054833893
251,2716,2.5,1054832541
251,2745,3.5,1054830646
251,2747,2,1054830772
251,2761,2.5,1065303999
251,2762,4,1054058246
251,2765,1.5,1054832338
251,2797,3,1055004146
251,2804,2.5,1054057646
251,2819,4,1055006402
251,2826,2.5,1054058720
251,2827,3.5,1054058983
251,2840,3,1054058742
251,2858,2.5,1054832123
251,2890,3,1054831953
251,2916,2.5,1054058535
251,2942,2.5,1055003511
251,2944,3.5,1054831923
251,2951,4.5,1057463439
251,2959,5,1057463395
251,2970,3.5,1055006907
251,2985,3.5,1054831337
251,2986,2,1054831534
251,2997,3,1054832129
251,3005,2,1054058639
251,3015,3.5,1055019004
251,3033,2,1054831041
251,3034,3,1055007440
251,3062,3.5,1055004615
251,3081,2,1054833821
251,3083,2,1058488604
251,3101,4,1054057681
251,3108,2.5,1055002677
251,3113,2,1054058841
251,3114,2.5,1054832098
251,3147,4,1054058359
251,3155,3,1055009458
251,3160,2.5,1055018725
251,3162,1.5,1065566935
251,3173,3.5,1055011611
251,3175,2,1054831128
251,3176,2,1054058541
251,3180,3.5,1055018686
251,3181,3,1055009659
251,3186,2,1055009470
251,3204,3.5,1055011527
251,3253,2,1055009488
251,3263,3,1055018844
251,3275,2.5,1054832047
251,3316,2,1061290272
251,3328,1,1055007612
251,3342,3.5,1055019190
251,3354,2,1054831230
251,3355,2,1055008277
251,3362,4,1055019042
251,3386,2.5,1055002165
251,3408,3.5,1055008091
251,3409,1.5,1054057965
251,3418,4,1054057705
251,3448,2.5,1055010147
251,3471,3,1054831171
251,3479,3,1055004074
251,3481,3,1055008192
251,3484,1.5,1055008602
251,3498,4.5,1057463451
251,3499,4,1054833825
251,3504,3.5,1055018648
251,3510,4,1054057879
251,3513,4,1054058044
251,3527,3,1054831038
251,3535,4,1054058022
251,3551,4,1055011775
251,3566,1.5,1054832329
251,3578,4,1055004449
251,3623,2.5,1055004656
251,3638,3,1055004660
251,3649,3,1055438916
251,3671,3.5,1058489053
251,3681,4,1055003959
251,3684,3,1055003449
251,3697,3,1054058767
251,3698,2.5,1054831249
251,3702,1,1055013292
251,3706,3,1055019319
251,3717,2,1055004647
251,3735,3.5,1055007661
251,3740,2.5,1055005690
251,3744,2.5,1055005703
251,3751,1,1054832628
251,3752,2.5,1054832977
251,3753,3,1054832007
251,3755,3,1054058018
251,3769,3.5,1055018811
251,3793,2.5,1054830977
251,3798,2.5,1055008247
251,3825,2.5,1055008603
251,3826,3,1054058145
251,3827,2,1054831241
251,3863,3.5,1054058075
251,3868,3.5,1054832495
251,3869,2.5,1054833192
251,3879,2,1055005948
251,3895,1.5,1054058154
251,3906,3.5,1055003766
251,3937,2.5,1054831306
251,3946,1,1055006338
251,3959,3.5,1054831150
251,3968,2.5,1055018711
251,3977,1.5,1054830729
251,3981,2,1055006118
251,3986,2.5,1054831473
251,3994,4,1054057893
251,3996,2,1055004416
251,3997,1.5,1055004205
251,3999,2.5,1055006135
251,4011,4.5,1054057929
251,4018,2.5,1054832940
251,4022,3,1054057690
251,4030,2.5,1055009030
251,4033,3,1054831970
251,4034,2,1055007973
251,4036,2.5,1055003736
251,4041,3,1055002572
251,4053,2.5,1055006270
251,4084,3,1055004664
251,4085,2.5,1054832393
251,4146,2.5,1055003189
251,4148,4,1054058081
251,4159,3.5,1055005716
251,4167,3,1054058065
251,4203,1,1055006193
251,4226,5,1054057774
251,4262,4,1055004375
251,4270,2,1055004689
251,4275,2.5,1054831549
251,4305,2.5,1055008675
251,4306,2.5,1055004064
251,4308,2.5,1055008100
251,4326,3.5,1055007584
251,4327,3.5,1055003942
251,4336,3.5,1057463460
251,4343,2.5,1054831254
251,4344,3,1055004627
251,4351,3,1055005733
251,4361,3.5,1055002779
251,4370,3,1054831023
251,4396,2.5,1054833109
251,4446,2,1054831258
251,4448,2.5,1055004471
251,4467,3,1055004104
251,4488,3,1055004482
251,4506,3.5,1055002158
251,4508,3,1055010134
251,4553,3,1055010144
251,4557,3,1055018823
251,4572,3.5,1055004680
251,4574,1.5,1055006209
251,4587,2,1054831509
251,4594,2.5,1054831834
251,4621,2,1054832990
251,4638,1.5,1054831431
251,4643,3,1054831409
251,4654,1,1055006132
251,4662,3.5,1058488977
251,4680,3,1055003802
251,4681,3,1054832212
251,4720,4.5,1054057884
251,4725,0.5,1054058071
251,4735,2,1054831565
251,4776,3.5,1055003704
251,4816,2,1054833118
251,4848,3,1055002397
251,4855,3.5,1055004529
251,4865,3,1055002145
251,4874,3,1054831020
251,4881,2,1055007681
251,4886,2.5,1054832101
251,4887,2,1054831554
251,4896,2.5,1055004155
251,4901,3.5,1054057906
251,4941,3,1054831569
251,4954,2.5,1054832208
251,4955,2.5,1055003812
251,4963,2.5,1054832387
251,4973,3,1054832149
251,4975,4,1054058083
251,4993,2.5,1063844966
251,4994,3,1054832200
251,4995,3.5,1055002744
251,5009,2.5,1055008351
251,5010,3,1054830608
251,5015,2,1054057919
251,5016,1.5,1055008060
251,5027,3,1054833793
251,5049,3,1054832361
251,5055,2.5,1055004434
251,5065,2,1054830718
251,5108,3,1054058109
251,5120,4,1055011474
251,5127,1.5,1055008625
251,5134,2.5,1055008457
251,5171,3.5,1054831441
251,5218,3,1055007429
251,5219,2,1054831449
251,5266,3.5,1054057968
251,5285,2,1061290402
251,5293,3,1054057961
251,5294,2,1055007958
251,5312,2.5,1055007709
251,5349,2.5,1054830983
251,5378,2.5,1054831219
251,5388,3.5,1054057872
251,5414,2,1064597847
251,5418,2.5,1057463429
251,5420,2.5,1054831864
251,5445,4,1054057898
251,5459,2.5,1054830806
251,5479,3,1057762671
251,5481,1.5,1054832997
251,5489,3.5,1055012693
251,5502,3.5,1054057939
251,5522,3.5,1054831341
251,5528,2.5,1055008008
251,5530,2.5,1058150019
251,5563,0.5,1067811141
251,5608,1.5,1055260537
251,5612,2.5,1061290172
251,5628,2.5,1055008524
251,5630,2.5,1055002078
251,5668,2,1058488520
251,5678,2,1054833204
251,5679,3.5,1056035511
251,5785,0.5,1055016641
251,5787,2,1072657149
251,5816,1,1054830492
251,5881,2.5,1060011665
251,5900,3,1054830817
251,5902,3,1064597792
251,5922,2,1055015509
251,5952,2.5,1063844977
251,5954,2,1072657103
251,5965,2.5,1055015446
251,5995,2,1060011686
251,6003,2.5,1066062899
251,6039,2.5,1054832993
251,6078,3,1055005743
251,6187,2.5,1066612292
251,6197,2,1054057917
251,6219,1.5,1064597873
251,6239,3.5,1054059190
251,6269,3,1056639416
251,6281,2.5,1079308451
251,6319,3,1054830768
251,6346,2,1054830355
251,6365,2.5,1067188258
251,6377,3,1056639136
251,6454,4,1054830232
251,6539,2,1079307838
251,6708,3,1079307708
251,6807,2.5,1066062849
251,6808,3.5,1066062826
251,6874,2,1087549307
251,6953,2,1087495545
251,7163,2.5,1087549321
252,1,4,1148642699
252,48,4,1148642135
252,260,3,1148642973
252,364,5,1148642832
252,588,5,1148642919
252,595,4.5,1148642911
252,1148,4.5,1148642221
252,1196,3.5,1148642889
252,1210,3,1148642881
252,1223,4,1148642952
252,1562,2.5,1148642426
252,1907,4.5,1148642828
252,2355,4,1148642757
252,2694,4.5,1148642420
252,3114,3.5,1148642800
252,3623,2,1148642022
252,3751,3.5,1148641986
252,3755,2.5,1148642363
252,3793,4,1148642864
252,3977,3,1148642040
252,4306,4.5,1148642716
252,4886,5,1148641993
252,4963,4,1148642964
252,4993,3.5,1148642783
252,5218,4,1148642845
252,5349,4,1148642907
252,5378,1.5,1148642281
252,5444,4.5,1148642763
252,5816,3,1148642345
252,5952,3.5,1148642744
252,6333,4,1148642822
252,6377,4,1148642254
252,6539,4,1148642229
252,6711,3.5,1148642379
252,7153,4,1148642054
252,8368,3,1148642676
252,8961,5,1148642416
252,38038,5,1148642939
252,41566,5,1148642791
253,32,5,992662811
253,34,1,992662642
253,223,4,992663546
253,480,4,992662831
253,568,1,992662116
253,589,4,992662811
253,785,5,992663591
253,908,3,992662116
253,1060,4,992662681
253,1079,2,992662577
253,1093,5,992663546
253,1127,4,992663497
253,1129,4,992662972
253,1196,5,992663011
253,1197,1,992662520
253,1210,5,992662928
253,1215,5,992662681
253,1259,5,992662541
253,1270,5,992662520
253,1288,1,992662520
253,1394,3,992662520
253,1396,4,992662811
253,1460,1,992662659
253,1500,5,992662758
253,1527,3,992662861
253,1573,5,992662861
253,1584,4,992662811
253,1653,4,992662831
253,1732,4,992662734
253,1734,1,992662681
253,1748,5,992662811
253,1784,4,992662713
253,1826,1,992662116
253,1921,5,992662831
253,1923,5,992662758
253,1968,5,992662541
253,2011,5,992662972
253,2046,5,992662876
253,2174,3,992662594
253,2311,5,992662972
253,2355,1,992662713
253,2395,4,992662713
253,2423,5,992662541
253,2428,1,992663591
253,2483,1,992662713
253,2502,5,992663627
253,2542,5,992662713
253,2571,5,992662811
253,2572,2,992663497
253,2599,4,992663546
253,2600,3,992662861
253,2606,3,992663591
253,2628,5,992662861
253,2672,2,992662876
253,2683,4,992663497
253,2700,4,992663663
253,2706,4,992663497
253,2707,5,992663497
253,2710,3,992663497
253,2762,5,992663663
253,2769,3,992662211
253,2791,4,992662577
253,2804,5,992662520
253,2826,2,992663497
253,2840,4,992663663
253,2841,5,992663663
253,2858,5,992662642
253,2900,5,992663627
253,2916,4,992662861
253,2918,5,992662116
253,2976,3,992663497
253,2985,4,992662941
253,2987,4,992663683
253,2997,5,992662659
253,3005,2,992663497
253,3033,5,992662941
253,3039,3,992662577
253,3160,5,992663627
253,3210,3,992662577
253,3300,3,992663627
253,3317,5,992663068
253,3409,4,992663591
253,3456,1,992663068
253,3457,5,992663174
253,3471,5,992662446
253,3476,4,992662116
253,3510,3,992663591
253,3527,5,992662928
253,3552,5,992662604
253,3554,1,992663043
253,3556,5,992663114
253,3578,5,992663591
253,3597,4,992663683
253,3608,1,992662577
253,3617,3,992663663
253,3698,4,992662985
253,3717,4,992663591
253,3752,5,992663627
253,3753,3,992663068
253,3826,3,992663591
253,3827,2,992662190
253,3863,4,992663546
253,3897,5,992663043
253,3916,3,992662190
253,3949,5,992662190
253,3955,3,992662265
253,3967,1,992662190
253,3969,5,992662211
253,3975,2,992662265
253,3977,3,992662236
253,3978,1,992662211
253,3979,4,992662265
253,3980,3,992662190
253,3986,5,992663497
253,3991,1,992662265
253,3994,4,992663138
253,3999,2,992662236
253,4002,4,992662541
253,4016,1,992662190
253,4019,3,992663100
253,4022,5,992663100
253,4025,2,992662265
253,4031,1,992662236
253,4034,5,992662190
253,4036,5,992662236
253,4052,3,992663497
253,4055,4,992663068
253,4209,5,992663174
253,4223,2,992663081
253,4232,1,992663275
253,4239,5,992662318
253,4244,1,992663043
253,4246,2,992663275
253,4254,1,992663286
253,4255,3,992662383
253,4265,2,992662353
253,4270,3,992662353
253,4278,1,992662429
253,4304,1,992662299
253,4308,1,992662299
253,4310,2,992662318
253,4338,2,992662429
253,4340,1,992662353
253,4343,3,992662318
253,4344,5,992663149
253,4361,1,992662541
254,150,3,891999615
254,318,5,891999687
254,534,5,891999554
254,593,5,891999490
254,903,5,891999490
254,904,5,891999615
254,908,4,891999522
254,909,5,891999490
254,910,5,891999589
254,912,5,891999589
254,914,5,891999655
254,1213,5,891999655
254,1225,5,891999490
254,1230,5,891999554
254,1246,4,891999615
254,1265,5,891999687
254,1276,4,891999490
254,1387,2,891999522
254,1641,4,891999434
254,5060,4,891999589
255,1,3,1159239369
255,16,4,1159244113
255,32,4,1159243948
255,47,5,1159238975
255,50,5,1159238899
255,110,4,1159238056
255,111,4.5,1159245280
255,112,3,1159314023
255,158,1.5,1159237721
255,180,4,1161894334
255,223,4,1159243986
255,260,4,1159238227
255,266,4,1159314352
255,293,3.5,1192480490
255,296,3.5,1159238656
255,318,4.5,1159238117
255,333,4,1159238340
255,380,3,1159313882
255,457,4,1159238699
255,500,2.5,1159314198
255,539,2.5,1159313990
255,543,4,1159237685
255,589,3,1159239470
255,593,4,1192480554
255,595,3,1159237888
255,597,2,1159314109
255,608,2.5,1165108931
255,778,4,1159243998
255,858,5,1159239184
255,1036,2.5,1159238059
255,1060,4,1159239465
255,1080,3,1159245251
255,1089,4.5,1159239327
255,1136,4.5,1159239209
255,1148,4,1159237695
255,1196,4,1159238238
255,1197,4,1159238262
255,1198,3.5,1159239141
255,1201,4.5,1159243903
255,1206,5,1159244133
255,1210,4,1159238249
255,1213,4.5,1159239213
255,1221,4.5,1159239295
255,1222,3.5,1159243910
255,1270,4,1159239310
255,1291,4,1159237980
255,1298,5,1161894352
255,1380,1,1159237459
255,1466,4.5,1159243961
255,1500,2.5,1159237393
255,1704,4.5,1159238168
255,1732,5,1159239021
255,1777,2.5,1159237764
255,1884,4.5,1193166218
255,1997,3,1159237791
255,2001,3,1159237750
255,2028,3.5,1159239159
255,2194,3.5,1159237562
255,2268,4,1159237542
255,2273,4,1159314031
255,2302,3,1159237645
255,2329,4.5,1159237755
255,2353,3,1159237629
255,2394,1,1159314118
255,2395,4,1193166160
255,2502,4,1159239304
255,2542,5,1159239401
255,2571,3,1159238229
255,2633,3,1159314204
255,2762,3.5,1159238077
255,2804,3.5,1159239365
255,2858,4,1159239276
255,2918,5,1159238124
255,2941,1.5,1159313959
255,2959,4.5,1159239149
255,3052,4.5,1159237675
255,3147,3,1159237993
255,3275,4.5,1159238941
255,3362,3.5,1192480560
255,3421,4,1159239482
255,3578,4.5,1159238187
255,3753,3.5,1159237817
255,3948,3.5,1159237788
255,4011,4,1159239194
255,4034,4,1159244037
255,4226,5,1159239153
255,4235,4,1193165714
255,4239,4,1193166338
255,4262,4.5,1159243939
255,4306,3,1159238219
255,4873,5,1159239049
255,4878,5,1159239395
255,4963,3.5,1159239475
255,4979,3.5,1193166234
255,4993,4,1159239134
255,4995,4,1159239433
255,5445,2,1159238625
255,5669,2.5,1159244045
255,5725,3,1159314252
255,5782,4,1159243894
255,5902,3.5,1159244109
255,5952,4,1159238674
255,5989,4,1159239443
255,6223,3.5,1159313968
255,6333,3,1159239300
255,6539,4.5,1159238785
255,6711,4.5,1159244163
255,6796,3.5,1193166073
255,6874,3,1159238776
255,7054,2,1159314364
255,7143,4,1159239486
255,7153,5,1159237359
255,7263,3.5,1159237972
255,7361,4.5,1159238719
255,7438,3.5,1159238750
255,7614,1,1159314150
255,8340,3.5,1159245221
255,8529,4.5,1159238348
255,8784,4.5,1159239091
255,8950,4.5,1159243971
255,8961,2,1159238764
255,8970,2.5,1159239230
255,8994,4,1159238619
255,27904,5,1159238457
255,30810,5,1192480913
255,33004,3.5,1159239109
255,33166,4,1159243927
255,33493,4,1159244981
255,33660,4,1159238930
255,33679,3.5,1159314188
255,33794,4,1159238668
255,36529,4,1159244030
255,36708,5,1159237963
255,37240,3.5,1159337999
255,38061,4,1159239179
255,39183,1,1159244144
255,40278,3,1159244149
255,40819,4.5,1159239259
255,40826,1,1159314047
255,44191,4,1159238822
255,44195,4,1159237960
255,44555,4.5,1193165522
255,44665,4,1160165522
255,45175,1,1160165636
255,46578,3.5,1159238161
255,46965,2.5,1159238577
255,46970,5,1159238513
255,47610,4,1159313569
255,48082,5,1160446978
255,48394,4,1192480502
255,48516,5,1160446960
255,48780,3.5,1192480548
255,52973,4.5,1193166114
255,54503,5,1192480445
255,54997,3.5,1193165539
256,1,2,998728130
256,104,3,998728189
256,105,3,998726958
256,296,5,998728058
256,318,5,998728018
256,592,3,998728580
256,593,3,998727029
256,1042,4,998727712
256,1097,4,998726979
256,1196,5,998728154
256,1197,1,998728130
256,1210,5,998728283
256,1258,4,998728283
256,1259,5,998728396
256,1270,5,998728283
256,1302,5,998728283
256,1307,5,998728375
256,1347,1,998728518
256,1374,1,998728850
256,1378,3,998728750
256,1704,5,998728154
256,1961,5,998728454
256,1968,5,998727001
256,2106,5,998726958
256,2115,1,998728518
256,2144,5,998728554
256,2174,4,998728673
256,2431,3,998727675
256,2467,3,998728826
256,2474,3,998728750
256,2716,4,998728375
256,2739,2,998728454
256,2791,2,998728580
256,2797,4,998728454
256,2918,5,998728189
256,3210,5,998728518
256,3398,5,998727712
256,3448,5,998728729
256,3552,1,998728826
256,3994,5,998727554
256,4002,2,998728396
256,4015,1,998727900
256,4022,5,998727865
256,4069,4,998727111
256,4085,2,998728554
256,4128,5,998728802
256,4396,5,998727768
256,4482,3,998728018
256,4489,1,998728781
256,4508,5,998728655
256,4623,1,998728580
257,16,4,945676135
257,593,5,945676135
257,1429,3,945676135
257,2023,2,945676157
257,2862,3,945676135
258,2114,5,1412451956
258,2881,5,1412451732
258,7802,5,1412452521
258,47997,5,1412452323
259,48,1,1170203241
259,485,1,1170203288
259,596,1,1170203294
259,805,1,1170203300
259,903,3,1170203304
259,1250,2.5,1170203274
259,2006,1.5,1170203289
259,2302,0.5,1170203234
259,2395,1,1170203297
259,2699,1,1170203224
259,2712,1.5,1170203226
259,3175,3.5,1170203281
259,3481,0.5,1170203229
259,4963,1,1170203239
259,5060,1.5,1170203231
260,260,5,1466561388
260,296,5,1466561424
260,318,4,1466561378
260,2571,5,1466561381
260,4306,4.5,1466561402
260,4886,5,1466561406
260,4993,5,1466561389
260,5952,3.5,1466561394
260,6377,5,1466561407
260,6539,4,1466561404
260,7153,3.5,1466561400
260,60069,3,1466561430
260,68954,5,1466561428
260,79132,5,1466561383
260,99114,5,1466561427
260,115617,4,1466561447
260,116797,2,1466561432
261,1,4,864374720
261,2,3,864375459
261,3,3,864374769
261,5,3,864374769
261,7,3,864374833
261,10,4,864375311
261,11,4,864375547
261,17,4,864374721
261,25,1,864374721
261,32,3,864374719
261,34,5,864375250
261,36,2,864374768
261,39,4,864375224
261,48,3,864375278
261,52,3,864374874
261,62,3,864374721
261,70,1,864375311
261,95,3,864374721
261,102,1,864386038
261,141,3,864374720
261,150,4,864375224
261,161,4,864375462
261,165,4,864375278
261,185,3,864375493
261,222,4,864376074
261,232,5,864375547
261,235,2,864375311
261,236,3,864376108
261,253,3,864375175
261,260,4,864374769
261,261,3,864375311
261,265,4,864375517
261,292,4,864375493
261,296,1,864375224
261,316,3,864375387
261,318,5,864376108
261,329,3,864375250
261,339,3,864375493
261,342,5,864376074
261,349,4,864375278
261,350,3,864375463
261,353,1,864375278
261,356,4,864375518
261,357,5,864375387
261,364,4,864375224
261,367,4,864376074
261,368,3,864375547
261,370,3,864375177
261,376,2,864374833
261,377,3,864375224
261,380,3,864375170
261,410,4,864375179
261,440,4,864375361
261,454,4,864375462
261,457,4,864375224
261,466,3,864375176
261,474,4,864375493
261,480,3,864375250
261,494,4,864374769
261,500,3,864375460
261,508,3,864375547
261,515,3,864375547
261,527,3,864375493
261,534,3,864375311
261,539,5,864375518
261,586,3,864375547
261,587,3,864375361
261,588,3,864375171
261,589,3,864375173
261,592,3,864375361
261,593,4,864375387
261,595,3,864375172
261,597,4,864376074
261,605,3,864375024
261,608,4,864374768
261,647,5,864375547
261,648,3,864374720
261,708,4,864374833
261,733,3,864374768
261,736,4,864374719
261,742,3,864375024
261,762,1,864374833
261,780,4,864374719
261,786,4,864374769
261,802,2,864374874
261,805,3,864374874
261,836,3,864376108
261,838,4,864375463
261,852,1,864374912
261,858,4,864385818
261,1035,4,864375493
261,1036,4,864375278
261,1047,3,864375278
261,1079,3,864375547
261,1183,1,864385786
261,1196,3,864376108
261,1198,5,864376108
261,1210,3,864374874
261,1233,2,864385839
261,1356,5,864374833
261,1357,3,864385786
261,1363,3,864385839
261,1391,4,864385921
261,1410,3,864386021
261,1416,2,864385818
261,1425,1,864385921
261,1426,1,864386401
261,1527,4,864385893
262,110,3,1446572162
262,260,3,1446572079
262,293,4.5,1446572146
262,318,5,1446572066
262,356,5,1446572206
262,589,5,1446572149
262,1196,3,1446572081
262,1198,3,1446572086
262,1210,3,1446572095
262,1240,5,1446572209
262,2571,4,1446572060
262,3578,4.5,1446572216
262,5952,4,1446572227
262,7153,4,1446572240
262,109487,5,1446572111
263,2294,2,917363411
263,2321,1,917363383
263,2324,5,917363306
263,2355,5,917363306
263,2393,2,917363465
263,2394,1,917363411
263,2424,2,917363306
263,2431,3,917363306
263,2433,3,917363361
264,58,4,1079880772
264,315,2.5,1079880835
264,1080,2,1079880829
264,1230,5,1079880613
264,1304,4.5,1079880636
264,1374,1.5,1079880778
264,1391,0.5,1079880766
264,1641,2.5,1079880762
264,1917,0.5,1079880810
264,2012,0.5,1079880870
264,2174,0.5,1079880815
264,2791,2.5,1079880801
264,2797,2,1079880618
264,3114,1,1079880787
264,3408,3.5,1079880877
265,232,3.5,1075691165
265,235,2.5,1075691290
265,272,4,1075690665
265,342,4,1075691239
265,356,3,1075691266
265,357,4,1075691215
265,497,4.5,1075691103
265,531,3.5,1075690754
265,588,1.5,1075691251
265,838,4,1075691150
265,1175,3,1075691235
265,1188,4,1075691029
265,1235,4,1075690744
265,1243,3,1075691142
265,1277,3.5,1075690918
265,1449,4,1075691121
265,1641,4,1075691126
265,1732,0.5,1075690610
265,1827,4.5,1075691170
265,1914,4.5,1075691173
265,2064,4.5,1075690726
265,2125,4.5,1075690953
265,2321,3.5,1075691223
265,2324,3,1075691094
265,2355,3,1075691189
265,2359,4.5,1075691138
265,2396,3.5,1075691131
265,2431,3,1075690935
265,2572,2,1075690715
265,2858,2,1075691110
265,2997,2.5,1075691155
265,3083,2.5,1075691186
265,3108,3,1075691256
265,3424,4,1075690889
265,3911,3.5,1075690766
265,3967,4.5,1075690913
265,4014,4,1075690847
265,4246,3,1075690821
265,4306,2.5,1075690635
265,5299,4,1075690961
265,6440,1,1075691272
266,44,3,1326224255
266,163,4,1326224158
266,370,2.5,1326224333
266,432,2,1326224209
266,543,2.5,1326224205
266,555,4.5,1326224163
266,785,4,1326224270
266,1028,4.5,1326224184
266,1252,5,1326224143
266,1278,4,1326224138
266,1376,3,1326224189
266,1729,5,1326224244
266,1747,3,1326224266
266,1876,2,1326224239
266,2001,3,1326224199
266,2003,5,1326224249
266,2302,4,1326224153
266,2353,3,1326224133
266,2763,1.5,1326224234
266,3176,5,1326224194
266,3421,4,1326224250
267,2,4,1469187262
267,19,3,1469187271
267,44,2.5,1469187525
267,110,4,1469186479
267,260,5,1469185882
267,293,4,1469186572
267,296,5,1469185901
267,318,4.5,1469185875
267,344,3,1469187179
267,356,4.5,1469186201
267,364,4,1469187181
267,455,3.5,1469187646
267,480,4,1469186239
267,527,4,1469185906
267,586,1.5,1469187212
267,589,4.5,1469186005
267,592,0.5,1469187176
267,673,3,1469187541
267,750,5,1469487519
267,780,2.5,1469187170
267,784,4,1469187387
267,858,4.5,1469185880
267,903,5,1469187397
267,919,5,1469187248
267,924,5,1469187225
267,1080,4.5,1469186169
267,1089,4.5,1469185933
267,1092,4,1469187521
267,1097,4,1469186128
267,1136,5,1469185935
267,1193,4,1469188232
267,1196,5,1469185886
267,1198,4.5,1469185898
267,1201,5,1469186109
267,1206,5,1469186081
267,1207,4,1469187380
267,1208,4.5,1469186125
267,1210,5,1469185930
267,1219,5,1469187297
267,1220,4,1469187301
267,1221,4.5,1469185923
267,1222,5,1469186113
267,1233,4,1469187421
267,1240,4,1469186065
267,1246,5,1469186107
267,1258,5,1469186072
267,1270,4,1469186237
267,1291,4,1469186017
267,1333,4,1469187508
267,1377,1,1469187464
267,1387,3,1469187268
267,1580,4,1469186069
267,1704,4,1469186574
267,1721,3.5,1469187184
267,1997,4,1469187436
267,2012,4.5,1469187290
267,2028,4.5,1469186242
267,2115,4,1469187277
267,2161,4.5,1469187560
267,2291,5,1469187274
267,2329,3,1469185938
267,2396,4,1469187245
267,2628,3,1469187205
267,2712,4.5,1469187767
267,2716,4,1469186122
267,2728,4,1469187770
267,2729,4,1470261970
267,2761,5,1469187621
267,2959,5,1469185878
267,3147,5,1469186009
267,3448,4,1469187505
267,3489,3.5,1469187639
267,3578,4.5,1469186227
267,3793,2.5,1469186602
267,3910,4,1469186984
267,4022,3,1469186614
267,4226,4.5,1469186564
267,4262,4.5,1469186117
267,4270,2.5,1469186724
267,4306,3,1469186600
267,4896,4,1469186033
267,4993,4.5,1469185910
267,4995,4,1469186608
267,5010,3.5,1469186676
267,5218,4,1469186071
267,5349,3.5,1469186618
267,5378,3.5,1469186629
267,5459,3.5,1469186673
267,5816,3,1469186638
267,5952,4.5,1469185919
267,5995,4,1469186650
267,6373,3.5,1469186680
267,6377,4,1469186483
267,6537,3,1469186708
267,6539,4,1469186247
267,6874,4.5,1469186474
267,7153,5,1469185916
267,7361,4,1469186484
267,7438,4.5,1469186004
267,7458,4,1469186121
267,8361,2.5,1469186768
267,8368,4,1469186039
267,8641,4,1469186820
267,8644,3.5,1469186665
267,30749,4,1469186698
267,32587,4.5,1469186623
267,33004,4,1469186157
267,33162,4.5,1469187093
267,33493,4,1469186079
267,33794,0.5,1469186468
267,36529,4.5,1469186790
267,40815,2.5,1469186659
267,44191,4,1469186487
267,45447,0.5,1469186795
267,45722,4,1469186670
267,47610,3.5,1469186739
267,48304,4,1469187060
267,48394,4.5,1469186025
267,48780,4,1469186578
267,51662,4,1469186027
267,53125,4,1469186756
267,53519,4,1469487152
267,54001,2.5,1469186732
267,54997,3.5,1469186869
267,55442,5,1469187117
267,56757,4.5,1469186926
267,58559,0.5,1469186360
267,59315,3.5,1469186466
267,60069,4,1469186235
267,60684,3,1469186760
267,63082,4,1469186007
267,64957,4,1469186803
267,64969,4,1469187069
267,68157,4,1469186240
267,69757,4,1469186736
267,69844,2.5,1469186750
267,73017,3.5,1469187816
267,74458,4.5,1469186480
267,77561,3,1469186782
267,79132,4,1469186198
267,80549,3,1469187098
267,81834,3.5,1469186022
267,86332,3.5,1469186086
267,88125,2.5,1469186766
267,88140,2.5,1469186917
267,88744,4,1469186922
267,89745,2.5,1469186472
267,91529,0.5,1469186463
267,95510,0.5,1469187026
267,96821,3.5,1469187052
267,97752,4.5,1469187077
267,97913,4.5,1469187054
267,97938,3.5,1469186957
267,98809,3.5,1469186836
267,106489,3.5,1469186965
267,109487,4,1469185927
267,110102,3,1469186987
267,111759,4,1469186833
267,112623,4,1469186162
267,112852,0.5,1469186565
267,115713,4,1469186486
267,116797,4.5,1469186231
267,119145,3.5,1469187033
267,122882,0.5,1469186460
267,122886,4,1469186226
267,122904,3.5,1469186040
268,1210,3,956586153
268,1968,5,956586127
268,2393,3,956586127
269,36,3.5,1097589638
269,47,3.5,1097589835
269,50,4,1097589829
269,141,3.5,1097589630
269,150,3,1097589565
269,165,3.5,1097589595
269,172,3,1097588949
269,253,3,1097589852
269,260,4,1097589277
269,296,5,1097589406
269,318,4,1097589558
269,356,3.5,1097589415
269,380,3,1097589572
269,457,3.5,1097589020
269,480,3,1097589013
269,541,5,1097589657
269,589,3.5,1097589816
269,593,4,1097589410
269,608,5,1097589182
269,778,4,1097589916
269,780,2.5,1097589820
269,924,4.5,1097588835
269,1036,2.5,1097589660
269,1079,4.5,1097588871
269,1136,4,1097589677
269,1196,4,1097589601
269,1198,3.5,1097589606
269,1200,3,1097589884
269,1206,5,1097588862
269,1208,5,1097588883
269,1210,4,1097589319
269,1214,4.5,1097589170
269,1220,3.5,1097589161
269,1225,3,1097588897
269,1234,4,1097588925
269,1246,4.5,1097588920
269,1265,4,1097589868
269,1291,3.5,1097589877
269,1374,3,1097589115
269,1387,3,1097589900
269,1391,3,1097589056
269,1446,4.5,1097589221
269,1527,4,1097588868
269,1580,3,1097589863
269,1584,3.5,1097589069
269,1610,3,1097589922
269,1653,4,1097588936
269,1673,4,1097589059
269,1682,4.5,1097588928
269,1721,2.5,1097589120
269,1884,4.5,1097589699
269,1961,3.5,1097588843
269,1997,4,1097589034
269,2231,4.5,1097589297
269,2571,4.5,1097589039
269,2628,3.5,1097589653
269,2683,3,1097588857
269,2712,4,1097589042
269,2762,3.5,1097589650
269,2858,4,1097589613
269,2959,5,1097588888
269,2997,5,1097589685
269,3168,3.5,1097589304
269,3527,2.5,1097589333
269,3949,4,1097589191
269,4034,4,1097589007
269,4226,5,1097589010
269,4874,4.5,1097589195
269,5293,3.5,1097589939
269,5502,4,1097589188
269,7318,3,1097589355
269,7438,3.5,1097589264
269,8622,4,1097589284
270,289,3,1327439327
270,519,4,1327439108
270,711,5,1327439492
270,2135,5,1327439527
270,2363,2.5,1327439469
270,2764,5,1327439403
270,2917,4.5,1327439273
270,3246,4,1327439160
270,3452,4,1327439222
270,3744,3.5,1327439206
270,4054,4.5,1327439351
270,27801,1.5,1327439754
270,55442,0.5,1327439646
270,80463,3.5,1327439430
270,88125,3,1327439770
271,1,4,1047072852
271,15,1,1048358782
271,32,4,1048360201
271,45,3,1046975130
271,47,4,1048359864
271,95,2,1046975879
271,110,4,1048360674
271,111,5,1047071592
271,150,3,1047073392
271,160,1,1046975130
271,161,3,1048359445
271,165,3,1046977060
271,172,2,1048360520
271,185,3,1048360407
271,194,4,1048359330
271,196,1,1046976959
271,198,3,1048360251
271,223,3,1046974471
271,230,3,1048359316
271,235,4,1047073254
271,252,3,1046975365
271,257,2,1048358797
271,260,4,1047071516
271,271,2,1046976972
271,293,5,1047072852
271,296,5,1047071418
271,299,3,1046974728
271,300,4,1047073337
271,316,3,1046975140
271,318,5,1047071371
271,319,4,1046977159
271,329,3,1048360497
271,349,3,1046977439
271,350,2,1046975193
271,356,3,1047073337
271,357,4,1048359404
271,364,3,1047073538
271,370,2,1046976931
271,377,4,1048358815
271,379,2,1048360455
271,431,3,1048359538
271,442,3,1048360380
271,457,3,1048360773
271,471,3,1047073910
271,480,3,1047073937
271,509,3,1048359445
271,527,4,1047071405
271,533,2,1046977288
271,539,3,1046977323
271,541,5,1046977288
271,548,2,1046977251
271,551,4,1047073621
271,552,3,1048359586
271,555,4,1048360773
271,587,2,1046975806
271,589,4,1047072832
271,592,3,1046976972
271,593,5,1046974193
271,599,4,1046977405
271,608,5,1047073276
271,733,4,1046977251
271,745,4,1047071464
271,750,5,1047071464
271,778,4,1047073527
271,780,2,1048360309
271,788,3,1048360479
271,849,2,1048359888
271,858,5,1047071392
271,875,2,1046977068
271,903,5,1046975355
271,904,4,1047071498
271,908,5,1047071592
271,910,5,1047073158
271,912,5,1047071479
271,913,4,1046974654
271,920,4,1046974159
271,923,5,1047071479
271,924,4,1047073631
271,953,4,1047072404
271,968,4,1046974692
271,990,2,1046977941
271,1036,4,1048360674
271,1037,3,1048360497
271,1047,3,1048358842
271,1079,4,1047072286
271,1086,4,1047073026
271,1089,5,1047072331
271,1090,3,1047071555
271,1093,3,1046974504
271,1094,4,1048359766
271,1097,3,1046974244
271,1120,3,1046977737
271,1125,3,1046977845
271,1127,3,1046974333
271,1136,5,1047072389
271,1148,4,1046977429
271,1175,3,1047073873
271,1193,4,1047071555
271,1196,4,1047071539
271,1198,4,1047072259
271,1199,5,1048360219
271,1200,4,1047073222
271,1201,5,1047071539
271,1206,5,1047073010
271,1208,5,1047071479
271,1209,5,1047073772
271,1210,3,1047073392
271,1212,4,1047071498
271,1213,4,1047071498
271,1214,5,1048360185
271,1215,3,1048360268
271,1218,5,1047072894
271,1219,4,1047071418
271,1220,4,1046975390
271,1221,5,1047071405
271,1222,4,1047072422
271,1223,4,1048358737
271,1228,4,1047073222
271,1234,4,1046977336
271,1240,4,1047073689
271,1241,4,1047071345
271,1246,3,1047073599
271,1248,4,1046977686
271,1253,3,1047072961
271,1255,4,1047072306
271,1258,4,1047073081
271,1259,4,1047072894
271,1261,4,1046977780
271,1262,4,1046975628
271,1263,4,1047072239
271,1265,4,1047072331
271,1266,4,1047073379
271,1269,4,1047073725
271,1270,4,1047073010
271,1276,4,1047073100
271,1278,4,1047073490
271,1281,4,1047072344
271,1288,4,1046974209
271,1291,4,1047073062
271,1304,4,1046977323
271,1320,3,1048360380
271,1342,3,1048358842
271,1356,3,1048360289
271,1371,3,1048360380
271,1372,4,1048360219
271,1373,2,1048360559
271,1374,4,1048360234
271,1375,3,1048360407
271,1376,4,1048360268
271,1388,2,1046977737
271,1389,1,1046977211
271,1393,4,1047073412
271,1394,4,1047073181
271,1396,3,1048360251
271,1407,3,1046975399
271,1429,3,1048359390
271,1464,4,1048359516
271,1466,3,1047072435
271,1485,3,1046977467
271,1497,2,1048359586
271,1527,4,1048359824
271,1544,3,1048360455
271,1569,3,1046975329
271,1570,3,1046977429
271,1573,4,1048359457
271,1580,3,1048359445
271,1590,3,1048360572
271,1597,2,1046975072
271,1610,3,1047073364
271,1617,4,1047071573
271,1620,3,1048359716
271,1625,3,1047073507
271,1641,5,1047073901
271,1653,3,1047073818
271,1665,3,1046975085
271,1672,3,1046974159
271,1674,3,1046977954
271,1676,3,1046974209
271,1680,3,1047073678
271,1690,3,1048360420
271,1704,3,1047072422
271,1717,3,1046977006
271,1729,4,1047073752
271,1732,4,1046977899
271,1748,3,1047073436
271,1773,3,1047073892
271,1784,4,1047072422
271,1801,2,1046976918
271,1876,2,1046977211
271,1909,2,1046977405
271,1911,2,1046974504
271,1912,4,1048360674
271,1917,1,1046975179
271,1923,3,1046977518
271,1924,3,1046975265
271,1945,4,1047073158
271,1950,4,1047073010
271,1953,4,1047073576
271,1954,3,1047073672
271,1955,3,1046977024
271,1961,4,1047071555
271,1997,4,1047073447
271,2000,3,1047073809
271,2011,3,1048360309
271,2012,3,1048360380
271,2112,4,1048359888
271,2116,2,1048360407
271,2126,3,1048359481
271,2160,3,1046975213
271,2183,4,1046975647
271,2186,4,1047073138
271,2193,3,1048358842
271,2194,3,1047073507
271,2268,3,1047073566
271,2273,3,1046977193
271,2288,3,1048360219
271,2289,3,1046977171
271,2291,3,1047073315
271,2302,4,1048359481
271,2311,3,1048360455
271,2313,3,1047073792
271,2329,4,1047072317
271,2334,3,1048359538
271,2353,3,1046975062
271,2355,4,1046974438
271,2371,3,1046977211
271,2379,1,1046975242
271,2381,1,1046977024
271,2383,1,1048359236
271,2387,3,1046977551
271,2393,3,1048360455
271,2396,4,1046974820
271,2402,2,1048358782
271,2403,2,1048359349
271,2404,2,1046977182
271,2406,3,1046977458
271,2407,2,1048360309
271,2421,1,1046977562
271,2454,3,1048360234
271,2455,3,1048360268
271,2463,3,1046975085
271,2468,3,1046977808
271,2470,2,1046976876
271,2490,3,1046974728
271,2513,2,1046977606
271,2529,4,1047073254
271,2533,3,1048360455
271,2571,4,1047072357
271,2574,2,1046974692
271,2580,4,1046975647
271,2600,3,1046974864
271,2605,3,1046977966
271,2628,2,1048360365
271,2640,3,1048360219
271,2657,4,1046975314
271,2660,4,1047073254
271,2683,3,1046974354
271,2699,2,1046974354
271,2700,3,1046974820
271,2706,3,1046974354
271,2707,3,1046974354
271,2710,2,1046974408
271,2716,3,1046974590
271,2722,2,1046974471
271,2762,3,1046974820
271,2763,3,1046974838
271,2791,3,1046977365
271,2797,3,1047073752
271,2802,2,1046977230
271,2803,2,1046977686
271,2808,1,1048360520
271,2858,4,1046974333
271,2890,4,1046975879
271,2902,2,1046975203
271,2915,3,1046977864
271,2916,4,1048359538
271,2918,4,1047072344
271,2924,2,1048360756
271,2942,1,1046975790
271,2947,4,1046975298
271,2949,3,1046975355
271,2959,5,1046974570
271,2976,3,1046974408
271,2985,3,1048360289
271,2986,2,1046977393
271,2987,4,1046974864
271,3005,2,1046974408
271,3033,4,1048360268
271,3037,4,1048359586
271,3039,3,1047073517
271,3060,4,1047073081
271,3087,3,1048359538
271,3105,3,1047073201
271,3107,3,1046977336
271,3108,3,1046977377
271,3113,1,1046974519
271,3114,4,1046974851
271,3142,4,1048359799
271,3160,4,1046974654
271,3175,4,1046974590
271,3176,3,1046974838
271,3198,3,1046976931
271,3203,1,1046974471
271,3253,3,1047073874
271,3256,3,1046974179
271,3262,3,1046977816
271,3271,3,1047072832
271,3273,2,1046974780
271,3287,3,1046977048
271,3300,3,1046974728
271,3307,4,1046977415
271,3316,2,1046977288
271,3317,4,1047073276
271,3386,3,1047073852
271,3408,3,1046974519
271,3418,3,1047073831
271,3421,3,1046977480
271,3441,2,1046975130
271,3462,4,1046977288
271,3471,3,1048360201
271,3481,4,1047073062
271,3527,4,1048360309
271,3578,4,1046974590
271,3617,2,1046974780
271,3623,3,1046974672
271,3638,3,1048360348
271,3671,3,1047073093
271,3676,4,1047071345
271,3686,2,1046975628
271,3697,3,1048360549
271,3701,2,1046977034
271,3703,4,1048360234
271,3704,3,1048359855
271,3717,2,1046974590
271,3741,3,1047071592
271,3751,4,1046974438
271,3752,3,1046974654
271,3753,3,1046974728
271,3793,4,1046974864
271,3798,3,1046974851
271,3802,2,1048360572
271,3826,2,1046974628
271,3827,3,1048360321
271,3863,2,1046974438
271,3897,4,1047072247
271,3949,5,1047073167
271,3959,3,1046977458
271,3977,2,1046974438
271,3986,2,1046974333
271,3994,4,1048360251
271,3996,4,1046974262
271,4002,3,1047073566
271,4011,4,1047073181
271,4034,4,1047071573
271,4056,3,1046977043
271,4084,3,1046974159
271,4121,3,1048360289
271,4128,2,1047073928
271,4226,5,1047071405
271,4235,4,1047073752
271,4306,4,1047073122
271,4326,3,1047072972
271,4329,5,1047073566
271,4344,2,1048359824
271,4369,2,1046975390
271,4410,3,1048358737
271,4446,2,1046974570
271,4448,3,1046975851
271,4460,3,1047071573
271,4492,3,1048360430
271,4553,3,1048360335
271,4643,3,1048360455
271,4654,2,1048359754
271,4701,3,1046975161
271,4776,3,1047073852
271,4814,2,1046977638
271,4844,2,1046975232
271,4855,3,1047072961
271,4865,4,1047073861
271,4886,4,1047073566
271,4896,3,1047073965
271,4963,3,1047073379
271,4975,3,1046975281
271,4993,4,1047071451
271,5015,4,1047073379
271,5040,2,1046974179
271,5055,3,1046975314
271,5312,3,1046977532
271,5313,2,1046976918
271,5349,3,1047073337
271,5378,2,1048360289
271,5414,2,1047073989
271,5442,3,1046975281
271,5445,4,1046977674
271,5500,3,1046976943
271,5507,3,1047122920
271,5881,3,1047071392
271,5952,4,1047071261
271,5983,4,1048360479
271,6104,4,1047073612
271,6166,1,1046975021
272,60,2.5,1055182100
272,531,3.5,1055182066
272,1022,0.5,1055182060
272,1405,4,1055182009
272,1562,3.5,1055182120
272,1717,4,1055182193
272,1722,4.5,1055181959
272,2054,2.5,1055181916
272,2717,4.5,1055182217
272,2719,4.5,1055182266
272,2991,5,1055182408
272,3005,5,1055182184
272,4148,5,1055182398
272,4369,5,1055277928
272,4447,4,1055182447
272,4886,1,1055182223
272,6365,2,1055277854
273,1,5,1452876693
273,110,5,1452876598
273,260,4.5,1452876422
273,318,5,1452876424
273,356,4.5,1452876595
273,364,4.5,1469967671
273,527,4.5,1452876854
273,648,4.5,1472394821
273,733,4,1486833791
273,780,4,1469967450
273,858,4,1452876851
273,899,4.5,1488549721
273,1036,4,1469967429
273,1196,4.5,1452876420
273,1210,4.5,1452876428
273,1580,5,1469967581
273,1608,5,1469967622
273,1682,4.5,1452876800
273,1704,4.5,1452876618
273,1732,4,1452876442
273,2028,5,1452876582
273,2268,4.5,1469967527
273,2571,3.5,1469967432
273,3114,4.5,1452876780
273,3147,4.5,1469967459
273,3275,5,1452876672
273,3578,5,1452876646
273,3623,4.5,1472394824
273,3753,4,1469967461
273,3916,5,1469967529
273,4306,5,1452876779
273,4886,4.5,1469967669
273,4896,4,1469967552
273,4963,5,1469967522
273,5418,5,1452876681
273,6377,5,1452876705
273,6539,5,1452876746
273,7143,4,1469967589
273,7153,5,1452876430
273,8368,4,1469967687
273,8533,4,1452876825
273,8665,5,1452876712
273,8961,4,1452876699
273,33794,4,1469967484
273,40629,4.5,1453741946
273,40815,4,1469967567
273,44191,3.5,1452876669
273,45186,4.5,1472394823
273,49272,4.5,1452876745
273,50851,3.5,1452876707
273,50872,4,1452876716
273,54286,5,1452876593
273,56367,2.5,1452876805
273,58559,4,1483218051
273,59315,5,1452876602
273,59369,5,1452876802
273,59784,4,1469967537
273,60069,4.5,1452876623
273,64839,3,1452876724
273,68157,4,1452876630
273,68358,4.5,1452876606
273,68954,4.5,1452876587
273,69481,3,1452876827
273,72641,4,1452876579
273,72998,4.5,1469967579
273,73017,4.5,1452876818
273,76077,3,1499135747
273,76093,4.5,1469967454
273,76293,4,1499135782
273,78105,4,1499135738
273,78499,4,1452876652
273,79091,5,1469967535
273,79132,4,1452876863
273,81845,4,1452876640
273,81847,4.5,1469967697
273,82459,4.5,1452876787
273,86880,4,1499135636
273,87232,4.5,1452876796
273,87430,4,1499135764
273,87520,4,1499135749
273,87869,3.5,1499135665
273,88125,4,1469967501
273,88405,4.5,1499135742
273,89745,4.5,1469967215
273,91529,3.5,1483218058
273,91535,4,1499135731
273,91542,4,1469967507
273,91630,4,1472394819
273,91658,3.5,1452876739
273,94777,4,1499135662
273,95441,4.5,1499135640
273,96588,4,1499135725
273,97923,4,1499135769
273,99114,4,1452876626
273,102445,4.5,1452876810
273,103253,3.5,1499135656
273,103772,4.5,1499135755
273,104243,4.5,1499135797
273,105504,4.5,1499135681
273,106002,5,1499135721
273,106072,5,1499135669
273,106918,4.5,1499135735
273,106920,3.5,1452876685
273,110102,4.5,1469967505
273,110127,3,1469967196
273,111362,5,1452876792
273,111759,4,1469967477
273,111781,4.5,1472394816
273,112852,4,1452876608
273,116797,4.5,1499135519
273,119145,4.5,1452876832
273,120799,3,1490534773
273,122886,5,1483218087
273,122892,4.5,1469967517
273,122900,4.5,1472394767
273,122904,3.5,1474122629
273,122920,5,1474122051
273,127140,4,1453741936
273,131714,4,1486829315
273,132660,5,1472394754
273,134130,5,1469967224
273,135569,4.5,1483218123
273,138210,5,1488025486
273,142222,4,1472394744
273,143385,5,1473048615
273,146656,4.5,1488025523
273,149352,4,1488025472
273,152017,5,1473048655
273,152063,3.5,1483218098
273,157699,4.5,1486829340
273,158238,3.5,1474891367
273,158260,4,1474122075
273,158316,4.5,1486833648
273,160400,4.5,1474122103
273,161131,4,1499135596
273,162602,4.5,1487340026
273,164981,5,1491049945
273,165551,5,1499135499
273,167770,4,1486833844
273,168174,3.5,1488025507
273,168252,4.5,1499135485
273,168366,5,1499135477
273,170705,4.5,1499135521
274,172,4,1081903852
274,173,2,1081903698
274,246,3.5,1081903765
274,282,2.5,1081903785
274,923,4.5,1081903736
274,1080,3.5,1081903774
274,1246,4,1081903742
274,1358,4,1081903863
274,1374,4,1081903708
274,1391,3,1081903701
274,1682,4,1081903824
274,1917,2.5,1081903727
274,2012,3,1081903834
274,2291,4,1081903759
274,2797,4,1081903689
274,3114,3.5,1081903713
275,29,4.5,1214773004
275,296,4,1214773765
275,527,4.5,1214773442
275,661,3,1214772959
275,910,2.5,1214772955
275,1449,4.5,1214773037
275,1747,3.5,1214772963
275,1876,2.5,1214772924
275,2009,2.5,1214773112
275,2013,2.5,1214773067
275,2395,3,1214772914
275,2890,2.5,1214772936
275,3175,1,1214772902
275,3545,4.5,1214773157
275,3606,2.5,1214773344
275,3755,4.5,1214772981
275,7022,4.5,1214773180
276,12,3.5,1209876673
276,18,4,1209876593
276,20,3.5,1209876637
276,23,3,1209876633
276,169,3.5,1209876903
276,1513,2.5,1209876459
276,2123,4,1209877070
276,2124,4,1209876473
276,2162,3,1209877099
276,2379,5,1209876933
276,3646,3.5,1209877072
276,3869,3.5,1209876676
276,4378,3.5,1209877007
277,1,4,974953275
277,63,4,974951965
277,70,5,974952751
277,110,5,974952369
277,165,5,974951893
277,180,5,974952339
277,188,5,974952579
277,223,5,974952353
277,253,4,974952682
277,356,3,974951893
277,380,4,974953626
277,532,1,974952771
277,553,5,974952388
277,588,3,974953449
277,589,5,974952442
277,606,2,974952989
277,742,1,974952989
277,879,3,974952885
277,934,2,974953131
277,968,3,974952632
277,1214,4,974952561
277,1215,5,974952682
277,1240,5,974952442
277,1241,3,974952596
277,1261,5,974952561
277,1270,4,974951965
277,1320,3,974952797
277,1339,3,974952715
277,1345,1,974952596
277,1347,5,974952632
277,1387,4,974952561
277,1388,3,974952885
277,1407,1,974952657
277,1644,1,974952929
277,1645,4,974952657
277,1690,3,974952751
277,1717,1,974952846
277,1756,5,974953033
277,1923,1,974953380
277,1970,4,974952965
277,1972,2,974952965
277,1974,5,974952816
277,1975,5,974952945
277,1977,5,974953016
277,1978,5,974953016
277,1979,5,974953054
277,1981,5,974953033
277,1982,5,974952579
277,1983,5,974952846
277,1991,4,974952734
277,1992,2,974952989
277,1993,2,974951893
277,2000,4,974953322
277,2148,3,974952864
277,2167,5,974952734
277,2315,1,974953016
277,2328,5,974952965
277,2329,5,974952407
277,2338,1,974952965
277,2428,1,974952846
277,2456,4,974952910
277,2501,3,974952179
277,2513,5,974952771
277,2514,3,974953054
277,2617,3,974952657
277,2706,1,974953520
277,2713,1,974952910
277,2716,3,974952615
277,2826,5,974952816
277,2995,1,974952910
277,3052,5,974952032
277,3081,3,974952615
277,3114,3,974953160
277,3264,2,974952797
277,3578,5,974952323
277,3809,3,974953564
278,1840,4,902053594
278,1876,3,902053522
278,1882,1,902053649
278,1894,2,902053522
278,1909,1,902053594
278,1914,4,902053613
279,1,3,939839067
279,25,3,941660981
279,32,4,939838944
279,47,4,941660664
279,50,5,939839067
279,110,5,939838944
279,114,3,939838903
279,117,3,939837895
279,180,4,939839239
279,260,5,939839067
279,280,5,941660980
279,296,5,939838813
279,300,3,939838852
279,306,4,939838618
279,307,4,939838578
279,318,5,939838852
279,345,4,941660717
279,364,2,939838258
279,380,4,939839204
279,471,5,941660856
279,475,4,941660809
279,480,1,941660664
279,497,4,941660909
279,508,3,939838852
279,527,3,939838406
279,593,4,939839159
279,595,3,941660980
279,608,3,939839018
279,638,3,939837965
279,858,4,941660717
279,912,5,939838618
279,923,3,939838165
279,1041,3,939838903
279,1097,4,941660809
279,1120,3,939838768
279,1136,4,939838903
279,1172,5,939838450
279,1177,3,941660717
279,1196,5,939839204
279,1197,5,939838718
279,1198,4,939838318
279,1204,3,939838258
279,1210,5,939838618
279,1219,3,939838045
279,1246,4,939839239
279,1270,4,941660980
279,1276,3,939838768
279,1283,3,939839268
279,1302,3,941660856
279,1354,2,941660621
279,1397,4,941660909
279,1442,3,941660809
279,1580,3,941660909
279,1617,4,939838768
279,1625,5,941660909
279,1653,5,939838689
279,1658,3,939838768
279,1704,4,939838988
279,1721,1,939838488
279,1729,3,941660664
279,1755,2,939839067
279,1784,4,939839239
279,1923,3,939838813
279,1967,4,939910644
279,2001,3,941660980
279,2006,3,939839107
279,2028,3,939838535
279,2081,2,939839107
279,2085,3,939838450
279,2106,4,941660621
279,2118,3,939839159
279,2139,5,941660717
279,2144,4,939838988
279,2150,3,939838365
279,2174,4,939838657
279,2252,4,941660980
279,2324,5,939838365
279,2396,5,939838045
279,2443,3,939910511
279,2485,3,939838318
279,2490,4,939910479
279,2542,5,939838450
279,2571,4,939838318
279,2580,4,939838903
279,2686,2,939839204
279,2699,2,939838944
279,2706,3,939839067
279,2710,2,939837502
279,2716,3,939838657
279,2771,3,939837608
279,2791,5,939838988
279,2797,3,939839159
279,2805,2,939837641
279,2890,4,939837434
279,2918,5,939838258
279,2919,4,939838406
280,1,5,998881257
280,34,4,998881464
280,50,5,998880183
280,223,5,998881526
280,260,4,998880634
280,356,4,998881601
280,593,5,998880699
280,608,5,998880831
280,904,4,998880674
280,954,5,998880699
280,1073,4,998881331
280,1136,4,998880610
280,1196,4,998880674
280,1197,5,998881296
280,1207,5,998880699
280,1265,4,998880272
280,1449,4,998881464
280,1500,4,998881424
280,1968,5,998881377
280,2000,4,998881526
280,2150,5,998880136
280,2174,5,998881776
280,2302,4,998881949
280,2324,5,998880610
280,2355,4,998881464
280,2395,4,998881464
280,2396,5,998881377
280,2571,4,998880831
280,2599,5,998881587
280,2706,4,998881889
280,2716,5,998881242
280,2762,4,998880674
280,2791,5,998881377
280,2797,5,998881559
280,2883,5,998882937
280,2918,5,998881257
280,3039,4,998881484
280,3253,4,998881776
280,3254,3,998880257
280,3363,4,998881424
280,3552,3,998881889
280,3852,4,998880272
280,3868,4,998881865
280,3897,5,998881296
280,3996,1,998880647
280,4002,4,998881865
280,4014,5,998881098
280,4069,2,998881122
280,4128,4,998881865
280,4367,1,998880987
280,4446,4,998880968
280,4639,4,998880968
280,4686,1,998880137
280,4734,5,998880951
281,112,3,944942155
281,1129,5,944942011
281,1198,5,944942155
281,1210,5,944942011
281,1394,4,944942155
281,1461,2,944942011
281,2085,5,944942155
281,2167,4,944942155
281,2358,5,944942043
281,2373,2,944942155
282,1,5,865966172
282,25,4,865966173
282,95,3,865966173
282,141,5,865966172
282,648,5,865966172
282,736,5,865966172
282,780,5,865966172
283,1,4,1478779811
283,480,5,1478779829
283,587,4.5,1478780420
283,1097,4,1478787275
283,1527,4.5,1478787329
283,2431,4.5,1478787228
283,2762,4,1478787177
283,60069,4.5,1478787646
284,1,5,1164272042
284,6,5,1164271891
284,32,4.5,1164272139
284,50,4.5,1164271711
284,150,5,1164272038
284,214,4.5,1164271386
284,224,4,1164271139
284,296,5,1164271990
284,318,5,1164271655
284,355,2.5,1164271149
284,356,5,1164272057
284,362,4.5,1164271219
284,431,5,1164271191
284,480,4,1164272137
284,527,5,1164271645
284,589,5,1164272083
284,593,5,1164271659
284,750,4.5,1164271466
284,780,2.5,1164272051
284,858,5,1164271473
284,898,4.5,1164271622
284,1093,5,1164271236
284,1136,5,1164271570
284,1193,5,1164271601
284,1196,3,1164271676
284,1203,5,1164271360
284,1209,5,1164271599
284,1213,5,1164271481
284,1221,5,1164271476
284,1466,4,1164271143
284,1644,4,1164271260
284,1690,4,1164271125
284,1729,4.5,1164271162
284,1918,4,1164271205
284,2019,5,1164271650
284,2058,4.5,1164271910
284,2085,3.5,1164271269
284,2278,4.5,1164271185
284,2324,5,1164271531
284,2329,5,1164271373
284,2571,5,1164271562
284,2762,5,1164271661
284,2858,5,1164271370
284,2959,5,1164271469
284,3396,4.5,1164271287
284,3949,5,1165349428
284,3996,4.5,1164272110
284,4226,5,1164271566
284,4973,5,1164271366
284,4993,5,1164271546
284,5349,3.5,1164272107
284,5669,5,1164271170
284,5952,4,1164271552
284,6016,5,1164271428
284,6365,4,1164271165
284,6377,5,1164272094
284,7153,4.5,1164271548
284,7156,4.5,1164271985
284,7361,5,1164271460
284,8117,5,1164271808
284,25835,4.5,1164271782
284,27660,5,1164271757
284,33794,3,1164272064
284,44191,3.5,1164272124
284,48385,5,1164271976
284,48516,4.5,1164271452
285,908,4,1026535485
285,1254,5,1026535753
285,1883,4,1026535675
285,2028,5,1026535796
285,2628,5,1026535753
285,3683,4,1026535675
285,4041,4,1026535877
285,4226,3,1026535753
285,4292,4,1026535753
285,4835,4,1026535925
286,260,1,1485132119
286,318,5,1485132108
286,356,5,1485132168
286,527,5,1485132112
286,2571,4,1485132126
286,2959,5,1485132115
286,4993,3,1485132124
286,7153,3,1485132121
286,60074,4.5,1485132137
286,68319,4,1485132142
286,79132,5,1485132111
286,122904,4.5,1485132171
287,2,3,844864639
287,6,5,844864659
287,25,4,844864659
287,32,3,844864625
287,50,4,844864625
287,113,4,844864907
287,126,2,844864790
287,630,4,844865042
287,745,4,844864831
287,778,3,844864739
287,802,3,844864726
287,897,3,844865074
287,986,5,844865063
287,1084,3,844864884
287,1085,4,844865022
287,1086,3,844864923
287,1087,5,844865108
287,1103,4,844865391
287,1104,3,844865002
288,596,4,1269219644
288,637,4,1269219767
288,785,3.5,1269219681
288,802,4,1269219646
288,1302,3.5,1269219658
288,1408,4.5,1269219666
288,1673,4,1269219635
288,1801,4,1269219797
288,2137,3.5,1269219802
288,2605,4,1269219720
288,2761,3,1269219742
288,2770,3.5,1269219684
288,3039,4.5,1269219706
288,3108,4.5,1269219739
288,3210,3,1269219733
288,3273,3,1269219788
288,3450,4,1269219805
289,293,4.5,1281202466
289,303,1,1281198503
289,468,0.5,1281198466
289,799,4,1281198547
289,968,3.5,1281198485
289,1036,4.5,1281202418
289,1185,4,1281198595
289,1200,5,1281202386
289,1201,5,1281202432
289,1215,5,1281202135
289,1241,5,1281202405
289,1261,4,1281202085
289,1265,4,1281198833
289,1270,4,1281198819
289,1500,4,1281202171
289,1982,4,1281198567
289,2108,4,1281198513
289,2288,4.5,1281202359
289,2335,4,1281198599
289,2502,4.5,1281202327
289,2616,2.5,1281198573
289,2716,4,1281198843
289,2761,4.5,1281202180
289,2918,4.5,1281202426
289,2921,5,1281202445
289,2924,5,1281202286
289,2951,5,1281198562
289,3210,2,1281198491
289,3300,3,1281198553
289,3396,4,1281198532
289,3421,3.5,1281202247
289,3552,4,1281202268
289,3624,3,1281198499
289,3671,4,1281202391
289,3681,5,1281202157
289,3826,1,1281198535
289,3836,4,1281202101
289,4105,4.5,1281202152
289,4438,5,1281202397
289,4816,4.5,1281199039
289,4846,4.5,1281202460
289,4902,4,1281202283
289,4973,5,1281198791
289,5244,5,1281202058
289,5413,3.5,1281199071
289,6502,3.5,1281202376
289,6722,4,1281202218
289,7022,5,1281202252
289,7482,5,1281201914
289,7802,3.5,1281202067
289,8600,4.5,1281202244
289,8874,4,1281202042
289,26585,4,1281202259
289,26865,5,1281201851
289,27611,5,1281201949
289,31878,5,1281202104
289,46976,4.5,1281202354
289,51255,4.5,1281202307
289,52281,4,1281202301
289,54503,3.5,1281202232
289,54881,4.5,1281202183
289,57669,3.5,1281202311
289,59315,4,1281202458
289,60069,4.5,1281202366
289,64614,4.5,1281202435
289,66097,5,1281201472
289,67665,4,1281201835
289,68157,4,1281202177
289,68237,4.5,1281202212
289,68358,4,1281202344
289,68954,5,1281202132
289,69481,4,1281202451
289,70286,5,1281202422
289,71131,4,1281201475
289,71535,4,1281199068
289,72226,3.5,1281202090
289,73759,3.5,1281202017
289,76093,5,1281201507
289,76251,5,1281202025
290,31,3.5,1245823421
290,333,4,1245823388
290,1093,4.5,1245823486
290,1103,4,1245823575
290,1282,2,1245823353
290,1409,1.5,1245823544
290,2005,3.5,1245823414
290,2078,2,1245823461
290,2100,1,1245823368
290,2580,3.5,1245823442
290,3101,1.5,1245823375
290,3255,3,1245823426
290,3301,1,1245823550
290,3424,4,1245823569
290,3755,2.5,1245823432
290,48516,3,1245823470
291,306,5,1348974570
291,1711,4,1348974678
291,1727,3,1348974820
291,1753,4,1348974834
291,1951,4,1348974848
291,2134,4,1348974637
291,2263,4.5,1348974942
291,2405,3,1348974620
291,3210,4,1348974509
291,3686,4,1348974734
291,4128,3,1348974660
291,4344,4.5,1348974647
291,4951,2,1348974980
291,5505,3.5,1348974825
291,6765,4,1348974963
292,318,5,1439051369
292,356,4.5,1439051279
292,480,3,1439051300
292,1270,3,1439051296
292,2571,4.5,1439051285
292,4993,4.5,1439051381
292,7153,4.5,1439051377
292,7293,3.5,1439051517
292,7458,4.5,1439051518
292,33679,5,1439051432
292,47610,4,1439051511
292,50872,3.5,1439051359
292,58559,4.5,1439051386
292,109487,5,1439051442
292,116797,4,1439051448
292,122882,3.5,1439051459
293,48,3,1101837312
293,145,3.5,1101837385
293,168,4.5,1101837267
293,186,4,1101837284
293,315,4.5,1101837246
293,520,4.5,1101837333
293,1204,1.5,1101837338
293,1374,3.5,1101837177
293,2054,3,1101837346
293,2406,4.5,1101837290
293,2699,4,1101837301
293,3751,1.5,1101837275
293,3793,2.5,1101837210
293,3977,4.5,1101837390
293,4993,4.5,1101837195
293,5952,4.5,1101837399
294,1,4,1165193421
294,21,1,1165196409
294,25,4.5,1165196454
294,39,3,1165195922
294,41,4,1165196618
294,47,5,1165192453
294,50,3.5,1165193289
294,69,4.5,1165195397
294,125,5,1165195390
294,141,4,1165197442
294,165,4,1165197636
294,235,4,1165194564
294,253,2.5,1165196155
294,260,5,1165193493
294,293,5,1165192738
294,296,5,1165192889
294,318,4.5,1165192222
294,353,4,1165195941
294,356,5,1165193774
294,363,4,1165194194
294,413,3,1165191934
294,440,2.5,1165197604
294,457,5,1165193777
294,514,3.5,1165195784
294,532,4,1165191370
294,541,4,1165192936
294,551,4.5,1165194657
294,588,5,1165197300
294,589,5,1165193194
294,593,5,1165193183
294,595,5,1165197406
294,608,3.5,1165192984
294,663,5,1165195628
294,735,2,1165194531
294,750,5,1165193109
294,778,2.5,1165192910
294,799,2.5,1165191912
294,924,2,1165193090
294,953,4.5,1165193922
294,1036,4.5,1165193349
294,1061,2,1165196661
294,1073,4.5,1165195857
294,1080,5,1165192428
294,1089,4.5,1165192747
294,1090,3.5,1165193397
294,1095,2.5,1165195421
294,1136,4.5,1165193019
294,1196,5,1165193410
294,1197,4.5,1165193480
294,1198,5,1165193482
294,1200,5,1165192798
294,1210,5,1165194112
294,1214,4,1165192474
294,1219,4,1165192743
294,1220,4,1165195897
294,1222,5,1165192507
294,1230,4,1165193434
294,1234,3.5,1165194117
294,1235,2.5,1165193367
294,1237,4.5,1165194084
294,1240,5,1165193067
294,1246,2.5,1165197600
294,1247,2,1165193881
294,1252,4,1165193341
294,1265,5,1165195977
294,1266,5,1165193075
294,1270,5,1165196322
294,1272,4.5,1165194040
294,1288,3.5,1165192765
294,1291,4.5,1165193460
294,1339,4,1165196779
294,1345,2,1165191321
294,1347,4.5,1165191384
294,1350,4.5,1165194670
294,1370,4,1165197639
294,1387,5,1165195112
294,1449,4,1165192788
294,1500,3,1165195981
294,1517,5,1165195884
294,1527,3,1165197132
294,1611,2,1165195759
294,1635,3,1165191942
294,1639,2,1165196365
294,1663,4,1165191340
294,1682,4.5,1165196297
294,1688,3,1165197327
294,1704,5,1165193867
294,1784,5,1165197355
294,1923,4.5,1165196980
294,1954,4.5,1165196947
294,1968,4,1165195909
294,1997,5,1165194346
294,2028,5,1165194070
294,2108,4.5,1165196444
294,2109,5,1165194847
294,2115,3.5,1165196865
294,2160,3.5,1165191400
294,2167,4.5,1165197038
294,2174,5,1165194741
294,2194,3,1165196723
294,2231,4.5,1165191955
294,2288,5,1165194473
294,2291,5,1165195067
294,2300,3.5,1165191948
294,2313,2.5,1165192848
294,2321,5,1165196231
294,2329,4.5,1165192800
294,2395,3.5,1165194937
294,2403,3,1165196837
294,2427,2,1165191352
294,2455,3.5,1165194825
294,2463,4,1165196959
294,2502,5,1165192435
294,2541,1.5,1165191329
294,2571,5,1165193382
294,2594,3.5,1165192730
294,2700,5,1165194471
294,2706,4.5,1165197020
294,2716,5,1165195082
294,2717,4.5,1165191363
294,2762,5,1165193405
294,2791,4,1165194993
294,2795,5,1165195843
294,2797,4,1165197428
294,2804,4,1165193097
294,2858,5,1165192926
294,2916,4,1165197235
294,2918,4,1165192844
294,2959,4,1165192402
294,3020,4,1165195961
294,3033,5,1165196967
294,3052,3.5,1165195370
294,3081,4,1165195815
294,3114,4,1165196700
294,3253,4.5,1165195850
294,3275,4.5,1165192934
294,3396,4.5,1165191414
294,3397,5,1165195413
294,3421,4,1165195002
294,3476,2.5,1165194868
294,3499,3.5,1165194898
294,3526,4.5,1165196223
294,3527,4,1165196596
294,3552,5,1165195301
294,3578,3,1165193863
294,3671,5,1165195021
294,3727,4,1165194360
294,3760,4.5,1165196164
294,3809,4,1165197002
294,3868,5,1165195174
294,3911,4.5,1165194745
294,3917,2.5,1165195096
294,3994,4.5,1165197246
294,3996,3,1165192962
294,4007,3.5,1165196731
294,4034,4,1165196704
294,4085,4.5,1165196335
294,4102,5,1165195060
294,4128,3.5,1165195131
294,4210,3.5,1165194647
294,4226,1,1165192420
294,4262,3.5,1165192757
294,4278,4.5,1165193509
294,4306,5,1165193403
294,4308,4.5,1165197186
294,4488,4.5,1165195923
294,4489,4,1165196373
294,4499,5,1165195947
294,4571,4.5,1165195285
294,4649,5,1165196734
294,4678,5,1165196714
294,4734,4.5,1165196871
294,4855,3.5,1165195329
294,4878,1,1165194338
294,4886,3.5,1165193168
294,4963,4,1165196921
294,4979,3,1165195203
294,4993,3.5,1165193147
294,5055,4,1165197119
294,5292,3.5,1165194462
294,5349,4,1165196674
294,5464,3,1165196629
294,5500,4.5,1165195835
294,5528,3,1165196202
294,5608,4.5,1165192390
294,5670,3,1165195928
294,5673,5,1165195193
294,5679,4,1165191366
294,5782,5,1165192444
294,5945,4.5,1165195249
294,5989,3.5,1165197054
294,6242,3.5,1165194281
294,6377,4,1165192973
294,6502,5,1165194327
294,6584,3.5,1165196745
294,6669,4.5,1165193897
294,6711,4.5,1165192871
294,6863,1.5,1165195792
294,6874,3.5,1165192323
294,6890,4.5,1165194802
294,6936,3.5,1165196816
294,7090,4,1165192413
294,7153,3.5,1165193144
294,7162,3,1165197552
294,7360,3.5,1165194391
294,7361,3,1165192312
294,7438,3.5,1165192325
294,7647,5,1165194912
294,7766,3.5,1165192781
294,8207,5,1165192833
294,8528,3.5,1165197650
294,8580,5,1165193918
294,8610,4,1165195267
294,8636,4,1165195811
294,8874,4.5,1165194284
294,8880,1.5,1165196465
294,8914,1,1165195190
294,8917,4.5,1165196688
294,8949,2.5,1165196264
294,8961,4,1165192864
294,27660,4,1165195006
294,30707,3,1165193029
294,30810,4,1165196181
294,31878,5,1165194622
294,32587,4,1165192282
294,33794,4,1165192368
294,34437,4,1165195298
294,35836,5,1165194984
294,36529,4.5,1165196178
294,36708,5,1165194208
294,37733,4,1165194355
294,44195,4,1165192362
294,44828,4,1165194697
294,44974,1.5,1165194225
294,46578,3,1165192332
294,48385,4.5,1165192305
295,31,3.5,1387996903
295,47,4,1387997717
295,50,4,1387997721
295,79,3.5,1387997020
295,105,5,1387996884
295,256,2,1387996891
295,296,4,1409345997
295,318,4.5,1387997550
295,356,3.5,1409346000
295,455,2.5,1387996945
295,475,4,1387996927
295,527,4,1387997555
295,593,4,1387997658
295,849,3,1387996939
295,1093,4,1387996958
295,1193,4,1387997565
295,1339,3,1387996900
295,1385,3,1387996995
295,1562,3,1387996914
295,2193,2.5,1387996919
295,2335,1,1387997015
295,2959,4,1387997637
295,3717,3.5,1387996924
295,4025,2.5,1387996937
295,4878,3.5,1387997646
295,4886,4,1409345798
295,6016,4,1387997568
295,58559,4,1387997616
295,74458,4.5,1387997705
295,81591,4,1387997751
296,5,3.5,1111987460
296,21,4,1111987890
296,22,3.5,1111987169
296,45,2.5,1111987885
296,48,2.5,1111987849
296,105,3,1111987225
296,110,4.5,1111987616
296,165,3,1111987893
296,208,2,1111987855
296,225,3,1111987865
296,253,3.5,1111987911
296,260,5,1111987639
296,288,2.5,1111987458
296,318,4,1111987556
296,337,4,1111987432
296,344,3,1111987914
296,357,4,1111987415
296,376,2,1111987908
296,410,3,1111987387
296,432,3,1111987844
296,457,4,1111987589
296,466,2.5,1111987405
296,509,3.5,1111987852
296,527,4,1111987551
296,539,3.5,1111987394
296,586,3.5,1111987807
296,589,3,1111987747
296,593,4,1111987555
296,595,3.5,1111987397
296,596,3,1111987156
296,762,3,1111987835
296,783,3,1111987232
296,802,2.5,1111987826
296,805,3.5,1111987810
296,858,4,1111987600
296,912,5,1111987804
296,920,4.5,1111988051
296,953,4.5,1111987145
296,1079,4,1111987408
296,1097,4,1111987791
296,1120,3.5,1111987495
296,1183,4.5,1111987412
296,1192,4,1111988151
296,1196,5,1111987421
296,1198,4,1111987611
296,1204,4.5,1111987200
296,1213,4,1111987799
296,1221,4.5,1111987624
296,1230,4,1111987797
296,1240,3,1111987795
296,1250,4,1111987195
296,1262,4.5,1111987561
296,1266,4,1111987814
296,1271,4.5,1111987500
296,1282,3,1111987252
296,1285,3.5,1111987254
296,1302,4,1111987821
296,1320,3,1111987190
296,1370,3,1111987819
296,1387,3,1111987576
296,1610,4,1111988058
296,1641,3,1111987781
296,1673,3.5,1111987193
296,1701,4.5,1111987502
296,1719,3.5,1111987511
296,1873,3.5,1111988087
296,1876,3,1111987249
296,1917,3,1111987738
296,1939,4,1111988093
296,1962,4,1111987651
296,2001,3,1111987149
296,2011,3.5,1111987776
296,2012,3.5,1111987401
296,2028,4,1111987595
296,2067,4.5,1111988074
296,2268,3.5,1111987764
296,2302,3,1111987743
296,2321,2.5,1111987212
296,2657,2.5,1111987159
296,2747,3.5,1111987476
296,2858,4,1111987760
296,2959,4,1111987749
296,2997,3.5,1111987391
296,3072,4,1111988019
296,3101,4,1111987229
296,3105,3.5,1111988010
296,3174,4,1111987999
296,3247,3.5,1111988008
296,3263,4,1111987484
296,3285,2.5,1111988016
296,3408,4,1111987769
296,3418,4,1111987774
296,3507,4,1111988001
296,3526,4,1111987993
296,3535,3,1111987975
296,3552,4,1111987963
296,3556,3.5,1111987478
296,3671,4,1111987970
296,3809,2,1111987986
296,3844,4,1111987965
296,4008,4,1111987981
296,4018,2.5,1111987979
296,4023,2.5,1111987947
296,4027,4,1111987766
296,4034,3.5,1111987174
296,4084,3,1111987445
296,4963,4,1111987785
296,4993,4,1111987403
296,5010,3,1111987925
296,5266,2,1111987943
296,5308,4,1111987525
296,5309,3.5,1111987529
296,5378,4,1111987922
296,5418,4.5,1111987440
296,5445,3.5,1111987259
296,5481,2.5,1111987938
296,5693,4,1111987535
296,5902,4,1111987928
296,6218,3.5,1111987453
296,6947,4,1111988049
296,7153,4,1111987434
296,8622,4,1111987953
296,8797,4.5,1111988072
297,170,1.5,1264331086
297,800,1.5,1264331091
297,922,1.5,1264331130
297,1103,2,1264331131
297,1188,1.5,1264331089
297,1244,1,1264331082
297,1635,1.5,1264331129
297,2140,0.5,1264331087
297,2288,2,1264331088
297,2686,2,1264331132
297,2795,1.5,1264331130
297,3108,0.5,1264331090
297,3174,1.5,1264331082
297,3510,1,1264331083
297,4361,2.5,1264331085
298,2,3,836823465
298,10,3,836823238
298,32,4,836823360
298,39,3,836823323
298,47,4,836823260
298,50,5,836823323
298,110,5,836823260
298,150,5,836823081
298,153,3,836823135
298,160,3,836823359
298,161,4,836823203
298,165,3,836823130
298,173,3,836823418
298,185,4,836823238
298,186,4,836823465
298,225,4,836823296
298,231,3,836823166
298,235,4,836823466
298,236,4,836823417
298,252,3,836823443
298,253,4,836823238
298,266,3,836823359
298,288,3,836823260
298,292,5,836823203
298,296,5,836823082
298,300,3,836823260
298,315,3,836823390
298,316,4,836823166
298,317,4,836823295
298,318,5,836823166
298,329,4,836823165
298,339,4,836823203
298,344,3,836823133
298,349,4,836823132
298,356,5,836823359
298,364,3,836823323
298,367,3,836823390
298,377,3,836823466
298,380,4,836823085
298,410,3,836823260
298,432,3,836823390
298,434,3,836823203
298,435,4,836823390
298,440,4,836823443
298,454,3,836823323
298,457,4,836823238
298,480,4,836823390
298,553,4,836823417
298,588,4,836823132
298,589,5,836823416
298,590,3,836823079
298,592,4,836823077
298,593,3,836823202
299,318,3.5,1496606689
299,356,4,1496606897
299,1198,2.5,1496606695
299,1270,4,1496608956
299,2571,3,1496606703
299,48780,4,1496606911
299,86332,2.5,1496606712
299,88140,2.5,1496606866
299,91542,2,1496606719
299,111362,3,1496606715
299,116797,4,1496606908
299,122922,3,1496606906
299,163645,3.5,1496609624
299,165551,3.5,1496606883
299,168252,3,1496606879
300,1193,3,997960506
300,1721,4,997960490
300,2127,1,997960490
300,3809,3,997960490
300,4327,4,997960490
301,260,5,1450977876
301,296,5,1450977869
301,1089,4,1450977874
301,7153,5,1450977878
302,1,5,944926563
302,260,5,944926495
302,480,4,944926563
302,597,5,944927720
302,919,5,944926768
302,1208,4,944926768
302,2028,5,944926973
302,2085,4,944926563
302,2396,5,944926768
302,2501,4,944926768
302,2521,4,944926563
302,2571,5,944926865
302,2804,5,944926768
302,2918,4,944926919
302,3062,4,944926919
303,47,3.5,1201813040
303,58,4,1059692133
303,293,2,1201812824
303,296,3.5,1201812773
303,302,3,1059692618
303,306,2,1201812725
303,307,3.5,1201812884
303,308,4,1201812942
303,497,3.5,1059692104
303,541,3.5,1201812891
303,590,2.5,1059692694
303,608,4,1201812698
303,665,5,1201813049
303,715,2.5,1059692773
303,750,4,1059692089
303,762,0.5,1059692236
303,778,4,1201812831
303,858,4,1201812640
303,904,4,1201812651
303,920,2.5,1059692113
303,923,4,1201812753
303,1201,4,1201812865
303,1206,4.5,1201812900
303,1209,4,1201812768
303,1219,4,1201812770
303,1227,4,1059692642
303,1228,4,1201812712
303,1230,4,1201812950
303,1247,4,1059692130
303,1258,4,1059692149
303,1380,4,1059692245
303,1580,1.5,1059692753
303,2011,2,1059692207
303,2054,1.5,1059692255
303,2100,1,1059692262
303,2324,4.5,1059692175
303,2692,4,1059692231
303,2706,1,1059692126
303,2729,4,1201813023
303,2745,4,1059692593
303,2797,2,1059692144
303,2932,3.5,1201813102
303,2959,4,1201812914
303,2997,4,1061879064
303,3083,4.5,1201812737
303,3134,3.5,1201812924
303,3160,3.5,1201812996
303,3681,3.5,1201812841
303,3996,4,1059692167
303,4144,4.5,1201812872
303,4226,3.5,1201812644
303,4235,4,1201812634
303,4612,4,1201813020
303,4967,3,1201812707
303,4973,3,1201812614
303,4993,3,1201813078
303,5608,2.5,1059692659
303,5669,3,1201812895
303,5673,4,1059692587
303,5876,2.5,1059692550
303,5878,4.5,1059692534
303,5902,3.5,1201812946
303,5945,3,1059692599
303,5956,3.5,1059692627
303,5995,4,1059692541
303,6016,4.5,1201812600
303,6370,3.5,1059692400
303,6442,3.5,1059692545
303,6711,4,1201812930
303,6954,3,1201812749
303,6993,4,1201812960
303,7090,2.5,1201812973
303,7156,3.5,1201812625
303,7361,3.5,1201812660
303,38038,3.5,1201813094
303,46578,3.5,1201812759
303,48516,3.5,1201812675
304,1097,4,970696171
304,1221,5,970696219
304,2455,3,970696171
304,3430,2,970696171
304,3608,2,970696219
305,1103,5,1336704709
305,1385,4.5,1336704721
305,1416,5,1336704744
305,1586,5,1336704635
305,1620,4,1336704878
305,2116,5,1336704765
305,2402,4,1336704846
305,2409,5,1336704772
305,2728,4.5,1336704855
305,2840,4.5,1336704830
305,2991,4,1336704893
305,3113,5,1336704793
305,3257,5,1336704696
305,3301,5,1336704675
305,3827,5,1336704816
306,2,4,846232320
306,3,4,846232803
306,5,3,846232643
306,6,1,846232501
306,11,4,846232320
306,16,4,846232569
306,17,3,846232368
306,19,4,846232191
306,20,3,846232886
306,21,1,846232191
306,22,3,846232591
306,23,1,846232835
306,24,4,846232886
306,31,4,846232544
306,34,4,846232163
306,36,3,846232474
306,39,3,846232222
306,44,3,846232431
306,47,4,846232133
306,50,1,846232191
306,79,4,846233685
306,95,2,846232368
306,104,4,846232835
306,105,4,846232501
306,110,1,846232105
306,145,3,846232667
306,150,3,846231922
306,151,1,846232407
306,158,3,846232451
306,160,4,846232292
306,161,4,846232073
306,163,1,846232617
306,170,3,846232787
306,173,1,846232320
306,174,4,846233099
306,177,4,846233705
306,185,4,846232073
306,186,4,846232387
306,191,5,846233705
306,193,2,846232522
306,195,3,846233063
306,204,1,846232407
306,207,4,846232719
306,208,1,846232073
306,216,5,846232737
306,218,3,846232703
306,223,4,846232569
306,225,4,846232191
306,227,3,846232643
306,230,3,846232667
306,231,5,846232011
306,234,3,846232772
306,236,3,846232368
306,248,4,846232803
306,252,3,846232407
306,253,4,846232105
306,255,3,846233705
306,257,4,846232772
306,266,3,846232292
306,267,4,846232865
306,273,3,846232591
306,276,4,846232617
306,277,5,846232544
306,280,4,846232703
306,282,5,846232344
306,288,4,846232104
306,289,3,846233063
306,292,4,846232045
306,293,2,846232431
306,296,3,846231922
306,315,2,846232344
306,317,4,846232292
306,318,5,846232046
306,333,4,846232501
306,338,1,846232772
306,339,3,846232073
306,344,5,846231971
306,349,4,846231971
306,350,4,846232320
306,355,3,846232544
306,356,5,846232046
306,361,3,846232851
306,364,4,846232133
306,367,5,846232133
306,368,4,846232451
306,377,2,846232133
306,380,3,846231922
306,382,3,846232886
306,416,3,846233705
306,419,3,846232772
306,420,3,846232222
306,432,3,846232320
306,435,3,846232292
306,442,1,846232344
306,450,5,846233888
306,454,4,846232104
306,466,3,846232569
306,474,3,846232344
306,480,3,846232045
306,489,3,846233099
306,500,4,846232163
306,524,4,846233063
306,542,4,846233145
306,550,3,846233145
306,551,1,846232431
306,553,3,846232368
306,587,4,846232163
306,588,4,846231971
306,589,3,846232104
306,592,4,846231922
306,595,5,846232011
306,597,4,846232163
306,688,2,846233099
306,736,4,846232387
306,737,1,846233685
306,1101,5,846233798
307,362,3.5,1332960733
307,1321,4.5,1332960770
307,1357,3.5,1332960335
307,1479,1,1332960333
307,1831,1,1332960758
307,1962,3.5,1332960302
307,2352,4,1332960803
307,2366,3.5,1332960789
307,2394,3,1332960811
307,2641,2.5,1332960317
307,2746,2.5,1332960325
307,2826,2,1332960762
307,3005,2.5,1332960808
307,3247,2.5,1332960779
307,3363,4.5,1332960767
307,3510,3.5,1332960725
307,4361,4,1332960737
308,1,4,980308125
308,25,4,979860454
308,32,5,980307483
308,34,5,979859663
308,39,4,979861452
308,41,4,979861230
308,45,3,980308543
308,47,4,979860967
308,50,5,979860262
308,93,2,980309475
308,104,3,980308498
308,110,4,979861595
308,135,4,980309254
308,171,4,980309102
308,180,4,980308687
308,186,2,980309475
308,203,2,980309402
308,218,3,980309370
308,223,5,980309504
308,235,5,979860810
308,247,3,979860334
308,253,4,980307006
308,260,4,979859705
308,272,4,979861123
308,296,5,979860305
308,305,1,980309286
308,316,4,980307639
308,317,3,980307978
308,318,4,979860378
308,327,3,980307820
308,329,3,980307712
308,337,5,979861056
308,345,5,980308766
308,356,4,980308523
308,357,5,980308543
308,364,3,980309741
308,367,2,980307978
308,382,3,980307045
308,410,3,980308906
308,440,4,980308543
308,441,4,980308284
308,442,2,980307772
308,446,5,979861431
308,457,4,979861431
308,480,3,980307579
308,500,3,980309085
308,516,2,980309370
308,527,5,979860248
308,529,4,979860967
308,541,5,979860496
308,585,3,980308826
308,588,3,980309741
308,589,3,980307438
308,593,4,979860522
308,594,4,979861530
308,608,4,979860392
308,610,3,980307560
308,639,2,980308725
308,648,4,979859983
308,673,3,980308007
308,708,5,980308625
308,718,2,980307682
308,750,5,979860291
308,778,4,979861243
308,919,3,979860348
308,921,4,979859705
308,924,4,979860454
308,955,5,979861123
308,1022,4,980309776
308,1073,5,979861607
308,1079,5,979860875
308,1080,5,979860788
308,1081,4,980308451
308,1089,4,979860291
308,1094,4,979861056
308,1096,4,979860916
308,1097,3,979861070
308,1136,5,979860421
308,1148,4,979860209
308,1150,4,979860810
308,1179,3,979861500
308,1188,4,979860651
308,1197,4,979860674
308,1198,4,979859682
308,1199,3,980307407
308,1200,4,980307407
308,1206,4,979860576
308,1210,3,980307506
308,1213,5,979860366
308,1214,5,979860486
308,1215,5,979861557
308,1220,3,980308378
308,1222,4,979860875
308,1225,5,979860291
308,1231,4,979860694
308,1235,5,979860106
308,1240,4,979861569
308,1242,4,979860810
308,1245,4,979860486
308,1257,4,980308346
308,1258,4,980306737
308,1259,3,979860694
308,1261,3,979860967
308,1265,4,980308182
308,1266,4,979860624
308,1269,4,979861268
308,1270,3,979861056
308,1276,4,980308162
308,1278,5,979860850
308,1282,5,979859873
308,1285,5,980308225
308,1288,5,979860576
308,1292,5,979860929
308,1293,4,979860903
308,1297,4,980308346
308,1307,3,979861452
308,1321,5,980306778
308,1346,4,980307119
308,1354,5,980922709
308,1374,4,980307483
308,1377,2,980309229
308,1378,2,980309121
308,1387,3,980306757
308,1393,3,979860944
308,1394,5,980308126
308,1396,2,980307506
308,1405,3,980308853
308,1407,3,980306886
308,1409,3,980309308
308,1425,3,980309121
308,1513,4,980309102
308,1527,4,980307620
308,1544,3,980307772
308,1580,4,980307560
308,1584,3,979861409
308,1588,3,980309388
308,1614,3,980309085
308,1639,5,979861409
308,1641,5,980308523
308,1645,4,980306886
308,1663,4,980308308
308,1673,4,979860624
308,1676,1,980307665
308,1704,5,979861106
308,1777,5,980308523
308,1821,4,980309022
308,1883,2,980308483
308,1909,3,980307532
308,1923,4,980308483
308,1955,4,979861431
308,1957,4,979860810
308,1967,5,980307956
308,1968,4,980308182
308,1994,4,980306849
308,1995,2,980307173
308,1997,4,979859894
308,2003,3,980307006
308,2005,2,980307938
308,2009,2,980307560
308,2010,5,980307438
308,2012,2,980308947
308,2020,5,979860706
308,2021,2,980307665
308,2085,3,980309810
308,2089,2,980309810
308,2096,4,980309776
308,2100,3,980307938
308,2108,4,979861431
308,2124,4,980308687
308,2134,3,980308826
308,2135,4,979860015
308,2137,5,980309776
308,2139,4,980309741
308,2140,4,980307560
308,2144,5,980308523
308,2155,4,980308705
308,2161,2,980307938
308,2167,4,980306970
308,2174,4,979861409
308,2248,5,979860651
308,2261,3,980308451
308,2285,2,979860788
308,2291,3,979860827
308,2301,3,980308725
308,2302,3,980308579
308,2312,4,979859936
308,2321,4,980308379
308,2325,4,979859705
308,2352,3,979861123
308,2355,3,980308323
308,2378,2,980309254
308,2393,3,980307731
308,2394,3,980309776
308,2395,4,979860788
308,2396,4,980308182
308,2406,3,980308612
308,2407,3,980307620
308,2450,1,980307848
308,2451,2,980307119
308,2455,3,980307532
308,2469,3,980309055
308,2517,2,980307119
308,2571,4,979861033
308,2599,5,979860591
308,2613,3,980307006
308,2617,1,980306886
308,2628,3,979859642
308,2657,5,980306849
308,2659,4,980308805
308,2671,4,980308625
308,2683,4,980308966
308,2687,3,980309708
308,2690,4,979861409
308,2699,3,980307682
308,2700,5,979861595
308,2701,1,980307875
308,2712,2,980309642
308,2716,3,980306849
308,2723,2,980308705
308,2736,3,980308562
308,2746,4,980306886
308,2761,5,979860651
308,2762,5,979860508
308,2787,2,980307082
308,2788,5,979861033
308,2791,5,979861452
308,2792,3,979860030
308,2795,3,980308379
308,2797,3,980307938
308,2804,4,980308126
308,2826,3,980306970
308,2858,5,979859848
308,2871,4,979861516
308,2872,5,979861641
308,2883,4,979861281
308,2890,4,979861002
308,2898,3,980307063
308,2915,4,980308359
308,2916,3,980307506
308,2918,4,979861002
308,2968,5,980307438
308,2987,4,980309776
308,2997,4,979860366
308,3016,3,980307027
308,3018,3,980306886
308,3033,3,980307712
308,3034,2,980309708
308,3039,3,980308483
308,3040,4,980308465
308,3052,3,979861641
308,3070,5,980307712
308,3072,3,979860827
308,3098,3,979861641
308,3130,2,980309308
308,3159,3,979859873
308,3175,5,980307483
308,3210,5,980308240
308,3253,4,980308397
308,3254,2,980309022
308,3255,3,980308656
308,3264,4,980306886
308,3343,2,979860194
308,3358,4,980308346
308,3361,4,979860850
308,3397,4,980308451
308,3398,3,980308597
308,3418,3,979861268
308,3429,5,979860421
308,3448,3,980308906
308,3469,4,979860319
308,3471,4,980307457
308,3476,5,980306849
308,3499,3,980306757
308,3524,3,980308826
308,3526,3,979861452
308,3535,3,980922728
308,3548,5,979860486
308,3550,5,980307027
308,3552,4,980308240
308,3556,4,980922747
308,3578,4,979859918
308,3593,1,979860055
308,3608,4,980308284
308,3668,3,979861500
308,3671,5,979861254
308,3680,4,979861020
308,3688,2,979859682
308,3698,3,980307731
308,3699,4,980307532
308,3701,4,980307639
308,3708,2,980307152
308,3727,5,980308308
308,3770,5,980307604
308,3793,4,979859894
308,3868,4,980308452
308,3917,5,980306930
308,3918,3,980306930
308,3993,4,979861686
308,4007,3,979859961
308,4008,4,979859894
308,4039,2,979859999
308,4046,4,979859873
308,4047,4,979859918
308,4066,5,979859983
308,4079,4,980307438
308,4117,5,980308126
308,4121,3,980307560
308,4128,3,980306904
308,5060,5,979860534
309,170,3.5,1304552067
309,273,4.5,1304552077
309,719,2,1304552026
309,1188,3.5,1304552108
309,1223,5,1304552086
309,1261,5,1304552099
309,1321,5,1304552089
309,1962,3,1304552031
309,2020,5,1304552094
309,2140,4.5,1304552074
309,2393,3.5,1304552039
309,2605,3,1304552043
309,2707,2.5,1304552104
309,3510,3,1304552058
309,3863,4,1304552063
309,4643,4,1304552065
310,203,1.5,1238084810
310,308,3,1238084836
310,381,2.5,1238084823
310,383,0.5,1238084831
310,748,4.5,1238084804
310,880,2.5,1238084796
310,916,4,1238084819
310,922,4,1238084797
310,1103,4,1238084809
310,1256,2.5,1238084822
310,1411,3,1238084749
310,1441,1,1238084801
310,2616,0.5,1238084799
310,2686,4,1238084808
310,2795,3.5,1238084806
310,3424,1,1238084806
310,59590,4.5,1238085528
311,45,4,1068803871
311,272,5,1068803938
311,342,4,1068803843
311,471,4,1068803841
311,543,2.5,1068803862
311,762,3,1068803898
311,783,3,1068803932
311,1035,4.5,1068803867
311,1199,5,1068803853
311,1204,5,1068803935
311,2268,4,1068803830
311,2712,4.5,1068803824
311,3176,4,1068803942
311,3408,5,1068803856
311,4022,4,1068803952
311,4306,4,1068803957
312,16,4.5,1139517836
312,19,1,1139517799
312,47,4.5,1139518565
312,50,4.5,1139518167
312,70,4,1139518138
312,101,4,1139519050
312,104,2.5,1139519671
312,110,3,1139520793
312,111,4.5,1139518995
312,151,1,1139519657
312,180,4,1139518530
312,185,3,1139518156
312,231,3,1139519640
312,235,3.5,1139517838
312,260,4,1139520159
312,293,3.5,1139519635
312,296,5,1139517942
312,316,3,1139518147
312,318,4.5,1139519169
312,329,1,1139520933
312,368,2,1139517759
312,377,3.5,1139520908
312,380,1,1139520795
312,442,0.5,1139517766
312,480,1.5,1139520787
312,508,2.5,1139517763
312,539,2,1139521058
312,541,3.5,1139519205
312,555,4.5,1139518113
312,589,1,1139520798
312,593,3,1139518663
312,595,1,1139520902
312,597,1,1139518128
312,608,4,1139518971
312,736,1,1139519616
312,741,4.5,1139518804
312,750,3.5,1139517819
312,778,4,1139519602
312,780,3,1139517928
312,782,3.5,1139518507
312,784,4,1139519621
312,785,3,1139519610
312,786,0.5,1139517748
312,858,4.5,1139518813
312,924,4,1139519549
312,1060,3.5,1139518088
312,1061,4,1139518485
312,1079,3,1139518936
312,1080,3.5,1139517843
312,1088,1,1139519561
312,1089,4.5,1139518569
312,1101,1.5,1139519558
312,1136,3.5,1139520120
312,1148,1.5,1139519278
312,1196,4,1139520104
312,1198,4,1139518096
312,1201,3.5,1139518634
312,1206,4,1139518089
312,1208,3,1139517808
312,1210,4,1139519403
312,1213,4.5,1139518567
312,1214,4,1139519179
312,1218,4,1139518555
312,1219,3,1139518946
312,1220,2,1139517812
312,1221,5,1139518074
312,1222,4,1139518559
312,1258,4,1139517846
312,1265,3.5,1139519556
312,1274,4.5,1139518895
312,1371,0.5,1139519521
312,1372,0.5,1139519509
312,1374,0.5,1139519503
312,1375,1,1139519516
312,1376,0.5,1139519507
312,1387,1,1139519001
312,1391,3.5,1139519512
312,1396,4.5,1139518046
312,1464,4,1139518455
312,1466,4,1139518959
312,1499,0.5,1139518464
312,1517,3,1139517773
312,1527,3.5,1139518060
312,1552,3,1139519520
312,1573,4.5,1139518054
312,1580,3,1139518064
312,1645,4,1139519482
312,1717,1,1139518429
312,1721,1,1139519485
312,1732,4.5,1139518981
312,1882,1,1139518441
312,2003,0.5,1139519488
312,2006,0.5,1139519968
312,2028,2,1139518000
312,2167,3,1139519949
312,2321,3.5,1139519439
312,2329,4.5,1139517981
312,2355,4,1139517815
312,2395,5,1139517986
312,2502,4.5,1139517983
312,2539,3,1139518374
312,2542,4.5,1139518819
312,2571,4.5,1139519428
312,2579,3.5,1139518899
312,2580,4.5,1139519029
312,2628,2,1139520153
312,2683,3.5,1139517966
312,2692,4,1139518860
312,2693,1,1139519012
312,2700,4.5,1139518993
312,2706,3,1139517806
312,2710,2.5,1139517834
312,2712,4.5,1139519444
312,2788,3.5,1139520123
312,2858,4.5,1139518851
312,2890,4,1139518978
312,2916,1,1139517950
312,2951,3.5,1139519201
312,2959,5,1139518571
312,2987,1.5,1139517755
312,2997,4,1139518918
312,3000,3.5,1139519182
312,3006,4,1139518989
312,3114,4.5,1139519430
312,3160,5,1139517934
312,3175,3,1139517954
312,3253,4,1139519433
312,3265,3.5,1139518627
312,3362,4,1139519054
312,3481,4,1139519059
312,3581,4,1139520031
312,3635,3.5,1139519854
312,3639,3.5,1139519851
312,3702,1.5,1139519847
312,3703,1.5,1139519844
312,3717,3,1139518334
312,3753,1,1139517971
312,3793,1,1139517753
312,3949,4.5,1139518287
312,3994,3.5,1139519418
312,3996,4.5,1139517771
312,3999,1,1139519825
312,4006,0.5,1139519820
312,4011,5,1139518640
312,4014,1.5,1139519812
312,4015,2.5,1139519828
312,4027,4,1139518901
312,4033,4,1139519806
312,4034,4,1139518969
312,4226,5,1139518563
312,4235,4.5,1139520039
312,4262,4,1139518853
312,4367,0.5,1139519781
312,4370,3,1139519798
312,4878,4.5,1139518213
312,4886,4.5,1139519393
312,4896,0.5,1139519410
312,4901,0.5,1139519761
312,4963,3.5,1139519416
312,4975,4,1139519763
312,4979,4,1139519754
312,5218,4,1139519731
312,5219,0.5,1139519739
312,5254,1,1139518239
312,5329,4.5,1139520029
312,5349,1.5,1139519407
312,5378,1.5,1139520155
312,5388,4,1139518229
312,5669,4.5,1139519026
312,5952,0.5,1139517841
312,5989,3.5,1139518233
312,6377,4,1139517931
312,6541,3,1139519703
312,6620,4.5,1139519003
312,6692,4,1139521195
312,6711,4,1139518221
312,6796,1.5,1139518864
312,6807,3.5,1139519268
312,6857,3,1139519101
312,6874,4.5,1139518844
312,6934,2,1139518204
312,6953,5,1139518185
312,7090,4.5,1139518911
312,7147,2.5,1139518195
312,7153,0.5,1139520095
312,7254,4.5,1139519697
312,7361,4.5,1139518174
312,7387,1,1139518974
312,7438,4.5,1139518801
312,8360,3.5,1139519692
312,8528,4.5,1139518201
312,8784,4.5,1139518180
312,8873,4,1139520035
312,8949,4,1139518183
312,8950,4.5,1139520053
312,8985,0.5,1139519953
312,27773,4,1139518963
312,30707,4.5,1139518176
312,32587,5,1139518188
312,33166,4.5,1139520037
312,33794,4,1139519686
312,34271,1,1139519198
312,36529,4.5,1139518849
312,39292,4,1139518841
312,40278,3,1139518547
312,40583,3.5,1139517893
313,47,4,1447078052
313,110,5,1447076423
313,111,4,1447078055
313,150,4,1447077443
313,260,5,1447076436
313,293,3,1447077229
313,296,3,1447078222
313,318,5,1447076217
313,356,4,1447076236
313,474,3.5,1447077944
313,508,2.5,1447077671
313,527,5,1447076222
313,529,3,1447077666
313,588,1,1447077078
313,593,3,1447077197
313,608,3,1447078050
313,858,4,1447077186
313,1196,5,1447076427
313,1213,3.5,1447077201
313,1220,2.5,1447076874
313,1221,4,1447077191
313,1246,3,1447077402
313,1257,2.5,1447076889
313,1270,4,1447076764
313,1278,3,1447076746
313,1287,4,1447077734
313,1682,2.5,1447076859
313,1954,3.5,1447077953
313,1961,4,1447077374
313,1962,3.5,1447077102
313,2000,3.5,1447077058
313,2194,4,1447077481
313,2291,2.5,1447077970
313,2324,5,1447076223
313,2501,3.5,1447077545
313,2599,2.5,1447076944
313,2791,1,1447076904
313,2795,2.5,1447076949
313,2918,4,1447077338
313,3039,2.5,1447077976
313,3104,3,1447076918
313,3147,4,1447077270
313,3462,3,1447078193
313,3481,2,1447076847
313,3578,4,1447076457
313,3916,4,1447077730
313,4011,2.5,1447078058
313,4014,2.5,1447076992
313,4027,1.5,1447076783
313,4103,4,1447077665
313,4226,3.5,1447078023
313,4262,3.5,1447077331
313,4306,4,1447076532
313,4499,3,1447077126
313,4886,2.5,1447076786
313,4993,5,1447076438
313,4995,4,1447077334
313,5418,3.5,1447076446
313,5669,3,1447076644
313,5952,5,1447076434
313,5989,4,1447077496
313,5995,3,1447078061
313,6016,2.5,1447078151
313,6598,4,1447076665
313,6753,3,1447076973
313,7153,5,1447076429
313,7263,3.5,1447077802
313,7445,4,1447077698
313,8533,3,1447077758
313,8665,3,1447077510
313,8970,3,1447077814
313,27423,1,1447076899
313,27871,5,1447076636
313,30707,4,1447077514
313,30749,4,1447077262
313,31878,1.5,1447076927
313,33794,3.5,1447076454
313,44191,4,1447076469
313,44199,3,1447077400
313,44555,0.5,1447078125
313,46578,2.5,1447076770
313,47629,3.5,1447077909
313,48516,4,1447077211
313,48738,3.5,1447077473
313,48774,2.5,1447077411
313,48780,3,1447077235
313,50872,4,1447076518
313,53125,2.5,1447078114
313,54286,4,1447076440
313,55276,3.5,1447077875
313,56367,1.5,1447076833
313,57669,1,1447076780
313,58559,4,1447076419
313,59369,3.5,1447078116
313,60069,3,1447078186
313,60684,0.5,1447078121
313,62644,4,1447077644
313,64614,4,1447077305
313,64716,4.5,1447077837
313,68157,3,1447078068
313,68954,4,1447076497
313,71282,4,1447076627
313,71466,1,1447077077
313,72641,4,1447077589
313,74324,4,1447077415
313,74458,4,1447077347
313,76093,4,1447076498
313,78499,4,1447076502
313,79132,5,1447076420
313,79702,1,1447076891
313,80463,3.5,1447077610
313,80489,2,1447077819
313,80586,2.5,1447076956
313,80693,2,1447077165
313,80906,4,1447076586
313,81191,4,1447076709
313,81564,3.5,1447077108
313,81845,5,1447077288
313,81847,4,1447076537
313,85342,3.5,1447077355
313,85881,3,1447077069
313,86504,4,1447078190
313,88810,5,1447077368
313,89492,3.5,1447077537
313,91529,4,1447077273
313,92259,4,1447076226
313,93420,4,1447076657
313,93721,3.5,1447076607
313,94752,4.5,1447077847
313,95858,5,1447076508
313,95873,1.5,1447077158
313,96655,3,1447077111
313,97304,3.5,1447077512
313,97921,2,1447076856
313,99114,4,1447078188
313,103335,3,1447076556
313,104272,4,1447076662
313,104374,4,1447076760
313,105504,4,1447077613
313,106782,0.5,1447077632
313,106920,2.5,1447077434
313,107141,3,1447077133
313,107978,3.5,1447077765
313,109487,4,1447077231
313,111622,3.5,1447077024
313,112183,0.5,1447076932
313,112552,3,1447077236
313,115617,3.5,1447076474
313,115713,4,1447078135
313,116797,3,1447077260
313,117881,3.5,1447077831
313,119145,2.5,1447076951
313,122882,2,1447078136
313,126430,3,1447077557
313,127132,1,1447076373
313,127134,4,1447076363
313,127202,0.5,1447076800
313,134130,4,1447076291
313,134853,4,1447076725
313,138036,3,1447076994
313,142448,3.5,1447076322
314,32,4,1273528164
314,44,1.5,1273525336
314,97,4.5,1273527052
314,154,4,1273527164
314,159,4,1273528601
314,296,5,1273527612
314,348,3.5,1273525369
314,466,2.5,1273525249
314,541,3.5,1273527455
314,583,5,1273528609
314,608,5,1273527466
314,665,5,1273527346
314,673,3,1273525357
314,680,3.5,1273527690
314,741,5,1273527533
314,750,5,1273527049
314,778,3,1273527804
314,823,4.5,1273528670
314,924,5,1273527154
314,1078,2.5,1273528590
314,1095,4,1273528042
314,1175,3,1273527574
314,1193,4.5,1273527424
314,1206,5,1273527074
314,1222,5,1273527531
314,1230,5,1273527158
314,1232,4,1273526858
314,1237,4.5,1273525733
314,1244,5,1273527134
314,1251,5,1273526488
314,1274,4,1273527555
314,1279,2,1273528358
314,1333,2.5,1273528244
314,1387,3.5,1273528633
314,1464,3.5,1273527839
314,1572,4.5,1273527021
314,1729,4.5,1273528428
314,1732,5,1273527634
314,1773,4,1273528656
314,1809,4.5,1273526879
314,1916,3.5,1273525786
314,1921,4,1273528138
314,1997,4,1273528408
314,2010,4.5,1273526941
314,2019,3,1273526965
314,2076,4,1273525388
314,2313,3.5,1273525426
314,2324,4,1273526715
314,2351,4,1273526495
314,2360,4.5,1273527123
314,2427,3.5,1273527797
314,2511,4.5,1273527206
314,2677,3.5,1273525838
314,2731,5,1273526794
314,2843,4,1273527114
314,2858,5,1273528008
314,2925,3,1273526931
314,2959,5,1273528090
314,3019,1.5,1273525714
314,3089,4.5,1273526673
314,3168,4,1273528253
314,3246,3.5,1273525495
314,3272,3,1273528667
314,3328,5,1273528092
314,3362,4.5,1273527239
314,3424,3.5,1273525441
314,3484,1.5,1273525886
314,3569,2.5,1273528540
314,3655,3.5,1273528013
314,3699,3.5,1273525518
314,3741,4.5,1273526975
314,3742,4,1273526912
314,3788,4,1273527116
314,3949,4.5,1273527788
314,4144,3,1273526890
314,4325,4.5,1273526560
314,4434,4,1273526462
314,4640,4,1273526382
314,4848,4.5,1273527419
314,4878,3,1273528036
314,4914,5,1273526875
314,4973,4.5,1273527514
314,5013,2.5,1273525435
314,5073,4,1273527897
314,5137,4.5,1273528221
314,5147,5,1273526825
314,5291,5,1273526842
314,5304,4.5,1273527009
314,5508,4,1273528581
314,5669,4,1273528386
314,5954,4.5,1273527506
314,6016,4,1273526977
314,6023,3,1273526868
314,6197,2,1273528296
314,6271,4.5,1273527077
314,6305,3.5,1273528189
314,6433,4,1273527269
314,6599,4,1273526408
314,6609,4,1273526413
314,6645,2.5,1273528448
314,6666,4,1273527041
314,6684,3.5,1273528250
314,6711,4,1273527767
314,6774,4.5,1273527443
314,6890,4,1273528403
314,6985,4,1273526822
314,6987,4,1273527120
314,7022,1,1273526367
314,7024,4,1273526425
314,7043,4.5,1273526787
314,7136,4,1273527142
314,7323,4,1273527830
314,7361,2,1273527583
314,7371,4,1273527397
314,7577,1,1273527596
314,7767,4,1273526684
314,7785,3.5,1273528304
314,7934,4.5,1273527353
314,8014,4.5,1273527064
314,8154,5,1273526486
314,8327,5,1273526376
314,8456,4,1273527409
314,8477,4.5,1273526804
314,8507,3.5,1273526936
314,8620,4.5,1273526812
314,8739,4.5,1273526420
314,8848,4,1273526667
314,8930,4.5,1273527471
314,25771,5,1273527017
314,25774,5,1273527447
314,25788,4,1273527674
314,25805,4,1273526783
314,26052,4,1273526919
314,26094,4.5,1273526555
314,26150,3,1273526830
314,26172,4,1273527429
314,26208,5,1273527272
314,26237,3.5,1273528456
314,26258,1.5,1273528512
314,26350,4,1273526565
314,26840,3.5,1273526902
314,27266,3,1273527630
314,27592,4.5,1273527437
314,27728,3,1273527833
314,27773,5,1273527208
314,30803,5,1273527356
314,30810,2.5,1273528490
314,32649,4,1273526447
314,32792,3,1273526748
314,32892,4,1273526777
314,33880,3,1273528638
314,34437,4,1273528019
314,37733,4.5,1273528265
314,40015,4.5,1273526319
314,42418,3.5,1273527782
314,44663,3.5,1273526324
314,48082,4,1273528503
314,49932,3,1273528626
314,51312,5,1273526528
314,53226,4,1273526607
314,53447,4,1273528555
314,53519,3,1273528614
314,55247,4.5,1273528425
314,55269,3.5,1273528319
314,55444,4.5,1273527570
314,55820,4.5,1273527324
314,56782,1,1273527498
314,62250,4.5,1273526753
314,63072,0.5,1273528282
314,63876,4.5,1273527608
314,64839,3.5,1273527808
314,66744,4.5,1273526525
314,68157,1.5,1273526709
314,71464,3,1273528293
314,73590,4,1273526321
315,593,5,1466292889
315,903,5,1466292926
315,1219,5,1466292912
315,1258,5,1466292922
315,1590,5,1466292881
315,2571,5,1466292899
315,4105,5,1466292812
315,4848,5,1466292829
315,5991,5,1466292867
315,27491,5,1466292801
315,34143,5,1466292794
315,49932,5,1466292837
315,53953,5,1466292763
315,61262,5,1466292905
315,76030,5,1466292756
316,141,3.5,1097525201
316,165,4,1097525213
316,282,3.5,1095384855
316,318,4,1097525088
316,356,4.5,1095386066
316,457,4,1097525119
316,589,4,1097525096
316,590,4,1095385987
316,592,4,1097525164
316,593,5,1097525131
316,780,3.5,1095385998
316,852,4,1095384940
316,916,4.5,1097525629
316,923,4.5,1095384828
316,1030,4,1097525556
316,1097,4.5,1097525122
316,1196,4,1097525028
316,1200,4,1097525170
316,1207,5,1095385015
316,1219,4.5,1097525581
316,1234,5,1095384871
316,1246,4,1095384835
316,1247,4.5,1097525529
316,1254,4.5,1097525565
316,1265,5,1097525136
316,1266,4,1095385023
316,1267,5,1097525586
316,1272,4.5,1097525545
316,1293,4.5,1097525535
316,1304,5,1095384759
316,1320,4,1097525493
316,1345,4.5,1097525509
316,1370,5,1095384845
316,1374,4,1095384799
316,1393,3.5,1097525151
316,1394,4,1095384784
316,1396,4,1095385008
316,1610,5,1097525106
316,1792,4,1097525472
316,1959,4,1097525461
316,1997,1.5,1097525427
316,2009,4,1097525449
316,2011,4,1095384815
316,2088,2.5,1097525383
316,2100,2.5,1097525399
316,2302,4,1095384981
316,2355,3.5,1097525071
316,2407,2.5,1097525388
316,2478,2.5,1097525361
316,2640,4.5,1095384907
316,2716,4.5,1095385992
316,2804,5,1095386044
316,2916,4.5,1095386058
316,2949,4,1097525337
316,3157,3.5,1097525287
316,3256,4,1097525265
316,3499,4,1097525230
316,3527,4,1095386036
316,3753,3.5,1095386014
316,3827,2.5,1097525300
316,3996,3.5,1097525041
316,4008,3.5,1097525817
316,4022,4,1095384962
316,4027,1,1097525253
316,4086,4,1097525827
316,4291,3.5,1097525765
316,4321,3,1097525308
316,4322,4.5,1097525772
316,4406,5,1097525750
316,6593,4,1097525692
316,7143,3.5,1097524856
317,1,4,855147661
317,5,3,855147687
317,6,4,855147687
317,7,3,855147687
317,12,3,855147794
317,25,3,855147662
317,32,4,855147661
317,62,4,855147662
317,65,3,855147776
317,74,3,855147794
317,79,2,855147738
317,95,4,855147661
317,104,4,855147712
317,107,3,855147776
317,112,3,855147687
317,135,3,855147738
317,140,3,855147738
317,260,5,855147738
317,376,3,855147712
317,494,3,855147687
317,609,3,855147794
317,628,4,855147738
317,637,3,855147738
317,648,5,855147662
317,653,4,855147712
317,708,3,855147712
317,724,4,855147794
317,733,4,855147687
317,736,4,855147661
317,743,3,855147776
317,761,2,855147794
317,780,4,855147661
317,786,4,855147712
317,788,3,855147712
317,802,4,855147776
317,805,3,855147738
317,832,5,855147794
317,1073,3,855147687
317,1356,5,855147738
318,11,5,837379285
318,50,5,837379421
318,110,5,837379381
318,150,5,837378669
318,196,5,837379337
318,208,3,837378798
318,252,5,837379337
318,317,4,837378994
318,318,5,837379384
318,350,5,837379337
318,356,5,837378875
318,364,4,837378874
318,377,5,837379421
318,432,4,837379118
318,435,3,837379118
318,440,5,837379148
318,457,5,837379382
318,500,5,837379148
318,527,5,837379421
318,539,5,837379337
318,587,5,837379337
318,588,5,837378703
318,589,5,837379421
318,590,4,837378667
318,593,5,837379421
318,595,5,837378735
318,733,5,837379380
318,780,5,837379380
319,32,4,945880104
319,45,3,945879374
319,50,2,945879839
319,65,2,945878742
319,70,3,945879980
319,105,1,945879308
319,110,2,945878881
319,111,2,945879759
319,163,3,945879288
319,196,3,972121842
319,260,5,945878728
319,296,3,945879581
319,353,3,945879182
319,366,3,945879997
319,367,4,945880219
319,377,4,945879202
319,379,4,945880185
319,393,3,945879403
319,407,3,972121842
319,446,1,945879262
319,457,4,945878881
319,497,1,945879167
319,527,2,945879374
319,541,4,945879618
319,589,5,945878856
319,593,3,945878742
319,608,3,945879667
319,610,4,945880038
319,704,3,945878907
319,724,3,945880055
319,736,3,945879308
319,780,5,945880185
319,799,4,945879929
319,800,3,945879796
319,838,1,945879262
319,858,3,945878831
319,899,1,945879182
319,912,1,945879241
319,919,2,945879109
319,920,1,945879182
319,924,4,945879523
319,945,1,945879241
319,969,2,945878907
319,1027,3,945878757
319,1036,5,945878856
319,1080,3,945879851
319,1088,1,945879308
319,1097,2,945879374
319,1127,5,945880168
319,1128,4,945879929
319,1129,4,945880104
319,1130,5,945880055
319,1183,1,945879182
319,1188,1,945879148
319,1196,4,945878831
319,1197,3,945878758
319,1198,5,945878831
319,1200,5,945878881
319,1201,2,945878907
319,1210,4,945878856
319,1214,5,945879875
319,1215,4,945879929
319,1221,3,945879545
319,1222,4,945878907
319,1227,3,945879839
319,1228,3,945879545
319,1230,1,945879864
319,1240,5,945878856
319,1241,2,972121788
319,1244,1,945879148
319,1247,1,945879182
319,1258,3,945879908
319,1261,5,945879485
319,1265,3,945879167
319,1270,4,945880104
319,1276,3,945879474
319,1288,4,945879109
319,1291,4,945878856
319,1296,1,945879225
319,1299,2,945879796
319,1304,2,945878856
319,1307,2,945879167
319,1321,4,945879963
319,1339,2,972121788
319,1343,4,945879523
319,1347,4,945879980
319,1350,4,945879908
319,1355,3,972121842
319,1372,4,945880148
319,1376,3,945880131
319,1387,3,945878856
319,1393,2,945879262
319,1407,5,945879946
319,1408,1,945878856
319,1527,3,945880185
319,1573,5,945880168
319,1580,4,945878907
319,1643,1,945879225
319,1645,3,945879997
319,1653,3,945880168
319,1674,3,945879202
319,1717,4,945880071
319,1721,2,945879374
319,1722,4,945879262
319,1748,3,945880104
319,1918,3,945878728
319,1950,3,945879759
319,1951,1,945879109
319,1953,5,945879759
319,1974,3,945880055
319,1982,5,945879963
319,1991,3,945879997
319,1997,3,945879908
319,2003,3,945880020
319,2009,2,945880148
319,2013,3,945879374
319,2019,4,945879581
319,2100,2,945880219
319,2108,2,945879202
319,2118,4,945879929
319,2120,3,945879946
319,2167,4,972121815
319,2279,3,972121842
319,2288,5,945879908
319,2291,1,945879308
319,2300,1,945879109
319,2315,3,945880071
319,2355,2,946545971
319,2366,2,945878907
319,2390,2,945879810
319,2396,1,945879202
319,2406,3,945879288
319,2428,4,945880038
319,2455,5,945879980
319,2513,3,945880020
319,2527,4,945880131
319,2529,3,945878856
319,2540,3,945880387
319,2560,3,945880038
319,2571,5,945880104
319,2600,1,945880131
319,2617,3,972121815
319,2683,4,946545946
319,2699,3,946545946
319,2707,4,946545946
319,2710,1,946545972
319,2713,3,972121788
319,2716,3,945879929
319,2722,3,945880415
319,2789,4,945879946
319,2826,2,972121815
319,2866,1,945879796
319,2867,4,945879997
319,2868,4,945880038
319,2871,3,945879824
319,2898,3,972121815
319,2903,3,945878758
319,2916,5,945880168
319,2921,3,945879759
319,2947,3,945878881
319,2959,1,945879386
319,2968,4,945880104
319,2971,1,945879109
319,2993,4,945878881
319,3013,3,945880020
319,3018,4,945879963
319,3037,3,945879824
319,3044,1,945879203
319,3081,3,972121788
319,3113,4,945880387
319,3499,4,972121788
319,3538,3,973200772
319,3564,2,978083846
319,5060,3,945879851
320,1,5,835547117
320,21,4,835547140
320,25,5,835547488
320,31,3,835547457
320,39,3,835547197
320,48,3,835547421
320,111,4,835547197
320,150,4,835546938
320,151,3,835547281
320,153,3,835546985
320,158,4,835547368
320,208,3,835547091
320,231,2,835547012
320,253,3,835547091
320,273,3,835547567
320,317,3,835547140
320,349,3,835546985
320,356,5,835547253
320,364,4,835547197
320,367,4,835547229
320,377,3,835547394
320,380,4,835546938
320,410,3,835547117
320,435,3,835547229
320,440,3,835547305
320,442,3,835547421
320,454,3,835547197
320,457,5,835547091
320,480,4,835547281
320,500,5,835547457
320,527,5,835547457
320,587,3,835547567
320,588,4,835546985
320,589,4,835547368
320,590,4,835546938
320,592,1,835546938
320,593,4,835547091
320,595,3,835547012
320,597,4,835547567
320,648,4,835547616
320,736,4,835547603
320,786,3,835548172
320,1082,4,844922811
320,1084,3,844922780
320,1085,5,844922811
320,1086,5,844922780
320,1103,3,844922811
320,1104,5,844922811
321,1,3.5,1181450228
321,2,2,1181451102
321,17,3.5,1181446987
321,19,1.5,1181451108
321,26,4.5,1181447388
321,29,3,1181448337
321,34,3,1181449321
321,39,3,1181450993
321,48,2.5,1181451410
321,62,3.5,1181451032
321,95,3.5,1181450998
321,101,3.5,1181448806
321,104,3,1181451208
321,153,3,1181450912
321,158,2.5,1181451462
321,163,3,1182062601
321,168,3,1181451507
321,231,1.5,1181450940
321,232,4.5,1182059630
321,236,3,1181451432
321,252,2,1181445709
321,260,3.5,1181446156
321,261,3.5,1181450378
321,262,3,1181447955
321,292,3,1181450969
321,317,2.5,1181451231
321,318,5,1181447423
321,333,1.5,1181451618
321,344,2.5,1181450892
321,356,4,1181450788
321,357,3,1181450042
321,362,2.5,1181447920
321,364,4,1181449647
321,367,1.5,1181450943
321,372,2.5,1181445806
321,377,3.5,1181450887
321,420,2,1181451273
321,457,3.5,1181449737
321,480,4,1181450804
321,497,4.5,1181447321
321,500,3,1181450937
321,531,2.5,1181447854
321,539,3,1181450973
321,541,3.5,1181446173
321,551,3,1181450364
321,552,3,1181451491
321,586,4,1181451013
321,587,3.5,1181450950
321,588,3.5,1181449861
321,589,2,1181450851
321,590,3,1181450838
321,592,3,1181450824
321,594,3.5,1181447429
321,595,4,1181447584
321,596,3,1181447397
321,597,3,1181450934
321,648,3.5,1181450896
321,661,2.5,1181451813
321,709,3,1182060851
321,733,3,1181450931
321,741,2.5,1182062410
321,745,3.5,1181451659
321,780,3,1181450880
321,783,1.5,1181445704
321,788,1.5,1181451122
321,802,3,1181451439
321,838,3.5,1181445799
321,902,3,1181447699
321,917,3,1181450381
321,919,3.5,1181447446
321,920,2,1181449678
321,1009,3,1182060807
321,1010,2.5,1182060843
321,1017,3,1182060723
321,1022,4,1181445789
321,1023,2.5,1181446835
321,1025,2.5,1181449881
321,1028,3,1181447309
321,1029,3,1181447717
321,1030,2.5,1182060564
321,1032,3,1181447214
321,1033,2.5,1182060776
321,1035,3,1181450261
321,1036,3,1182062570
321,1059,4,1181449383
321,1073,3.5,1181449388
321,1088,2.5,1181451696
321,1097,3.5,1181449245
321,1101,4,1181451148
321,1136,3,1181446484
321,1148,3.5,1181446099
321,1183,3.5,1181448303
321,1188,2.5,1181445811
321,1196,3,1181446531
321,1197,3.5,1181446093
321,1198,3,1181446443
321,1200,0.5,1181451035
321,1207,3,1181451483
321,1208,1,1181447791
321,1210,3,1181448082
321,1214,0.5,1181448427
321,1219,0.5,1181449006
321,1220,2.5,1181451164
321,1223,3.5,1182061539
321,1225,3.5,1181447574
321,1240,2.5,1181450975
321,1246,1,1181450066
321,1247,4,1181448698
321,1265,3.5,1181448242
321,1270,3,1181448442
321,1282,3.5,1181445700
321,1287,2,1181449335
321,1291,3,1181448672
321,1293,3,1181450486
321,1307,3.5,1181449376
321,1367,3,1182060785
321,1377,3,1181451554
321,1380,4,1181451316
321,1391,1,1181451268
321,1393,4.5,1181451061
321,1408,3,1181448199
321,1485,2.5,1181451277
321,1517,2.5,1182060426
321,1544,3.5,1181451436
321,1552,3,1181451450
321,1566,2.5,1182060825
321,1573,3.5,1181451245
321,1580,3,1181450952
321,1608,3,1181451424
321,1617,3,1181449641
321,1641,3.5,1181450048
321,1678,4,1181447282
321,1682,3,1181451201
321,1690,0.5,1181451828
321,1704,4,1181449685
321,1721,3.5,1181450964
321,1722,3,1181451581
321,1732,0.5,1181451345
321,1735,2.5,1182060296
321,1747,4,1181451682
321,1777,3.5,1181451495
321,1784,3.5,1181449827
321,1907,4.5,1181447324
321,1927,2.5,1181449870
321,1951,3,1181449040
321,1960,4,1181445863
321,1961,4,1181449013
321,2003,1,1181451679
321,2006,3,1181451514
321,2010,3,1181449143
321,2011,3,1181451249
321,2012,3,1181451191
321,2014,3,1182060815
321,2018,3,1181447024
321,2033,2,1182060789
321,2048,2.5,1182060779
321,2052,3,1182060901
321,2054,2.5,1181451288
321,2078,2.5,1181447818
321,2080,3.5,1181447060
321,2081,4,1181451429
321,2083,3,1181449056
321,2085,3,1182060708
321,2087,3.5,1181447393
321,2089,3,1182060857
321,2090,3,1182060718
321,2096,4,1181446992
321,2099,2.5,1182060715
321,2115,3,1181451220
321,2125,3.5,1181450095
321,2137,3,1181447232
321,2167,0.5,1181451673
321,2174,1,1181451171
321,2291,3,1181449727
321,2294,2,1182060541
321,2321,4,1181449517
321,2324,4.5,1181446079
321,2355,3,1181451157
321,2395,3,1181448103
321,2396,4,1181451025
321,2424,3,1181451826
321,2470,2,1181451592
321,2502,3.5,1181451307
321,2541,4,1181445820
321,2571,4,1181446521
321,2617,2,1181451350
321,2628,1.5,1181450985
321,2640,3,1181451297
321,2648,1,1181449763
321,2671,3.5,1181451584
321,2683,2.5,1182060431
321,2687,3,1182060720
321,2692,3.5,1181450303
321,2700,2,1181451263
321,2701,2.5,1181451817
321,2706,3.5,1181451135
321,2716,1.5,1181451019
321,2762,4,1181446147
321,2804,2.5,1181450140
321,2858,4.5,1181446105
321,2876,2.5,1182060579
321,2918,3.5,1181448258
321,2959,4.5,1181446593
321,2985,2,1181451528
321,2987,2.5,1181451097
321,3000,3.5,1181446139
321,3033,2.5,1181451821
321,3034,3.5,1182060535
321,3052,3,1181451408
321,3081,1.5,1181451573
321,3114,3.5,1181449894
321,3155,3,1182060365
321,3159,3.5,1181450475
321,3160,1,1181449133
321,3253,2.5,1181451557
321,3298,3.5,1182061300
321,3396,3,1181450354
321,3397,3,1181449695
321,3429,3.5,1182061406
321,3447,3.5,1181446941
321,3448,2.5,1181449220
321,3469,3.5,1181450415
321,3578,4,1181451029
321,3623,3,1181451339
321,3668,3.5,1181453388
321,3743,2,1182060265
321,3751,3,1181450182
321,3793,3.5,1181451069
321,3948,2.5,1181451525
321,3964,2,1182060770
321,3967,3,1181446933
321,3977,2.5,1181451373
321,3993,3,1181448608
321,3996,4,1181447710
321,4014,3,1181447705
321,4016,3,1181448297
321,4027,3.5,1181449035
321,4226,4.5,1181446126
321,4246,3.5,1181450524
321,4306,4,1181450253
321,4308,4,1181449551
321,4366,2,1182060550
321,4641,2.5,1181449216
321,4857,3,1181450101
321,4886,3.5,1181445984
321,4896,3,1181449234
321,4963,4,1181448630
321,4973,4,1181447014
321,4979,2.5,1181448534
321,4993,3,1181447945
321,4995,4,1181450208
321,5009,2.5,1182062827
321,5013,3.5,1181450054
321,5072,3,1182060529
321,5218,3,1181449185
321,5299,3.5,1181453566
321,5349,4,1181451331
321,5380,3.5,1181449189
321,5418,4,1181449798
321,5444,3,1181449167
321,5445,4.5,1181451226
321,5464,4,1181448519
321,5481,2.5,1182060420
321,5617,3.5,1181449492
321,5618,4,1181446069
321,5669,3.5,1181450173
321,5791,3,1181447251
321,5902,3.5,1181448860
321,5952,3,1181446117
321,5971,3.5,1181447332
321,5989,4.5,1181449774
321,5991,3.5,1181450533
321,5992,3.5,1181450452
321,5995,4,1181449960
321,6170,3,1181447588
321,6218,4,1181445980
321,6333,3.5,1181448852
321,6350,4,1181446199
321,6365,3,1181451648
321,6377,4.5,1181445989
321,6378,4,1181445858
321,6483,1,1182060338
321,6539,3.5,1181449598
321,6618,3,1181448114
321,6711,3.5,1181447917
321,6753,3,1181448981
321,6870,3.5,1181449068
321,6874,3.5,1181448679
321,6893,4,1182061208
321,6909,0.5,1182059926
321,6934,3,1182060209
321,6942,4.5,1181449171
321,6947,3.5,1181448171
321,6986,2,1181447833
321,7090,4,1181450442
321,7099,3,1181446602
321,7147,5,1181449339
321,7151,3,1181447740
321,7153,3,1181447942
321,7254,4,1182061247
321,7361,5,1181446422
321,7438,3,1181445761
321,8015,3.5,1181448130
321,8360,3.5,1181448928
321,8366,2.5,1181448555
321,8464,3.5,1181448906
321,8492,3,1181448776
321,8636,3.5,1181448499
321,8665,4,1181448812
321,8784,3.5,1181449261
321,8873,3.5,1181449999
321,8874,2.5,1181448061
321,8961,3.5,1181450409
321,8970,3.5,1181447732
321,8981,5,1181448342
321,8983,4,1181446062
321,25827,3,1181447173
321,25841,2,1181450283
321,26606,3,1182062120
321,26662,3.5,1181447057
321,27317,1.5,1182059497
321,27523,4,1182059876
321,27660,3.5,1182060525
321,30707,4,1181449543
321,30793,4,1181448387
321,30850,4,1181449995
321,31193,3,1182060765
321,31878,1.5,1182059564
321,32587,3.5,1182062340
321,33615,3.5,1182060561
321,33794,2,1181449328
321,34072,4,1181453264
321,37729,3,1181448786
321,37741,4,1181450530
321,39183,3.5,1181450527
321,39292,3,1181449682
321,40629,3.5,1181445996
321,41571,4,1181453466
321,42004,3.5,1181449411
321,44191,3.5,1182061122
321,44195,5,1181449886
321,45720,4,1181453165
321,45880,4,1181452458
321,45950,5,1181449194
321,46578,3.5,1181449972
321,46723,4,1181449837
321,46967,2.5,1182059587
321,47610,4.5,1181450457
321,47629,3.5,1182059313
321,48780,4.5,1181448574
321,50005,3,1181453180
321,50274,3.5,1182059334
322,1,5,845623404
322,2,4,845622661
322,10,4,845622460
322,34,5,845622543
322,48,3,845622882
322,60,5,845623362
322,150,4,845622347
322,153,3,846659723
322,158,3,846659751
322,185,3,845622488
322,231,4,845622406
322,239,5,846659751
322,277,3,845622990
322,292,5,845622460
322,296,3,846659686
322,313,4,846660087
322,316,5,845622406
322,329,4,845622436
322,355,4,845622947
322,356,5,845622436
322,362,5,845623147
322,364,5,845622521
322,367,5,845622521
322,370,5,845622914
322,377,5,845622521
322,435,3,845622640
322,466,4,845622990
322,480,3,845622436
322,500,5,845622543
322,520,4,845622990
322,527,4,845622599
322,539,4,845622599
322,540,4,845623237
322,588,4,845622382
322,589,4,845622521
322,590,4,846659686
322,592,3,846659686
322,594,5,845622947
322,595,4,845622406
322,596,4,845623266
322,597,4,845622543
322,616,5,845623205
322,720,5,846659786
322,745,5,845623528
322,1022,5,846659810
322,1023,5,846659840
322,1025,5,846659810
322,1027,5,846659810
322,1029,4,846659810
322,1030,4,846659840
322,1032,3,846660069
322,1033,3,846659840
322,1148,5,845623583
322,1223,5,846659899
322,1282,5,846659863
323,1,4,1391587708
323,48,4,1391585805
323,339,4.5,1391587668
323,356,4,1391587698
323,377,3.5,1391587750
323,457,3.5,1391587712
323,480,3.5,1391587702
323,551,3.5,1391586745
323,552,4,1391585820
323,593,4,1391586456
323,595,4,1391587765
323,605,4,1391586170
323,616,4,1391585904
323,648,3.5,1391587759
323,780,3.5,1391587725
323,783,4.5,1391585845
323,838,3.5,1391585911
323,899,4,1391585864
323,1033,3.5,1391586091
323,1136,4,1391586478
323,1196,4,1391586464
323,1197,4,1391586481
323,1198,4,1391586413
323,1210,4,1391587721
323,1968,3.5,1391587366
323,2083,2.5,1391586157
323,2141,3,1391586050
323,2291,2.5,1391586724
323,2324,4,1391586452
323,2469,1.5,1391586143
323,2571,2,1391586440
323,2622,3.5,1391586127
323,2671,4,1391587640
323,2805,3,1391586025
323,3988,3,1391586006
323,4014,4,1391586994
323,4069,3.5,1391586109
323,4865,3.5,1391586082
323,4973,5,1391586418
323,4993,5,1391586515
323,5377,3.5,1391587612
323,6942,4,1391587003
323,7323,3.5,1391587013
323,7669,4,1391586910
323,8874,3.5,1391587122
323,8970,4,1391586713
323,36401,3.5,1391587432
323,40629,4.5,1391586925
323,44555,4,1391586732
323,48780,4.5,1391587290
323,51255,4.5,1391587113
323,56367,4,1391586736
323,58559,4,1391586343
323,68954,3.5,1391586749
323,69122,3,1391587075
323,69951,3,1391587404
323,73017,4,1391586583
323,74789,3,1391587567
323,79132,4.5,1391586474
323,80549,4,1391587343
323,81834,3,1391587046
323,85414,4,1391587594
323,91542,4,1391586650
323,92259,4.5,1391586433
323,96610,3,1391587592
324,32,4.5,1085603976
324,36,5,952638301
324,41,4,944938452
324,50,5,944938492
324,52,3,944937386
324,162,5,944938452
324,260,4,944937386
324,296,5,944938452
324,306,5,944938292
324,307,5,944938453
324,318,5,944938292
324,356,4.5,1085603902
324,376,4,1085025214
324,457,4.5,1085603907
324,527,5,944938206
324,541,5,953862258
324,593,5,1085603895
324,608,5,952638022
324,678,4,952638205
324,994,4,952638276
324,1089,5,952638205
324,1183,3,944937517
324,1193,5,944937517
324,1199,5,953862229
324,1211,5,953949292
324,1213,5,944938349
324,1247,5,1011213860
324,1258,5,1011212932
324,1290,5,953948476
324,1304,5,1085025159
324,1306,5,944938144
324,1387,4.5,1085025153
324,1394,4.5,1085025172
324,1446,5,944938349
324,1479,2,944938144
324,1527,3,1011213354
324,1537,5,944938541
324,1617,4,944938402
324,1682,4.5,1085025091
324,1734,5,944938541
324,1884,4,1011215729
324,1917,2,1011213287
324,1952,5,1085026429
324,1961,4.5,1085025075
324,2021,4,1085026420
324,2025,4,1011215693
324,2028,5,944938292
324,2105,4,1085026412
324,2144,4,1085026442
324,2248,5,1085026387
324,2289,4,952638276
324,2324,4,944938292
324,2337,4,944937517
324,2594,5,1011213157
324,2692,5,944938402
324,2840,2,1085025350
324,2858,4.5,1085025071
324,3019,4.5,1085025326
324,3108,5,944938349
324,3147,4,1085025331
324,3160,4.5,1085025353
324,3174,4.5,1085025358
324,3354,3,1011213435
324,3418,3,952638205
324,3551,5,1011213837
324,3698,2,1011213573
324,4014,3.5,1085025295
324,4023,3,1011213573
324,4148,4,1085025268
324,4235,3,1011213064
324,4902,5,1011212976
324,4993,5,1011212635
324,5388,4.5,1085025239
324,5445,4.5,1085025262
324,6874,4.5,1085603508
325,1,4,1095176301
325,10,3,1095176397
325,25,4,1095177090
325,29,5,1095176997
325,32,4,1095176338
325,47,3.5,1095176375
325,50,4,1095176361
325,105,2,1095175897
325,110,3.5,1095176257
325,141,4,1095176456
325,150,3.5,1095176254
325,185,3.5,1095176444
325,194,5,1095177058
325,223,5,1095177429
325,292,3.5,1095176410
325,296,5,1095176220
325,318,4.5,1095176268
325,337,4.5,1095176983
325,345,4,1095175885
325,356,3.5,1095176232
325,357,3.5,1095176440
325,377,3.5,1095176346
325,446,4.5,1095176624
325,454,3.5,1095176428
325,457,4,1095176241
325,480,3,1095176235
325,500,3.5,1095176413
325,527,4.5,1095176334
325,535,5,1095176628
325,538,4,1095177103
325,539,3,1095176435
325,551,4.5,1095177064
325,555,4.5,1095177199
325,587,4,1095176425
325,590,3.5,1095176251
325,592,3,1095176247
325,593,4.5,1095176229
325,597,3.5,1095176388
325,608,4.5,1095176343
325,778,4.5,1095176953
325,780,3,1095176294
325,785,3,1095175861
325,858,4,1095176391
325,953,3.5,1095175853
325,1089,4.5,1095176926
325,1095,4,1095177042
325,1097,4,1095176432
325,1197,5,1095177557
325,1198,4,1095176380
325,1210,3.5,1095176320
325,1215,3.5,1095175929
325,1225,4.5,1095177614
325,1236,4.5,1095176686
325,1243,5,1095177027
325,1257,4.5,1095177574
325,1259,4.5,1095177607
325,1270,4,1095176386
325,1276,4.5,1095175940
325,1449,4,1095176941
325,1500,4.5,1095177201
325,1625,4,1095175955
325,1673,4,1095176987
325,1694,4,1095176637
325,1719,4.5,1095177084
325,1722,3,1095175999
325,1777,3.5,1095176008
325,2001,3.5,1095175961
325,2028,3,1095176437
325,2076,4.5,1095176633
325,2248,5,1095177619
325,2318,5,1095176620
325,2395,4,1095177079
325,2502,5,1095177177
325,2580,4,1095177196
325,2657,4,1095175918
325,2692,4.5,1095176928
325,2731,4,1095176678
325,2770,4,1095175980
325,2804,5,1095177562
325,2858,4.5,1095176403
325,2918,4.5,1095177555
325,2952,4.5,1095176968
325,2997,5,1095176932
325,3052,4.5,1095175987
325,3101,4,1095175945
325,3181,3.5,1095177013
325,3210,4,1095177578
325,3246,4.5,1095176944
325,3253,4,1095176005
325,3418,4,1095175964
325,4027,5,1095175910
325,4103,4.5,1095177569
325,6807,5,1095177598
325,7438,5,1095177418
325,8528,4.5,1095177379
325,8622,5,1095177360
325,8623,4,1095177624
325,8636,3.5,1095177367
325,8638,5,1095177355
325,8784,5,1095177353
326,17,5,950210900
326,50,5,950209910
326,223,2,950209327
326,364,3,950209152
326,515,3,950209152
326,838,4,950210763
326,912,4,950209190
326,1296,5,950209412
326,1408,5,950209477
326,2020,5,950210804
326,2336,5,950211241
326,2396,5,950211132
326,2433,4,950209327
326,2683,1,950209269
326,2735,1,950209190
326,3101,3,950209152
327,2366,1.5,1395439533
328,1380,3,974819598
328,1721,3,974819598
328,2345,3,974819598
328,2553,1,974819598
328,3584,2,974819598
328,3947,3,974819598
329,260,4.5,1489499405
329,318,5,1489499412
329,589,5,1489499621
329,1036,5,1489499616
329,1196,4.5,1489499407
329,1198,4.5,1489499410
329,1200,5,1489499623
329,1210,4.5,1489499421
329,1240,4,1489499642
329,1291,4.5,1489499427
329,2571,4,1489499418
329,2959,4,1489499671
329,4993,4.5,1489499608
329,5952,4.5,1489499605
329,7153,4.5,1489499437
329,33794,3.5,1489499628
329,54286,4,1489499669
329,58559,4.5,1489499599
329,59315,3.5,1489499631
329,68358,4,1489499653
329,79132,4.5,1489499613
329,109487,3.5,1489499677
329,111759,4.5,1489499655
329,112852,4,1489499625
329,122886,4,1489499640
329,122904,5,1489499634
330,1,4,1257630249
330,2,2.5,1257630438
330,10,3.5,1257630320
330,19,0.5,1257630445
330,24,4,1257640013
330,29,1,1257648598
330,47,3.5,1257625615
330,104,3,1257638957
330,153,2.5,1257630293
330,180,2.5,1257640044
330,208,2,1257631625
330,223,3,1257625233
330,260,3.5,1257629735
330,292,3,1257631592
330,296,5,1290915595
330,318,4,1290913081
330,344,1,1257630278
330,356,4.5,1257630175
330,364,3.5,1257631670
330,367,1,1257630303
330,370,4.5,1257639089
330,377,3,1257630270
330,441,5,1290913241
330,457,4,1261086536
330,480,4,1257630235
330,520,3,1257639015
330,551,5,1257638868
330,586,0.5,1257630364
330,588,3,1257630266
330,589,3,1257630060
330,593,4.5,1257625854
330,595,2,1290913354
330,608,4.5,1257625647
330,653,3.5,1257639025
330,750,3,1257625460
330,780,2.5,1257630252
330,788,1,1257630468
330,858,4.5,1257625546
330,910,3,1257620383
330,930,3,1257630643
330,968,4,1257620438
330,1020,3.5,1257648762
330,1021,1.5,1257620636
330,1036,5,1257629943
330,1073,3,1257630336
330,1080,3.5,1257625303
330,1089,4,1257625527
330,1097,3,1257631543
330,1101,4,1257630460
330,1136,3.5,1257625297
330,1193,3.5,1257625559
330,1196,4,1257629623
330,1197,4,1257629815
330,1198,4,1257625613
330,1200,3.5,1257621390
330,1203,4.5,1257625631
330,1206,3,1257625177
330,1210,4,1257630065
330,1214,3.5,1257625635
330,1222,5,1290913107
330,1225,4,1257629745
330,1258,4.5,1257625624
330,1265,4.5,1257630136
330,1270,4,1257630157
330,1274,3,1257639980
330,1282,2,1257620364
330,1298,2,1257648971
330,1302,5,1257639249
330,1347,4,1257640039
330,1370,3,1261705693
330,1380,2.5,1257631879
330,1391,2,1268321905
330,1393,3,1257630418
330,1527,3,1261086568
330,1544,2.5,1257631921
330,1580,1.5,1257630314
330,1645,3.5,1257639411
330,1704,4.5,1257630380
330,1729,3.5,1257639167
330,1732,4.5,1257629789
330,1747,4,1257639204
330,1748,4,1257639137
330,1921,2,1257620419
330,1923,2,1257631488
330,1961,3.5,1264905174
330,1982,4,1257640021
330,1994,3,1257630781
330,2003,3,1257639009
330,2004,3,1257649018
330,2028,4.5,1257629899
330,2081,2.5,1290913480
330,2082,4,1257649042
330,2115,3,1257631538
330,2174,2.5,1257631619
330,2231,3,1257625365
330,2291,4.5,1257631607
330,2294,0.5,1257620394
330,2329,3,1257625536
330,2355,1,1257631661
330,2359,3.5,1257639715
330,2378,2,1257620489
330,2395,4,1257625370
330,2413,3,1257620544
330,2502,4.5,1257629863
330,2542,3.5,1257629714
330,2571,4,1257629646
330,2683,2.5,1257631498
330,2692,4,1257631784
330,2699,3.5,1257631749
330,2700,4,1257631604
330,2706,1,1257630424
330,2710,2,1257630482
330,2716,4.5,1257630359
330,2723,1,1257620426
330,2762,3,1257629968
330,2791,5,1257621671
330,2792,5,1257621914
330,2858,3,1257625638
330,2918,3.5,1257630017
330,2926,0.5,1257620651
330,2959,3.5,1257625474
330,2987,3,1257630433
330,2997,2.5,1257629698
330,3000,4,1257625606
330,3033,2.5,1257638858
330,3052,3,1257631803
330,3114,3.5,1268321801
330,3175,0.5,1257631730
330,3253,3,1257638782
330,3275,3,1257639878
330,3300,4,1257639604
330,3421,2.5,1257625194
330,3448,3,1257638797
330,3527,3.5,1257631744
330,3535,3.5,1257639364
330,3552,3.5,1257639396
330,3578,3.5,1261086548
330,3639,4,1257649102
330,3793,1.5,1257630401
330,3868,5,1257639343
330,3869,3.5,1257640115
330,3897,4,1257630038
330,3949,4,1257638968
330,3994,3,1257631646
330,4011,4.5,1257629679
330,4016,3,1257639666
330,4022,4,1257625225
330,4027,3,1257629996
330,4226,4,1257625485
330,4306,4,1257630352
330,4308,1,1257631758
330,4343,2.5,1257639864
330,4367,2,1257639261
330,4369,1.5,1257639278
330,4447,0.5,1257638947
330,4499,3,1257639914
330,4816,3.5,1257639207
330,4873,3,1290913274
330,4878,3.5,1257625285
330,4886,4.5,1257630472
330,4896,2,1257631480
330,4963,3,1257625353
330,4993,2.5,1257629767
330,4995,3,1257630117
330,5010,3,1257631827
330,5171,3,1257648706
330,5218,3.5,1257631892
330,5283,2,1258039949
330,5349,3.5,1257631554
330,5378,2.5,1257631906
330,5418,4,1257630165
330,5444,4,1257639937
330,5445,2.5,1257630453
330,5459,2,1257631896
330,5463,1.5,1257649148
330,5502,2.5,1257639242
330,5618,3.5,1257625833
330,5669,4,1257631617
330,5679,3,1257631962
330,5785,2.5,1257648930
330,5816,2,1268321843
330,5872,1,1257639419
330,5941,1,1257620934
330,5952,3.5,1257629855
330,5989,4,1257630126
330,6156,2,1257649081
330,6188,4,1257639521
330,6281,2.5,1257639273
330,6365,3,1268321792
330,6377,3.5,1257630170
330,6502,2,1257650629
330,6537,2.5,1257631876
330,6539,2.5,1257630478
330,6565,3.5,1257639265
330,6659,3,1257640060
330,6773,4,1257648663
330,6807,2.5,1257625306
330,6863,3,1290913294
330,6874,4,1257629847
330,6934,3,1257631598
330,6936,3.5,1257639560
330,6957,2,1257639887
330,7022,2.5,1257625044
330,7090,4,1257638930
330,7147,3.5,1257631522
330,7153,3.5,1257629808
330,7318,0.5,1257640087
330,7346,3,1257731579
330,7360,4,1257639690
330,7361,3,1257625282
330,7373,3,1257639102
330,7387,3.5,1257624993
330,7438,3.5,1257629923
330,7451,3.5,1257639625
330,7458,3,1257638979
330,8360,3.5,1257631780
330,8361,3,1257639079
330,8366,3.5,1257648888
330,8368,2.5,1257631705
330,8376,2,1257638997
330,8464,4,1257631746
330,8528,2.5,1257620533
330,8636,4.5,1257631626
330,8641,4,1257639756
330,8665,4,1257631568
330,8783,2.5,1257639390
330,8784,3,1257631649
330,8807,4,1257648569
330,8874,3.5,1257630793
330,8917,4,1257639386
330,8957,3.5,1257639245
330,8958,3.5,1257639541
330,8961,5,1257630021
330,8983,4,1257639489
330,8984,2.5,1257639146
330,26614,4,1257630122
330,27706,3,1257639810
330,27904,3,1257639785
330,30793,3,1257631713
330,32587,3,1257629876
330,33004,3,1257638845
330,33166,2.5,1257630081
330,33493,3,1257631505
330,33615,3,1257639961
330,33679,2,1257638805
330,33794,3,1257629785
330,34048,2.5,1257638917
330,34072,3.5,1257639767
330,34150,1.5,1257639674
330,34162,3,1268321862
330,35836,3,1257631680
330,37729,3,1257639371
330,37733,3.5,1257630205
330,39446,2,1257648640
330,40278,3.5,1257639660
330,40815,2.5,1257631684
330,41566,1.5,1257631774
330,41569,2.5,1257631853
330,44022,1.5,1257648549
330,44191,3,1257625420
330,44195,4,1257629879
330,45447,2.5,1257638974
330,45499,2,1257631715
330,45517,3,1257639183
330,45722,2,1268321822
330,45728,2,1257625234
330,45730,2,1258039923
330,45950,4,1257639748
330,46530,3.5,1257639070
330,46578,4.5,1257629851
330,46965,4,1257648941
330,46970,4,1257639952
330,46976,2.5,1257629972
330,48082,1,1257648915
330,48322,3,1258039868
330,48394,4,1257625584
330,48516,4.5,1257625398
330,49272,4,1257630074
330,49274,2.5,1257649315
330,50798,0.5,1257621092
330,50872,4.5,1257630002
330,51255,3,1257631630
330,51662,4,1257621538
330,51937,0.5,1257625729
330,52722,2,1257638878
330,52973,3.5,1268321908
330,53000,1.5,1257625161
330,53121,3,1257640058
330,53972,3.5,1257639098
330,53996,0.5,1257631808
330,54001,2.5,1257638824
330,54190,2,1257625172
330,54272,3.5,1257638832
330,54286,3,1268321797
330,54503,4,1257631701
330,55118,4,1257639442
330,55269,3.5,1257639955
330,55820,5,1290915585
330,55830,1.5,1257648708
330,56174,2.5,1257631654
330,56251,3.5,1257648982
330,56367,3,1257629987
330,56757,3,1257639256
330,57041,0.5,1257640286
330,57368,4,1257639118
330,57532,0.5,1257625670
330,58559,5,1257621516
330,58998,5,1257639213
330,59315,4,1257629920
330,59501,1,1257648834
330,59615,3,1257631726
330,60069,4,1270742937
330,60161,3,1257621121
330,60471,4,1257640182
330,60684,4.5,1257631844
330,60756,4,1257731586
330,61024,2.5,1257639658
330,61132,4,1257639330
330,61240,5,1270742855
330,61323,3.5,1257638775
330,62434,2.5,1257640106
330,62912,0.5,1257625733
330,62956,4,1257649231
330,66097,4.5,1257639334
330,68157,3.5,1290913141
330,68358,4,1257630576
330,68791,1,1257621087
330,69122,3,1257629800
330,69526,0.5,1257639403
330,71535,4,1257624797
330,72129,0.5,1257631866
330,72998,4,1264905225
330,73017,2,1290913409
330,74458,5,1290913470
330,76251,4,1290913368
330,77561,4,1290913425
330,79132,3,1290913534
330,81834,4,1290913573
331,29,4,1490208268
331,50,4.5,1490207568
331,111,5,1490207766
331,253,5,1490207765
331,260,4.5,1490209946
331,288,5,1490207801
331,293,4,1490209330
331,296,5,1490208546
331,318,3.5,1490207552
331,356,5,1490207696
331,471,4,1490208142
331,541,4,1490208556
331,551,5,1490209885
331,589,5,1490207670
331,592,5,1490207677
331,593,4,1490208706
331,741,5,1490208428
331,750,4.5,1490209155
331,778,5,1490207780
331,784,4,1490207968
331,858,5,1490207546
331,903,4.5,1490208586
331,924,5,1490208626
331,1089,5,1490207730
331,1193,5,1490207718
331,1196,4.5,1490208700
331,1201,5,1490207895
331,1206,5,1490207769
331,1213,5,1490207559
331,1214,4.5,1490208698
331,1219,5,1490207843
331,1221,4.5,1490208554
331,1222,5,1490207791
331,1240,5,1490207710
331,1252,4.5,1490207934
331,1258,5,1490207775
331,1261,4.5,1490208317
331,1274,4,1490220575
331,1288,1,1490207898
331,1347,5,1490208328
331,1350,4.5,1490209932
331,1377,2.5,1490208068
331,1394,4,1490221031
331,1407,4,1490207887
331,1464,5,1490209164
331,1682,4.5,1490208696
331,1732,5,1490207788
331,1884,5,1490208258
331,1921,5,1490208220
331,1969,2,1490212396
331,1970,5,1490212334
331,1971,4,1490212391
331,1991,4,1490212328
331,1994,4,1490208212
331,1997,5,1490207995
331,2076,5,1490208230
331,2160,5,1490208299
331,2174,4,1490214125
331,2288,4.5,1490208797
331,2291,5,1490207827
331,2313,5,1490208450
331,2329,5,1490207748
331,2459,4.5,1490208844
331,2513,4,1490212345
331,2529,4.5,1490208072
331,2542,5,1490207910
331,2692,5,1490207878
331,2706,4,1490207811
331,2710,4.5,1490207847
331,2916,4,1490208822
331,2959,5,1490207558
331,2968,4.5,1490208282
331,2997,3.5,1490208946
331,3000,4.5,1490209948
331,3081,4.5,1490208039
331,3147,3.5,1490209296
331,3262,5,1490209504
331,3476,4,1490211483
331,3527,4,1490208820
331,3676,5,1490208629
331,3698,4,1490208455
331,3702,4.5,1490208226
331,3917,4,1490209640
331,3949,5,1490208561
331,4011,4.5,1490209881
331,4105,4.5,1490208622
331,4226,5,1490207712
331,4262,5,1490208085
331,4437,5,1490209313
331,4848,5,1490208582
331,4878,5,1490207797
331,4881,5,1490209971
331,4963,5,1490207764
331,4993,4,1490208940
331,4995,5,1490209147
331,5618,5,1490207865
331,5679,4.5,1490209349
331,5971,4,1490208378
331,5989,5,1490207828
331,6350,4.5,1490208888
331,6440,4.5,1490208815
331,6711,3.5,1490208694
331,6874,5,1490207747
331,6953,4,1490208719
331,7044,4,1490208727
331,7099,4.5,1490208830
331,7143,3.5,1490207632
331,7147,4.5,1490209121
331,7153,4,1490208941
331,7172,4.5,1490212906
331,7235,5,1490220867
331,7361,3,1490209272
331,7371,4,1490212134
331,7438,5,1490207814
331,7460,4.5,1490221119
331,8950,5,1490208603
331,26258,4.5,1490213915
331,27317,5,1490220863
331,27904,4,1490211546
331,30812,4,1490208426
331,31658,4.5,1490208353
331,32587,5,1490207853
331,32840,4.5,1490214140
331,33004,4,1490208370
331,33794,5,1490208652
331,33896,4.5,1490220842
331,37729,4.5,1490214122
331,38320,5,1490212435
331,44191,5,1490207834
331,47610,4.5,1490208235
331,48394,5,1490207931
331,48780,5,1490207914
331,50641,5,1490212595
331,51662,4.5,1490207978
331,52281,5,1490208716
331,52885,5,1490212278
331,53519,5,1490209248
331,53996,2.5,1490208360
331,54995,5,1490208876
331,55247,4.5,1490209911
331,55360,4,1490212874
331,55820,4.5,1490208003
331,56757,4.5,1490214126
331,58559,5,1490208600
331,59315,3,1490209649
331,60684,3.5,1490209492
331,64839,5,1490209166
331,64957,4,1490209529
331,68157,5,1490207900
331,69134,5,1490212139
331,71535,2.5,1490208208
331,72998,4,1490207863
331,74458,5,1490209138
331,74789,4.5,1490214134
331,77201,5,1490212950
331,77307,5,1490211382
331,79132,4,1490208702
331,81591,5,1490208591
331,82459,4.5,1490209451
331,85412,4.5,1490213218
331,86320,5,1490212142
331,89900,5,1490212868
331,91529,5,1490208053
331,93805,4,1490212731
331,95167,4.5,1490213159
331,96832,2.5,1490212238
331,97172,4.5,1490214138
331,99114,4.5,1490208021
331,104841,4.5,1490212688
331,107649,5,1490208473
331,108727,5,1490212157
331,108981,5,1490212145
331,109487,4.5,1490209170
331,113240,4.5,1490212881
331,122882,3.5,1490208308
331,122886,4.5,1490208342
331,128360,4.5,1490208779
331,134130,4,1490208189
331,136449,5,1490304004
331,139385,4,1490212264
331,139644,3,1490212252
331,140267,5,1490208484
331,143385,4.5,1490209865
331,158813,4.5,1490213182
331,160848,4,1490213571
331,170355,5,1490207597
332,1,4.5,1233829729
332,2,2.5,1233834878
332,5,2.5,1282326059
332,6,4,1318253276
332,16,4.5,1233920278
332,19,2.5,1233834970
332,34,2.5,1233830792
332,36,3.5,1451564126
332,47,5,1365432929
332,50,5,1233829670
332,69,4.5,1451563694
332,70,3.5,1233913581
332,111,4,1233834667
332,145,2.5,1233829390
332,150,3,1233829732
332,165,3.5,1318253240
332,193,1.5,1233829459
332,225,2.5,1282325874
332,231,4,1233829880
332,253,3,1235559237
332,260,4.5,1451563968
332,293,4,1233834716
332,296,5,1233829785
332,318,5,1365432926
332,319,3.5,1233829470
332,337,4,1233835061
332,344,3.5,1233829908
332,346,4,1235999944
332,356,4,1233829710
332,364,3.5,1233829772
332,367,3,1238499192
332,370,4,1233835236
332,410,2,1277208603
332,420,3.5,1282325749
332,431,4.5,1331655076
332,455,2,1248957631
332,466,3.5,1277208743
332,477,3.5,1234185573
332,480,3,1233829740
332,500,3,1233829947
332,508,4,1233834850
332,509,3,1238499402
332,527,4.5,1233829668
332,541,3.5,1260189407
332,555,4.5,1365432808
332,586,4,1451563834
332,587,3,1233829980
332,588,3,1260189722
332,589,3.5,1451563767
332,592,3.5,1238499111
332,593,5,1365432911
332,594,3,1277208622
332,595,2.5,1349957255
332,596,3,1451561585
332,597,2.5,1233829900
332,608,4,1235559232
332,661,3,1233829418
332,674,2,1235559449
332,720,3.5,1365432859
332,745,3.5,1365432862
332,750,4,1451563864
332,778,5,1243866486
332,780,3,1233829627
332,784,4,1233835244
332,785,4,1365432973
332,788,3,1233834847
332,805,4,1356957349
332,830,3,1248957641
332,837,2.5,1234184862
332,858,5,1233829673
332,919,3,1238499243
332,953,4.5,1451563568
332,1020,4,1365433044
332,1022,3,1326118586
332,1027,1.5,1233919407
332,1028,3.5,1233835466
332,1029,2.5,1233919393
332,1031,2.5,1234444663
332,1032,3,1451561575
332,1035,2.5,1235559287
332,1036,3.5,1233829884
332,1042,3,1233829437
332,1059,3.5,1233914543
332,1061,4,1356694544
332,1073,3,1233830734
332,1079,3.5,1233834869
332,1080,4.5,1233834768
332,1088,4,1233914064
332,1089,4.5,1233834694
332,1097,3.5,1233829820
332,1101,2.5,1238499382
332,1127,3,1233835011
332,1148,4,1451564201
332,1193,4,1233830713
332,1196,5,1233829792
332,1197,3.5,1233829842
332,1198,3.5,1441370941
332,1200,5,1451563916
332,1201,5,1233835922
332,1208,4,1233834605
332,1210,4,1451563773
332,1213,5,1233834780
332,1214,5,1451563919
332,1221,5,1233835984
332,1222,4.5,1310566278
332,1223,3.5,1365432987
332,1228,4,1365432940
332,1240,3.5,1233834644
332,1255,2.5,1353670418
332,1258,4.5,1451563994
332,1259,3.5,1233834652
332,1262,3.5,1233836296
332,1263,4,1365433048
332,1265,3.5,1233829970
332,1270,3.5,1233829635
332,1288,4,1277208316
332,1293,4,1260189518
332,1320,4,1282326279
332,1321,3,1383228602
332,1333,3,1233913614
332,1343,4.5,1233829423
332,1345,4,1318254558
332,1347,3.5,1233919500
332,1350,4.5,1234184698
332,1367,3,1233919192
332,1377,3,1235999610
332,1380,4.5,1233835024
332,1381,3,1234444648
332,1387,5,1233834765
332,1393,4,1233830802
332,1405,2,1233829440
332,1407,3.5,1233834945
332,1466,4,1233913587
332,1485,2.5,1233834897
332,1517,4,1451561362
332,1542,3.5,1353670408
332,1544,2,1326117121
332,1580,3,1235559223
332,1641,3.5,1233834727
332,1644,2,1233919200
332,1658,3,1348836709
332,1673,3.5,1326117070
332,1674,3.5,1233829403
332,1682,4.5,1451563943
332,1690,2.5,1248957586
332,1704,5,1451564094
332,1717,2.5,1233829478
332,1721,3,1238499096
332,1729,3,1235559271
332,1732,4,1238499393
332,1777,3,1282325672
332,1846,4,1356694763
332,1884,3,1233919422
332,1917,2.5,1233830722
332,1923,3.5,1233829910
332,1945,4,1277208160
332,1952,4,1312366090
332,1953,4,1260189452
332,1954,3.5,1233834889
332,1955,4,1233919851
332,1961,4,1233829939
332,1967,3.5,1233914320
332,1968,3.5,1441371177
332,1969,3,1352728518
332,1994,3.5,1233914054
332,1997,5,1233835085
332,2003,4.5,1233835240
332,2004,3,1233920081
332,2005,4,1233835899
332,2011,3,1260189771
332,2012,3,1233830717
332,2018,2.5,1318254543
332,2019,4,1331655043
332,2023,4.5,1233835280
332,2053,3,1235559413
332,2054,3,1233834594
332,2058,4,1233914171
332,2078,3,1233914338
332,2080,3.5,1310569735
332,2081,2.5,1233834845
332,2085,3,1318254285
332,2087,3,1318254523
332,2100,3,1233835051
332,2115,4,1441371189
332,2124,1.5,1318254179
332,2138,3.5,1352728503
332,2141,2,1235999713
332,2143,3.5,1234444616
332,2161,2.5,1233835919
332,2174,4,1233834623
332,2269,2.5,1234444720
332,2273,4,1282326120
332,2288,4,1484736901
332,2291,3.5,1233830745
332,2313,4,1233919293
332,2329,3.5,1260189335
332,2355,3,1233830736
332,2378,4,1233919660
332,2379,2.5,1318256630
332,2380,3,1234445172
332,2384,2.5,1318255659
332,2405,2,1233829487
332,2406,3,1233834926
332,2407,3,1326117257
332,2411,3,1318255938
332,2420,4.5,1348836032
332,2421,2,1233919409
332,2422,2.5,1234185488
332,2455,4,1365433008
332,2459,4,1451564223
332,2468,3.5,1234444454
332,2470,3,1233835005
332,2471,2.5,1318255649
332,2478,4,1233919442
332,2542,3.5,1233835114
332,2565,3,1446817216
332,2571,4,1365432969
332,2628,4,1233829705
332,2640,3,1318253312
332,2657,3,1233834920
332,2671,2.5,1233829394
332,2683,4,1233829887
332,2699,3,1233834810
332,2700,4.5,1233834665
332,2706,4,1451563910
332,2710,2.5,1233830772
332,2716,3,1233829709
332,2717,3.5,1282326463
332,2739,3.5,1233919610
332,2746,3.5,1233914137
332,2762,3,1233829817
332,2770,2.5,1233829412
332,2789,2.5,1348836672
332,2790,3,1236000300
332,2791,4.5,1233830752
332,2797,4,1233834589
332,2858,3.5,1233829925
332,2890,3,1233835181
332,2916,3,1282325339
332,2918,3.5,1233834599
332,2947,3,1233835232
332,2953,2.5,1233919428
332,2959,5,1233829794
332,2987,3.5,1233829872
332,2997,4.5,1233829838
332,3005,3,1451561540
332,3020,4,1451563855
332,3033,4,1233835137
332,3039,4.5,1233914042
332,3052,3.5,1235999590
332,3077,3.5,1353330892
332,3087,2.5,1233829514
332,3101,3,1233829398
332,3114,3.5,1233830794
332,3146,3,1234444530
332,3147,4.5,1451564089
332,3157,2,1233919840
332,3247,3,1233914322
332,3248,2.5,1234444988
332,3249,2.5,1234444567
332,3253,3,1233834894
332,3254,3,1233919795
332,3257,2,1233919189
332,3258,3.5,1234185306
332,3263,4,1233919322
332,3273,3,1233919175
332,3285,3.5,1233919520
332,3362,3,1441370862
332,3384,4,1235559575
332,3409,4,1365433004
332,3418,3.5,1233834808
332,3429,3,1236000439
332,3438,2.5,1318255569
332,3471,3,1233834671
332,3489,3,1233913607
332,3499,5,1233836146
332,3508,3.5,1260189464
332,3535,4.5,1451564174
332,3578,4,1233829702
332,3668,3.5,1353670129
332,3681,4,1365433014
332,3735,4.5,1312366060
332,3751,3.5,1233830757
332,3752,4,1233914153
332,3773,4,1236000272
332,3785,2.5,1353863004
332,3821,3,1234444500
332,3868,4,1365432953
332,3869,3.5,1233919527
332,3911,3.5,1318253655
332,3948,4,1233834907
332,3949,4,1364982926
332,3967,2.5,1233914256
332,3988,4,1233914523
332,3994,3,1233834601
332,4002,4.5,1451563563
332,4010,4,1348836603
332,4011,3,1451563983
332,4018,3.5,1233835257
332,4022,4,1233829982
332,4041,4.5,1451564028
332,4084,3.5,1446817171
332,4085,4,1233834903
332,4102,3,1235559552
332,4103,4,1233920056
332,4121,3,1318256280
332,4226,4,1238499103
332,4239,4,1451563901
332,4251,4,1348836905
332,4262,4,1233835082
332,4296,3,1348836592
332,4306,4.5,1233829797
332,4388,2.5,1318256016
332,4489,4.5,1233919323
332,4519,3,1235999844
332,4571,3.5,1233835352
332,4621,3,1233919778
332,4677,3.5,1234185319
332,4679,3.5,1347633071
332,4701,3,1353670099
332,4718,3,1233835203
332,4744,1.5,1451562155
332,4776,3.5,1233835258
332,4816,4,1365432852
332,4855,4,1451563869
332,4878,3,1233829967
332,4886,3.5,1233829631
332,4890,3,1233919467
332,4896,2.5,1310566191
332,4973,4.5,1277208176
332,4980,3.5,1233919635
332,5218,3.5,1233834789
332,5254,1,1235559346
332,5266,2.5,1233835461
332,5308,2,1233919682
332,5309,2.5,1235559526
332,5349,4,1260189859
332,5378,4,1233829811
332,5418,3.5,1233829927
332,5445,4,1238499127
332,5459,3,1318253453
332,5481,2,1233835054
332,5502,3.5,1233834697
332,5528,3,1233914378
332,5541,3.5,1318256227
332,5669,3.5,1233830765
332,5679,3,1233834755
332,5693,3.5,1318256035
332,5785,4,1233919862
332,5810,3.5,1233914347
332,5816,2.5,1233829901
332,5970,3,1234444728
332,5971,3.5,1444909881
332,5989,4.5,1233829805
332,6058,4,1248958095
332,6187,4,1234185652
332,6218,2,1233834999
332,6242,3.5,1235559518
332,6287,2.5,1233919333
332,6323,3.5,1282326333
332,6365,2.5,1233829380
332,6373,2.5,1233835016
332,6377,3,1233829744
332,6380,4,1451563892
332,6502,4.5,1451564186
332,6534,3,1318254389
332,6537,3,1233834893
332,6539,2,1233829767
332,6548,3,1318255994
332,6586,2.5,1370614261
332,6711,3,1233829762
332,6796,4,1233836119
332,6810,2.5,1235559505
332,6863,4.5,1233834706
332,6870,4,1365432958
332,6874,4.5,1233836107
332,6880,2.5,1348836547
332,6888,2,1233920097
332,6934,2.5,1233830809
332,6936,5,1365433025
332,6944,3.5,1233919630
332,6957,3.5,1318255403
332,7004,2.5,1318255547
332,7007,4,1356694942
332,7036,3.5,1352728602
332,7045,3,1353670547
332,7062,4,1236000146
332,7123,3,1235559499
332,7147,4,1233830708
332,7150,2.5,1348836542
332,7160,4,1233914556
332,7173,4,1233920067
332,7256,4.5,1234185536
332,7293,4,1233914202
332,7318,4,1233919265
332,7361,3,1233829922
332,7367,3,1318256567
332,7387,4,1277208336
332,7438,4.5,1233829807
332,7701,2.5,1234444606
332,8131,3,1356695074
332,8132,4.5,1233919644
332,8340,4,1365433019
332,8360,3.5,1364983026
332,8361,3.5,1233835563
332,8368,4,1233829870
332,8376,2.5,1233835077
332,8387,2,1348836830
332,8464,3,1233834749
332,8528,3.5,1233835461
332,8529,4,1365432892
332,8622,2.5,1233834820
332,8636,3.5,1451563977
332,8641,4.5,1451563719
332,8644,2.5,1233834776
332,8665,3,1233829972
332,8798,4,1233834763
332,8874,4,1451563794
332,8907,2,1234185477
332,8917,4,1451563771
332,8950,3.5,1444910076
332,8957,3,1233835821
332,8958,4,1331655024
332,8961,4,1451563827
332,8965,3,1356694666
332,26379,2.5,1233830739
332,26614,4,1233835795
332,26729,5,1233835987
332,27706,3.5,1318255478
332,27773,4,1277208252
332,30707,2.5,1233834879
332,30749,4,1392119742
332,30793,3.5,1233834663
332,30825,3.5,1233914191
332,31685,3.5,1233914422
332,32587,3,1233834596
332,33004,2,1235999646
332,33493,4,1331655032
332,33615,3.5,1233919291
332,33794,4,1233829612
332,34048,3,1233834857
332,34072,2,1233914367
332,34150,3,1318254672
332,34162,3.5,1238499272
332,34542,4,1233920293
332,35836,4.5,1233834647
332,36708,4,1233920053
332,38038,4,1240400516
332,39183,2.5,1233834962
332,39446,2.5,1233919574
332,40723,2.5,1353670520
332,40815,4,1331655060
332,40819,4,1233834772
332,41566,3,1233834618
332,41569,4,1233834725
332,41712,3.5,1312365966
332,42723,1.5,1451562690
332,43936,3,1451561830
332,44022,3.5,1233919676
332,44058,3.5,1356957252
332,44974,1,1234444699
332,45210,3,1233919745
332,45447,4,1451563877
332,45662,2.5,1451562391
332,45666,3,1234444884
332,45672,2,1233919836
332,46578,4,1233829783
332,46972,3,1318255590
332,46974,3,1451562813
332,46976,3,1235559315
332,47099,3.5,1233914287
332,48322,4,1234185662
332,48385,3,1233829904
332,48394,5,1233830800
332,48516,5,1365433030
332,48738,4,1233835883
332,48774,2.5,1233829931
332,48877,2.5,1234185542
332,49274,3,1356957258
332,49286,2,1318256553
332,49530,4,1282325685
332,50658,3.5,1353331325
332,50872,4,1233834584
332,51086,2,1234184733
332,51255,4,1233830776
332,51540,4.5,1233835765
332,52604,3,1451561819
332,52722,3.5,1282325937
332,52973,4,1233834814
332,53000,2.5,1233914197
332,53121,2.5,1318255831
332,53993,2,1318256861
332,53996,3,1310566432
332,54001,4,1233834923
332,54272,2.5,1233829975
332,54286,4,1233829756
332,54503,4,1233834627
332,55247,4.5,1392119776
332,55290,4,1364982886
332,55363,4,1353330609
332,55820,4.5,1260189352
332,55830,3,1318256451
332,56145,2.5,1318256599
332,56174,2.5,1310566377
332,56251,2.5,1353670231
332,56339,4.5,1233920103
332,56367,2.5,1233829746
332,56587,3.5,1356694824
332,57368,4,1233835207
332,57669,3,1362500888
332,58025,0.5,1233919154
332,58299,4,1236000351
332,58559,5,1233835976
332,58998,3.5,1370614207
332,59315,4,1235559305
332,59369,3,1353331201
332,59784,3.5,1362757124
332,60069,5,1451563736
332,60074,2.5,1318254224
332,60756,3,1234184826
332,61240,4.5,1451563561
332,61323,3.5,1451563896
332,62999,3,1364983004
332,63062,4,1318256010
332,63072,4,1318255670
332,63082,4,1365432905
332,63131,3,1318255855
332,64034,3.5,1371712426
332,64497,2,1318256734
332,64575,3.5,1441371026
332,64716,3,1451562945
332,64839,3.5,1248958273
332,64983,3,1356694697
332,65230,3,1348836788
332,65810,3,1353424892
332,66097,4,1371712009
332,67255,3.5,1418821714
332,68157,5,1310566185
332,68194,4,1312366005
332,68237,4.5,1265390410
332,68554,4,1451561599
332,68793,3.5,1260189696
332,68954,4,1451563739
332,69122,4,1310566129
332,69757,3.5,1330435582
332,69844,4,1282325906
332,70286,4.5,1451564122
332,70728,4,1369748232
332,71264,3.5,1451562673
332,71535,3,1441370952
332,71745,4,1318256088
332,73321,4,1356694769
332,73323,3.5,1451563286
332,73344,4,1341586517
332,74458,3.5,1451563997
332,74789,2,1282325473
332,74795,3.5,1356694224
332,75395,2.5,1451562930
332,76093,4.5,1451563372
332,76251,4,1451563821
332,77800,4.5,1392119073
332,78209,3,1318256316
332,78499,4.5,1365432814
332,78637,3.5,1364983016
332,79006,4.5,1282325482
332,79008,3.5,1451563777
332,79091,3,1318254437
332,79132,4,1310566111
332,79592,3.5,1446817339
332,79702,3,1392118903
332,80463,4.5,1310566163
332,80831,2.5,1392119157
332,80969,2.5,1392119038
332,81562,3.5,1310569771
332,81564,3.5,1318255917
332,81591,4,1310566335
332,81834,3.5,1310566326
332,81847,3.5,1318254478
332,81932,3.5,1451563850
332,82852,3,1356694551
332,83219,4,1327318093
332,84152,4.5,1451564053
332,84637,2.5,1451563485
332,84772,3,1318254764
332,84944,2,1451562657
332,85367,2.5,1451562327
332,85412,4.5,1451562317
332,85414,4.5,1330435651
332,86298,2.5,1451563151
332,86345,3.5,1451561796
332,86668,4,1318254574
332,86833,4.5,1331655083
332,87222,3.5,1364982961
332,87234,3,1392119030
332,87306,4,1365432879
332,87869,3,1353670461
332,88125,4,1326116900
332,88129,4,1451563862
332,88163,4,1362500724
332,88744,4,1326117158
332,89045,3.5,1318253450
332,89118,3.5,1327318133
332,89260,3,1392119262
332,89745,4.5,1484736853
332,89753,3.5,1356694744
332,89774,3.5,1369748244
332,89864,4.5,1353330701
332,90357,4,1451563744
332,90405,2.5,1356694300
332,90430,3,1353424906
332,90647,3,1392119006
332,91094,4,1356694269
332,91323,2.5,1451563266
332,91488,3,1326116830
332,91529,4.5,1344610027
332,91658,4,1418821703
332,92214,2.5,1330435711
332,92420,3.5,1348836768
332,93272,3,1451563339
332,93326,2.5,1353424924
332,93510,4,1356694285
332,93840,4,1364982979
332,94024,4.5,1392119256
332,94041,3.5,1392119169
332,94959,3.5,1371712269
332,95002,3.5,1340299142
332,95105,3,1364983000
332,95167,4,1392119240
332,95441,3.5,1451561785
332,95510,3,1392119233
332,95558,4.5,1362501067
332,96432,4,1451562301
332,96488,3,1392119044
332,96588,4,1446817326
332,96610,3,1362500665
332,96811,4,1451562305
332,97024,4,1362501054
332,97225,3.5,1364982950
332,97304,3.5,1392118892
332,97306,3,1371712342
332,97326,4,1369748263
332,97395,4,1451563734
332,97673,3.5,1371712412
332,97913,3,1392118957
332,97921,4.5,1451563988
332,97938,4.5,1356694201
332,99114,4.5,1362500680
332,99117,4,1364982936
332,100159,4,1451563788
332,101525,3.5,1383228544
332,101739,2.5,1451562903
332,101741,3,1451563184
332,102686,2,1451562757
332,102903,2,1451562652
332,103141,3.5,1392119113
332,103249,3,1446817319
332,103335,3,1446817315
332,104078,4,1392119086
332,104211,2.5,1451563126
332,104272,3.5,1444909752
332,104841,4,1444909790
332,104913,3.5,1444909941
332,105420,4,1392119295
332,105468,3,1451563407
332,105504,4,1444909919
332,105593,3.5,1451563183
332,105731,3,1451562894
332,105844,4,1441370807
332,106100,4.5,1444909808
332,106696,2,1446817310
332,106782,5,1441370823
332,106916,3.5,1444910417
332,106920,3.5,1444909782
332,108932,4,1451563177
332,110553,3.5,1451561779
332,112138,3.5,1451561774
332,112552,5,1451561176
332,112556,4,1444909779
332,115569,4.5,1441370779
332,115617,4,1446816722
332,117529,3,1446817298
332,122886,4,1484736914
332,122904,4,1484736949
332,125916,3,1451562749
332,128360,4,1484736893
332,134130,4.5,1484736907
332,134853,5,1444910307
332,139385,4.5,1484736887
333,567,4,992890013
333,1193,5,992889960
333,2054,3,992890124
333,2122,4,992890013
333,2268,2,992890124
333,3730,3,992890073
334,47,5,1446950695
334,110,4,1446950703
334,296,5,1446936378
334,318,5,1446936297
334,593,5,1446936375
334,780,3,1446950699
334,858,5,1446936298
334,1221,5,1446936305
334,2571,4,1446936435
334,2959,5,1446936376
334,3535,4.5,1446936711
334,3578,4,1446936512
334,3717,4,1446936654
334,3752,5,1446936726
334,3753,4,1446936612
334,3793,3,1446936515
334,3994,5,1446936607
334,4148,4.5,1446939040
334,4270,3.5,1446936744
334,4306,4.5,1446936523
334,4643,3,1446936720
334,4720,4,1446936658
334,4776,4,1446936741
334,4963,4,1446936544
334,4993,4.5,1446936506
334,4995,5,1446936568
334,5349,3,1446936542
334,5418,3,1446936555
334,5459,4,1446936659
334,5502,4,1446936648
334,5630,5,1446941411
334,5679,4.5,1446936683
334,5816,4,1446936588
334,5952,4.5,1446936507
334,5956,4.5,1446939051
334,6016,4.5,1446936308
334,6333,3.5,1446936585
334,6377,4.5,1446936530
334,6378,4.5,1446936670
334,6537,3.5,1446936724
334,6539,4,1446936519
334,6874,4.5,1446936558
334,7143,3.5,1446936641
334,7153,4.5,1446936509
334,7438,4.5,1446936563
334,8360,4,1446936595
334,8368,4.5,1446936604
334,8636,3,1446936580
334,8644,3.5,1446936650
334,8874,5,1446936629
334,8961,3.5,1446936552
334,30707,4.5,1446936669
334,33794,3.5,1446936550
334,34162,4,1446939021
334,41566,2,1446939032
334,45447,2,1446939694
334,46578,4,1446936622
334,48780,4.5,1446936618
334,49272,3,1446936610
334,54503,5,1446939051
334,58559,5,1446936529
334,59315,5,1446936601
334,60069,4,1446936598
334,63082,4,1446936645
334,69122,4,1446936718
334,74458,4.5,1446936457
334,78499,4,1446936462
334,79132,5,1446936459
334,89745,4,1446939058
334,91529,4.5,1446936453
334,91658,4.5,1446936393
334,92259,4.5,1446950683
334,106782,4,1446936390
334,116797,4,1446936399
334,122882,3.5,1446936473
334,127202,4,1446936477
335,1,5,1002138849
335,132,2,1002138698
335,294,3,1002138873
335,356,5,1002138698
335,476,4,1002139051
335,588,5,1002139553
335,1060,3,1002139553
335,1079,3,1002138979
335,1210,5,1002138741
335,1259,5,1002138849
335,1265,5,1002139051
335,1270,5,1002138911
335,1278,5,1002138979
335,1285,4,1002139405
335,1307,5,1002139325
335,1500,4,1002139246
335,1784,5,1002139553
335,1968,5,1002139051
335,2000,5,1002139273
335,2174,5,1002139273
335,2269,5,1002138741
335,2316,3,1002138670
335,2321,5,1002138928
335,2396,5,1002138897
335,2572,4,1002138670
335,2599,4,1002139405
335,2700,5,1002139273
335,2706,5,1002139503
335,2719,3,1002138741
335,2791,5,1002139196
335,2858,5,1002138825
335,2918,5,1002138825
335,3052,3,1002139246
335,3114,5,1002138849
335,3130,4,1002138741
335,3178,5,1002139503
335,3361,5,1002139503
335,3388,5,1002138741
335,3396,4,1002139325
335,3421,5,1002139553
335,3448,5,1002139291
335,4254,2,1002138698
335,4361,4,1002139196
335,4471,4,1002138670
335,4714,4,1002138979
335,4718,5,1002139325
335,4734,4,1002138849
335,4848,2,1002138698
336,65,4,1213023204
336,175,4.5,1213023286
336,379,3.5,1213022880
336,519,1.5,1213023221
336,1385,3.5,1213021683
336,1589,2.5,1213022633
336,1687,4.5,1213023419
336,1792,4,1213023762
336,2687,3.5,1213023229
336,2719,2.5,1213023212
336,3263,3.5,1213023157
336,3267,5,1213023781
336,3273,3.5,1213021902
336,3555,2.5,1213021556
336,4161,3.5,1213023842
336,58803,4.5,1213023976
337,50,4,944931312
337,111,5,944931793
337,148,4,944930740
337,150,3,944931312
337,162,5,944931793
337,233,5,945352184
337,246,5,944931249
337,260,5,944931667
337,296,5,944931312
337,299,5,945352228
337,308,5,944932031
337,448,5,944931813
337,527,5,944932146
337,599,4,944931972
337,608,5,944931313
337,621,5,944931377
337,668,5,944931550
337,670,4,944931483
337,750,4,944931550
337,858,5,944931435
337,904,4,944931879
337,911,5,944932365
337,912,5,944931736
337,920,4,944932146
337,923,3,944931667
337,924,3,944931249
337,1035,4,944930740
337,1079,5,944931972
337,1131,5,944932207
337,1147,5,944930740
337,1148,5,944931879
337,1176,5,944931377
337,1190,5,944931435
337,1193,3,944930740
337,1196,5,944931879
337,1198,5,944930894
337,1208,4,944931736
337,1219,3,944932086
337,1221,5,944931610
337,1224,5,944932287
337,1225,5,944932246
337,1251,5,944931550
337,1263,5,944931313
337,1265,3,944932146
337,1267,5,944931551
337,1270,5,944931313
337,1617,4,944932031
337,1945,5,944931793
337,1952,5,944932207
337,2013,4,945352217
337,2028,4,944931249
337,2070,4,945352249
337,2112,4,944931249
337,2186,4,944931667
337,2312,3,944931249
337,2324,3,944932086
337,2333,5,945352184
337,2336,4,945352184
337,2351,4,944931667
337,2352,5,944931313
337,2390,3,945352200
337,2394,5,945352218
337,2395,4,945352249
337,2433,4,945352166
337,2485,4,945352249
337,2628,4,944930821
337,2710,1,945352166
337,2731,4,944931551
337,2791,5,944932207
337,2858,3,944931049
337,2890,4,944931049
337,2918,5,944931249
337,2973,5,944931551
337,2987,5,945352256
337,3052,5,944931049
337,3089,4,944931551
337,3093,4,944931377
337,3108,5,944931377
338,1,5,866123185
338,5,3,866123369
338,7,3,866123427
338,17,3,866123189
338,62,4,866123188
338,95,3,866123187
338,135,2,866123458
338,140,3,866123489
338,141,4,866123187
338,260,5,866123368
338,494,3,866123369
338,648,3,866123186
338,653,4,866123427
338,694,4,866124708
338,708,3,866123427
338,733,4,866123368
338,736,4,866123184
338,743,2,866123489
338,761,3,866123597
338,765,4,866123631
338,780,4,866123183
338,786,3,866123369
338,802,4,866123427
338,805,3,866123458
338,1073,3,866123368
338,1210,4,866123458
338,1356,5,866123427
338,1391,1,866123631
338,1485,3,866124801
338,1544,4,866124950
339,1,5,867693002
339,17,5,867693009
339,25,5,867693012
339,32,4,867692999
339,62,5,867693009
339,141,5,867693006
339,648,3,867693003
339,736,3,867693001
339,780,3,867692999
340,1,3.5,1441775142
340,2,3,1441775333
340,3,3,1448327026
340,7,3.5,1441777732
340,10,4.5,1441775266
340,11,3.5,1448327019
340,17,4.5,1441775330
340,19,3.5,1448327096
340,28,3.5,1441777283
340,34,3,1441775547
340,39,4,1441775313
340,47,3,1441775515
340,58,3,1448326487
340,62,3,1441775343
340,104,3.5,1448327112
340,110,3.5,1441775480
340,141,3,1441775352
340,150,3.5,1441775491
340,151,2.5,1441775432
340,160,1.5,1441775406
340,215,4,1441777484
340,216,3,1441776952
340,223,3,1441775324
340,231,3.5,1448327081
340,235,2.5,1441775375
340,236,3.5,1441775442
340,246,3.5,1441777072
340,253,3,1441775278
340,260,4,1441775245
340,261,3,1441777025
340,266,3,1441775381
340,293,3,1441775359
340,296,3,1441775478
340,300,3.5,1441775704
340,317,3,1441775386
340,318,4,1441775220
340,333,4,1441775457
340,339,3,1441777759
340,344,3.5,1441775519
340,353,2,1441775383
340,356,4,1441775136
340,357,4.5,1441775310
340,364,4,1441777067
340,367,2.5,1448327007
340,432,3.5,1441775436
340,435,2.5,1448327148
340,440,3.5,1441777367
340,480,3,1441775140
340,497,3,1441776966
340,500,3.5,1448327079
340,515,3.5,1441777027
340,527,4.5,1441775222
340,539,3.5,1441775591
340,541,3,1441775573
340,551,3.5,1441775700
340,586,3,1441775594
340,588,4,1441775509
340,590,4,1441775500
340,593,3.5,1441775138
340,595,4,1448326999
340,648,3,1441775533
340,745,3.5,1441775448
340,750,3,1441775643
340,778,4,1441775317
340,780,3.5,1441775493
340,783,2.5,1441775453
340,784,2,1441775395
340,788,2,1441775728
340,838,3,1448326910
340,858,3.5,1441775508
340,898,5,1441775771
340,902,4,1441777541
340,903,3,1441778121
340,904,3,1441777403
340,905,4.5,1441777018
340,908,3,1441777205
340,909,4.5,1441777584
340,910,3.5,1448327176
340,911,4.5,1441777149
340,912,4.5,1441775747
340,913,3,1441775756
340,914,2.5,1448327045
340,915,3.5,1441777554
340,916,4.5,1441777544
340,919,3.5,1441775653
340,920,2.5,1441775753
340,922,2.5,1441775779
340,923,4,1441775749
340,926,3,1441775804
340,928,3,1441777650
340,930,3.5,1441775800
340,933,4,1441777151
340,942,3,1441775816
340,946,3.5,1441775863
340,947,4.5,1441775846
340,950,4,1441777059
340,951,4,1441777602
340,953,5,1441775197
340,954,4,1441775785
340,955,3.5,1441776999
340,969,3.5,1441777228
340,1013,3,1441777692
340,1022,3,1441775764
340,1029,3,1441775761
340,1036,3,1441775575
340,1059,4,1448326903
340,1073,2.5,1441775579
340,1080,4,1448327105
340,1089,2.5,1441775602
340,1101,3,1441775692
340,1136,4,1441775542
340,1172,3,1441777115
340,1196,4,1441775228
340,1197,3.5,1441775235
340,1198,4.5,1441775240
340,1199,3,1448327144
340,1203,3.5,1441776900
340,1206,2,1441775617
340,1207,3.5,1441776902
340,1208,3,1441775651
340,1209,2.5,1441777566
340,1210,4,1441775487
340,1212,3.5,1441775782
340,1214,2,1441775568
340,1219,2.5,1441775722
340,1221,3,1441775582
340,1225,4,1441775685
340,1246,4,1441775678
340,1254,3,1441775795
340,1259,3.5,1441775681
340,1265,3,1441775550
340,1269,3.5,1441775774
340,1270,4.5,1441775144
340,1281,3.5,1441778101
340,1282,3,1441775766
340,1284,3,1441775791
340,1291,4,1441775557
340,1296,3.5,1448326927
340,1307,3.5,1448326914
340,1391,3.5,1441775370
340,1393,3,1441775337
340,1408,3.5,1448326901
340,1457,3,1441777772
340,1485,3,1448327116
340,1517,3.5,1441775327
340,1527,3,1441775274
340,1569,3,1448327044
340,1580,3.5,1448327074
340,1584,3,1441775683
340,1608,3,1441775412
340,1617,3.5,1441775271
340,1625,2.5,1441775380
340,1639,3,1441775410
340,1682,3.5,1448327085
340,1704,4,1441775267
340,1721,3.5,1448327001
340,1722,3.5,1441775429
340,1732,3.5,1448327092
340,1777,3.5,1448327141
340,1784,2,1441775339
340,1923,3,1448327009
340,1929,3.5,1441775929
340,1934,4,1441775913
340,1968,3.5,1441775668
340,2010,3.5,1441775788
340,2011,4,1441775709
340,2012,4.5,1441775689
340,2018,2.5,1441775763
340,2028,4.5,1441775525
340,2059,3.5,1441777705
340,2174,2.5,1441775697
340,2176,3,1441778131
340,2248,3,1448327059
340,2291,4,1448327012
340,2321,3.5,1448327151
340,2324,3,1448327106
340,2329,3.5,1441775624
340,2366,2.5,1441775769
340,2395,3,1448327133
340,2396,4,1441775627
340,2424,3.5,1448327038
340,2470,4,1448327170
340,2502,3.5,1448327098
340,2541,3,1448327058
340,2571,4,1441775146
340,2572,4,1448327036
340,2599,2.5,1448327155
340,2628,2.5,1441775563
340,2683,3.5,1448327087
340,2700,4,1448327118
340,2706,3,1441775635
340,2716,3.5,1441775586
340,2762,3,1441775529
340,2763,4,1448327167
340,2797,3.5,1441775719
340,2858,5,1441775501
340,2927,3,1441778067
340,2937,3.5,1441775911
340,2959,3.5,1441775514
340,2997,3,1441775605
340,3079,4,1441776031
340,3088,5,1441775999
340,3097,4.5,1441775840
340,3114,3,1441775647
340,3285,2.5,1441776628
340,3307,3.5,1441775818
340,3310,4,1441775884
340,3359,3.5,1441777274
340,3481,4,1441776357
340,3535,2.5,1441776459
340,3578,4.5,1441776309
340,3617,2.5,1448326716
340,3623,3,1448326615
340,3624,3.5,1448326687
340,3635,3,1441776993
340,3639,3.5,1441777013
340,3751,3.5,1441776345
340,3752,2.5,1441776481
340,3753,3,1448326644
340,3755,3,1441776421
340,3785,2,1441776443
340,3793,2.5,1441775598
340,3801,3,1441777373
340,3863,2,1448326674
340,3882,3,1441776712
340,3897,4,1441776328
340,3910,3.5,1441776807
340,3911,3.5,1441776426
340,3948,1.5,1441776355
340,3949,3.5,1441777435
340,3967,3,1441777100
340,3969,2.5,1441776632
340,3980,2.5,1441777080
340,3988,3,1448326759
340,3994,1,1448326642
340,3996,4.5,1441776315
340,4011,3.5,1441776331
340,4014,4,1441777107
340,4015,2.5,1448326789
340,4016,3,1448326765
340,4018,3,1441776448
340,4022,3,1441775726
340,4027,4.5,1441775711
340,4069,3,1441777769
340,4148,3,1448326714
340,4223,4,1441776535
340,4226,4,1441775560
340,4239,3.5,1441776532
340,4246,3.5,1441776379
340,4299,3.5,1448326763
340,4306,4,1441776311
340,4308,3.5,1441776401
340,4310,3.5,1441776476
340,4338,3.5,1441775944
340,4406,3.5,1441777383
340,4446,2,1448326725
340,4447,3.5,1441776441
340,4621,1.5,1441777716
340,4641,3,1441776935
340,4643,2.5,1441776456
340,4700,3.5,1441777750
340,4701,3.5,1441776626
340,4718,3,1441776479
340,4734,2.5,1441776597
340,4776,3,1448326690
340,4816,3.5,1448326699
340,4865,3.5,1441776754
340,4874,2.5,1441776583
340,4878,3,1441776326
340,4886,4,1441776319
340,4890,3,1441776707
340,4896,3.5,1441776333
340,4914,2.5,1441777220
340,4963,4,1441775629
340,4973,5,1441776317
340,4979,4,1441776367
340,4993,4.5,1441775521
340,4995,3.5,1441775658
340,5010,3.5,1441776958
340,5013,4,1441776571
340,5064,4,1441776950
340,5110,3.5,1441777390
340,5171,3.5,1441776849
340,5218,3,1441776391
340,5266,2.5,1441776560
340,5299,2.5,1441777722
340,5308,2,1441777719
340,5349,3,1441775641
340,5377,4.5,1441776921
340,5378,2.5,1441776351
340,5418,3.5,1441776322
340,5444,2,1448326817
340,5445,4,1441775614
340,5459,3.5,1448326661
340,5481,2.5,1441776468
340,5528,1,1441776727
340,5617,1,1441776779
340,5618,4,1441776905
340,5669,3,1441776396
340,5673,2,1448326775
340,5690,2.5,1441777548
340,5810,2.5,1448326785
340,5816,3,1448326631
340,5872,3.5,1441776662
340,5878,3.5,1441777054
340,5903,2,1441776558
340,5952,4,1441776308
340,5956,4,1441776544
340,5971,4,1441776916
340,5989,4,1441776330
340,5995,4,1441776414
340,6016,4,1441776903
340,6188,3.5,1441776656
340,6218,3.5,1441776529
340,6237,3.5,1441778168
340,6254,3.5,1441775951
340,6287,2,1441776772
340,6350,4,1441776957
340,6365,3,1441776337
340,6377,3.5,1441775621
340,6412,3.5,1441778153
340,6429,4,1441778154
340,6502,2.5,1441776384
340,6539,4,1441776313
340,6565,3.5,1441776691
340,6668,3,1448326959
340,6708,2,1441776696
340,6711,3,1448326622
340,6754,3,1441776765
340,6773,3.5,1441777495
340,6787,3.5,1441777144
340,6807,2.5,1441777500
340,6867,3,1441777332
340,6874,3,1441775662
340,6934,4,1441776365
340,6936,4,1448326823
340,6942,4.5,1441776451
340,6944,2,1441777690
340,6947,3.5,1448326721
340,6957,3.5,1441776822
340,7055,3,1441777468
340,7090,3.5,1441776539
340,7099,4,1441777113
340,7121,3,1441775876
340,7143,3.5,1441776430
340,7147,3.5,1441776922
340,7153,4,1441775249
340,7162,3,1441776857
340,7254,3,1441776440
340,7293,3.5,1441776581
340,7323,3,1441776747
340,7361,4,1441775655
340,7373,1,1448326756
340,7444,3.5,1441776852
340,7451,4,1441776704
340,7458,3,1441776586
340,7569,3,1441777015
340,7579,3,1441775957
340,7669,5,1441777035
340,7767,4,1441777407
340,8033,3.5,1441777182
340,8128,3,1441777448
340,8228,3,1441777007
340,8360,3.5,1448326634
340,8368,4.5,1441777216
340,8464,3,1441776486
340,8528,3,1441776650
340,8529,3,1441776642
340,8533,3.5,1441776763
340,8636,2.5,1448326627
340,8638,4,1441776843
340,8641,3.5,1441776634
340,8644,3,1448326650
340,8665,3,1441776975
340,8712,3.5,1448327288
340,8784,3.5,1448326974
340,8807,3,1441777420
340,8873,3.5,1441777417
340,8874,3.5,1441776393
340,8910,2.5,1441776867
340,8917,3.5,1448326825
340,8949,1,1441776521
340,8958,4,1441776794
340,8961,5,1441775675
340,8970,3.5,1441777194
340,8983,3.5,1441777034
340,8984,3.5,1441776599
340,25842,3.5,1441778315
340,25850,4,1441775984
340,26025,3,1441778203
340,26662,3.5,1441777131
340,26776,3.5,1441776995
340,27523,2.5,1448326909
340,27773,2.5,1441776960
340,30793,2.5,1448326693
340,30810,4,1441776638
340,30812,4,1441776912
340,30825,1.5,1441776740
340,31410,4,1441776782
340,31658,3.5,1441776612
340,32371,3.5,1441778182
340,32587,1.5,1448326618
340,33004,3.5,1441776594
340,33493,2.5,1441776370
340,33679,3,1441776552
340,33779,4.5,1441777248
340,33794,4,1441775716
340,34150,1,1441776791
340,34162,4,1441776527
340,34437,2,1441777030
340,35836,3.5,1448326662
340,37729,3,1448326820
340,37741,4,1441776872
340,38038,3.5,1441776757
340,39183,4,1441777611
340,40629,5,1441776023
340,40815,3.5,1448326471
340,41285,3.5,1441776863
340,41566,3,1441776519
340,41569,3,1448326744
340,44191,3,1441777645
340,44555,4,1441776593
340,45447,3,1441776641
340,45517,2.5,1441776721
340,45720,3.5,1441776825
340,45722,3,1448326660
340,46578,2.5,1441776374
340,46723,3.5,1441776769
340,46855,3.5,1448326584
340,46976,3,1441776576
340,48394,3,1441776387
340,48516,3.5,1441776926
340,48780,4.5,1441776389
340,49272,4,1441776948
340,49286,3,1441777049
340,49530,3,1441776525
340,50872,3.5,1441775199
340,51255,3.5,1448326677
340,51662,2.5,1441776403
340,51705,5,1441776053
340,52973,3,1441777134
340,53123,3.5,1441777253
340,53322,3.5,1448326834
340,53996,2.5,1448326742
340,54001,4,1448326454
340,54259,3.5,1441776737
340,54272,3.5,1448326754
340,54286,3.5,1441776398
340,54503,4,1441776546
340,54997,3,1441776702
340,55247,3,1441776659
340,55442,3,1441777172
340,55820,3,1441776417
340,56152,4,1441777754
340,56367,4,1441776408
340,56757,1,1441776818
340,56782,3.5,1441776636
340,57669,2.5,1441776665
340,58303,3.5,1441777177
340,58425,3,1441777504
340,58559,5,1441775237
340,58998,4.5,1441776804
340,59315,3.5,1448326638
340,59387,2.5,1448326542
340,59615,1.5,1448326800
340,60069,5,1441776895
340,60684,2,1441776617
340,61132,2.5,1441776841
340,61323,2.5,1441776743
340,61406,3,1448326508
340,63082,3.5,1441777063
340,63113,3.5,1441776847
340,63131,3,1441776971
340,63876,3.5,1441777512
340,64614,4,1441776550
340,64839,2,1441776776
340,66097,3,1441776854
340,66371,3,1441777242
340,66509,3,1441777077
340,67087,4,1441776930
340,67255,3.5,1441777308
340,67997,4,1448326479
340,68157,3,1441776423
340,68237,3.5,1441776652
340,68269,4,1448326476
340,68358,4.5,1441776463
340,68954,3.5,1441776411
340,69122,3,1441776474
340,69481,4,1441776759
340,69524,4,1448326446
340,69757,3,1441776933
340,69844,3.5,1448326457
340,70286,4,1441776449
340,71535,3,1441776609
340,71899,3.5,1441777064
340,72011,3.5,1441776809
340,72998,4,1441776407
340,73017,3.5,1448326706
340,74324,4,1441777432
340,74458,2,1441776542
340,74508,4,1448326525
340,76093,5,1441777098
340,76251,2,1441776667
340,77455,4.5,1441777239
340,77561,3,1441776682
340,78209,3.5,1441776946
340,78499,3,1441777103
340,79091,3,1441776869
340,79132,4.5,1441776335
340,79702,4,1448326836
340,80463,3.5,1441776601
340,80954,5,1441778226
340,81591,3,1441776603
340,81834,4,1441776717
340,81845,4,1448326440
340,82459,3.5,1441776800
340,84847,3,1448326941
340,85774,5,1448326472
340,86504,4.5,1448326544
340,87232,3,1441776750
340,88125,4,1441776690
340,89678,4.5,1441776043
340,89745,2.5,1441776574
340,91500,3.5,1448326782
340,91529,4,1441776579
340,92259,3,1448326530
340,92535,4,1448326441
340,93040,4.5,1448326523
340,93988,4,1448326474
340,94959,3.5,1441777003
340,96079,3.5,1441776837
340,96610,3.5,1441776839
340,96821,3.5,1448326918
340,96911,4,1441777456
340,97225,3,1441777817
340,97304,2.5,1441777562
340,98154,4,1441777558
340,98491,5,1441777206
340,98809,3,1441776828
340,98961,4.5,1441776973
340,99114,3.5,1441776607
340,100714,4,1441777555
340,101895,3,1441777609
340,104374,3.5,1441777293
340,104841,3,1441776859
340,104913,3,1441777290
340,104944,3.5,1441777116
340,105844,3,1441777093
340,106100,4.5,1441776907
340,106642,2,1441777350
340,106782,2.5,1441777246
340,106920,4,1441777096
340,109374,4,1441776878
340,109487,4,1441775287
340,112175,4,1441777632
340,112852,2.5,1441776813
340,115617,4,1441777238
340,116797,4.5,1441775290
340,117444,3.5,1441777509
340,122882,3,1441777288
340,134853,4,1441775284
340,142115,4.5,1448326597
341,3,3,861789778
341,5,3,861789778
341,10,3,861790613
341,31,3,861790737
341,64,3,861790036
341,79,4,861789841
341,135,4,861789841
341,140,3,861789887
341,165,4,861790696
341,236,5,861791240
341,260,3,861789778
341,276,4,861791140
341,316,4,861790696
341,339,5,861790768
341,349,5,861790768
341,350,5,861790792
341,368,4,861790909
341,420,3,861790816
341,440,5,861791295
341,454,5,861790844
341,457,5,861790792
341,494,4,861789778
341,500,3,861790737
341,539,5,861791100
341,597,4,861791017
341,605,4,861790139
341,647,2,861789955
341,648,4,861789734
341,762,2,861789841
341,852,2,861789887
341,1021,3,861791459
341,1036,4,861791160
341,1092,4,861791296
341,1101,5,861790909
341,1196,4,861791296
341,1210,4,861789887
341,1270,3,861791201
341,1370,4,861791296
342,1,4,1178676020
342,32,4,1178676218
342,110,5,1178676264
342,150,4,1178676274
342,153,2.5,1178676215
342,230,3,1178675736
342,296,4.5,1178676088
342,316,2.5,1178676182
342,318,5,1178676067
342,344,4,1178676092
342,355,1.5,1178675655
342,377,2,1178676119
342,457,4,1178676044
342,475,4.5,1178675707
342,480,4,1178676025
342,585,1,1178675643
342,589,4.5,1178676084
342,592,4,1178676290
342,593,4.5,1178676099
342,595,3,1178676248
342,647,2.5,1178675695
342,648,4,1178676047
342,780,3,1178676254
342,858,5,1178676362
342,910,4.5,1178675670
342,1060,4,1178675677
342,1120,2.5,1178675717
342,1196,4,1178676116
342,1198,5,1178676197
342,1210,4,1178676008
342,1221,5,1178676364
342,1270,4,1178676282
342,1466,3.5,1178675651
342,1729,2,1178675663
342,2028,4,1178676209
342,2336,3.5,1178675700
342,2396,4,1178676278
342,2407,3.5,1178675647
342,2628,3,1178675996
342,2683,3,1178676191
342,2701,3,1178675681
342,2762,3,1178676013
342,2858,4.5,1178676035
342,2947,4,1178675661
342,2959,4,1178676181
342,3421,3.5,1178675639
342,3578,3.5,1178676188
342,3793,3.5,1178675991
342,3996,3,1178676251
342,4027,4,1178676184
342,4963,3.5,1178676207
342,5378,3,1178676260
342,5952,4,1178676074
342,5989,4,1178676108
342,6377,3,1178676193
342,6539,4,1178676051
342,6711,4,1178676181
342,6874,3.5,1178676072
342,7438,3.5,1178676016
342,8368,3,1178676271
342,8636,3.5,1178676003
342,8961,4,1178676220
342,32587,3.5,1178676081
342,44191,3,1178676095
342,45722,4,1178676077
342,48385,3,1178676256
342,49272,3,1178676029
343,6,5,847540451
343,10,3,847540185
343,11,4,847540330
343,16,4,847540613
343,21,3,847540509
343,25,5,847540613
343,32,4,847540295
343,34,5,847540250
343,36,5,847540613
343,39,3,847540295
343,47,4,847540230
343,110,4,847540185
343,150,4,847540076
343,153,3,847540110
343,208,3,847540185
343,266,5,847540313
343,288,4,847540204
343,296,4,847540076
343,300,4,847540250
343,317,3,847540313
343,318,5,847540158
343,329,4,847540158
343,337,4,847540641
343,356,4,847540133
343,357,4,847540295
343,364,5,847540230
343,377,3,847540230
343,457,4,847540110
343,474,4,847540361
343,480,3,847540158
343,508,4,847540392
343,509,4,847540360
343,527,5,847540267
343,588,3,847540110
343,589,4,847540204
343,590,5,847540076
343,592,3,847540076
343,595,4,847540134
343,597,3,847540486
344,1,5,1467391668
344,260,4,1467391096
344,589,1.5,1467391177
344,1196,5,1467391112
344,1197,4.5,1467391830
344,1198,5,1467391142
344,1200,3.5,1467391160
344,1210,5,1467391122
344,1240,2,1467391167
344,1291,5,1467391140
344,2571,3.5,1467391125
344,2617,5,1467391689
344,3578,2.5,1467391170
344,4270,5,1467391697
344,4306,3.5,1467391638
344,4886,4,1467391557
344,4896,5,1467391604
344,4993,5,1467391126
344,5218,5,1467391647
344,5313,4.5,1467391749
344,5952,4,1467391120
344,6377,5,1467391886
344,6539,5,1467391598
344,7153,5,1467391116
344,8368,5,1467391560
344,8636,3,1467391659
344,8961,5,1467391161
344,32587,5,1467391357
344,33679,5,1467391675
344,33794,5,1467391179
344,37729,4,1467391820
344,40815,4.5,1467391884
344,45499,3.5,1467391654
344,45720,5,1467391776
344,50872,5,1467391871
344,51662,4.5,1467391714
344,58559,5,1467391137
344,59315,5,1467391148
344,59501,4.5,1467391665
344,59784,5,1467391361
344,60069,5,1467391788
344,60937,3,1467391699
344,64957,5,1467391826
344,68358,5,1467391147
344,68954,5,1467391181
344,69844,5,1467391860
344,72998,4.5,1467391628
344,73017,3.5,1467391888
344,76093,5,1467391152
344,77561,4.5,1467391602
344,78499,5,1467391165
344,79091,4.5,1467391862
344,81564,5,1467391555
344,81834,5,1467391858
344,81845,5,1467391769
344,81847,4,1467391873
344,88125,5,1467391850
344,88140,4.5,1467391610
344,88744,4.5,1467391566
344,89745,5,1467391158
344,91500,4.5,1467391578
344,91529,5,1467391833
344,91658,5,1467391853
344,98243,5,1467391607
344,102125,4,1467391588
344,102445,4,1467391895
344,103141,3.5,1467391626
344,106072,3.5,1467391650
344,106487,4.5,1467391582
344,111759,5,1467391174
344,112175,5,1467391351
344,112852,5,1467391146
344,115617,5,1467391175
344,116823,3.5,1467391656
344,122882,5,1467391792
344,122886,5,1467391145
344,122892,4,1467391575
344,122904,4.5,1467391818
344,134853,5,1467391779
345,912,4,1042678063
345,953,3.5,1074143222
345,1093,3,1042678117
345,1193,5,1042678092
345,1197,4,1042678011
345,1208,5,1042678117
345,1610,4,1042678036
345,1617,3,1042678076
345,2028,3,1042678117
345,2107,2,1042678036
345,2398,4,1042678092
345,2617,0.5,1074143230
345,3608,1,1042678118
345,4008,4,1042678011
345,4082,4,1042680493
345,4848,3,1042678063
346,1,4,938885243
346,2,4,947177087
346,6,4,1077983804
346,7,2,947177981
346,8,2,963431054
346,11,3,947177629
346,22,2,945125523
346,25,5,938884677
346,31,3,947178360
346,34,5,938885052
346,36,4,938884781
346,39,3,963432070
346,45,4,1060355125
346,47,2,944254217
346,50,4,938680627
346,52,4,947177640
346,57,2,947178118
346,62,2,947177428
346,85,4,938681389
346,94,4,946865492
346,101,4.5,1063652619
346,105,3,947177932
346,110,3,947176570
346,111,5,938678713
346,116,4,1055087529
346,123,4,948467879
346,125,4,938885308
346,140,3,961812526
346,141,2,947178389
346,147,2,947177414
346,150,4,938885412
346,151,4,947177070
346,155,4,938678947
346,159,4,947177534
346,161,2,947176917
346,164,4,945125369
346,168,3,1066921173
346,195,3,947178303
346,215,3,945124405
346,217,2,947178217
346,222,3,947177004
346,224,3,947177700
346,230,3.5,1063653375
346,233,3,947176780
346,235,4,947176951
346,260,3,938680627
346,261,4,947176864
346,262,5,938885359
346,265,4,975635711
346,266,3,947178303
346,281,5,995676482
346,288,2,947178424
346,296,4,938679585
346,300,4,938884781
346,306,4,1039015372
346,307,4,965185313
346,314,5,947176570
346,318,3.5,1063652016
346,319,4,940012451
346,337,3.5,1065531837
346,339,3,947178329
346,340,3,947176432
346,346,4,963276503
346,348,4,946865981
346,354,4.5,1065546541
346,356,4,938885966
346,357,3,947177580
346,361,3,947178072
346,367,2,945125245
346,373,3.5,1060354889
346,377,4,947177669
346,383,2,947177700
346,388,3,948155400
346,421,4,947176725
346,423,2,947174912
346,425,3,945124593
346,432,2,938679319
346,436,3,947178237
346,441,4,947177148
346,454,2,947177700
346,457,3,938886229
346,471,2,946865736
346,474,4,947176805
346,475,4,940011901
346,480,3,947177176
346,492,3,947177113
346,501,5,939502924
346,508,3,938884843
346,509,4,947174958
346,515,3,938884953
346,521,4,945125462
346,523,3,947176670
346,527,5,938885521
346,531,4,1069682487
346,535,3.5,1063653417
346,541,4,939503353
346,555,4,945125331
346,586,2,946866501
346,587,3,947178007
346,590,3,947176888
346,592,3,945125331
346,593,5,938884677
346,596,4,1069682237
346,597,2.5,1063653041
346,599,5,938885617
346,605,2,946866555
346,608,4.5,1063652918
346,628,4,947176864
346,630,2,947174880
346,647,4,967123045
346,648,3,959823343
346,702,3,947282482
346,728,3,947177555
346,731,3,946866501
346,733,2,947177232
346,750,5,938681389
346,778,4,940012227
346,784,2,947177912
346,800,4,938885467
346,802,2,947178389
346,805,3,947177330
346,858,5,938678777
346,866,4,940011976
346,870,2,946866501
346,882,3,947178174
346,902,4,938884843
346,903,5,938679098
346,904,5,938884843
346,905,4,938680737
346,908,4,938884893
346,910,5,939503206
346,912,4,938885186
346,914,2,947282482
346,919,3,939503126
346,920,4,1069682500
346,921,3,963431619
346,923,5,938885186
346,924,4,939040765
346,928,4,1069681763
346,930,4.5,1069681756
346,943,3,1069682265
346,948,3.5,1069682332
346,949,4,967123280
346,951,4,939503060
346,953,4,938885966
346,968,4,947282606
346,969,5,1065532282
346,986,4,947178030
346,994,3,938885467
346,1017,3,955731352
346,1020,2,947178217
346,1022,4,1069682592
346,1023,4,944254584
346,1028,3,947282606
346,1034,3,938885646
346,1036,3,938885359
346,1041,4,938884893
346,1042,3,947177965
346,1043,2,947178237
346,1057,4,946866501
346,1060,4,938885001
346,1073,4,947175269
346,1077,5,947175199
346,1078,4,947175235
346,1079,5,947175533
346,1080,4,947175269
346,1081,3,947176144
346,1082,4,947175235
346,1084,5,938884843
346,1089,4,938885186
346,1090,3,947175460
346,1091,2,994257650
346,1092,3,947178007
346,1093,3,947177232
346,1094,5,938679941
346,1095,4,947176693
346,1096,4,1069682180
346,1097,5,955730608
346,1100,2,959824329
346,1101,1,947176144
346,1104,4,967123247
346,1120,3.5,1065547109
346,1124,2,938678947
346,1125,3,947175302
346,1129,3,947176102
346,1135,2,947175913
346,1136,4,938885745
346,1169,4.5,1055087447
346,1171,3,947176432
346,1179,4,945125144
346,1180,4,945124823
346,1183,5,938885573
346,1185,4,1060354772
346,1186,4,947175533
346,1187,4,947176973
346,1188,3,938884953
346,1189,5,947175499
346,1193,5,938680737
346,1194,2.5,1063653055
346,1196,3,939040822
346,1197,4,938885186
346,1198,4,949145321
346,1199,4,947175460
346,1200,4,938885412
346,1201,4,1061690578
346,1206,4,939636138
346,1207,5,938680737
346,1208,4,939040700
346,1209,4,949145243
346,1211,4,938885915
346,1213,5,938678993
346,1214,4,938885803
346,1219,5,938681432
346,1220,3,977282982
346,1221,5,938678777
346,1222,3.5,1069681937
346,1224,4,938680810
346,1225,3,938885359
346,1227,4,945125210
346,1228,5,938678454
346,1230,5,938678590
346,1231,5,938886167
346,1233,3,947176516
346,1234,3,939040983
346,1235,3,947175135
346,1236,4,939503206
346,1237,4,961812234
346,1238,5,945124752
346,1240,2,944255338
346,1242,5,955730587
346,1243,3,942340176
346,1244,5,947175135
346,1245,3,940012451
346,1246,4.5,1063652538
346,1247,5,938885122
346,1248,5,938885966
346,1251,4,938681389
346,1252,5,938885745
346,1253,3,938884726
346,1256,5,938885915
346,1258,4,947175460
346,1259,3,947175499
346,1262,4,947282247
346,1263,4,947175199
346,1264,5,938885122
346,1265,5,1065546904
346,1266,5,938680627
346,1270,3.5,1065531889
346,1272,3,963431410
346,1273,3,938680737
346,1276,4,938885308
346,1278,4,938886005
346,1282,3,963431323
346,1283,4,1069681773
346,1284,4.5,1072799591
346,1285,4,947175579
346,1288,4,938884726
346,1291,3,943288426
346,1292,5,947175135
346,1293,4,939503060
346,1295,5,947175579
346,1296,4,938884953
346,1299,4,947175430
346,1300,4,938885412
346,1302,3,947175611
346,1304,4,939040700
346,1305,4,939503126
346,1307,3,947175646
346,1321,2,947175579
346,1327,2,955731028
346,1333,5,938885467
346,1345,4,947174880
346,1354,4,963341606
346,1358,4,938884781
346,1376,3,947176102
346,1387,5,947175161
346,1392,4.5,1065546746
346,1393,3,938885308
346,1394,5,947175533
346,1395,3,947175913
346,1396,3,945125331
346,1408,4.5,1065532238
346,1411,3.5,1065547101
346,1413,5,945124405
346,1414,3,947177580
346,1423,4,946780490
346,1449,3,938885915
346,1464,3,1065531971
346,1472,4,945125245
346,1477,3,947176805
346,1484,4,947177580
346,1500,4,945125210
346,1516,4,947177396
346,1517,4,943288031
346,1542,4,947177700
346,1544,2,963432307
346,1580,3,947177891
346,1584,3,1061690536
346,1594,3.5,1065531865
346,1610,3,938885243
346,1611,4,947177349
346,1617,5,938680810
346,1624,3,963432104
346,1633,4,938678893
346,1635,4,939040630
346,1639,4.5,1065532053
346,1641,4,938885699
346,1658,3,939040765
346,1660,4,947176570
346,1663,4,947175711
346,1673,4.5,1065531705
346,1674,4,938886229
346,1678,3,944255177
346,1682,4,939040700
346,1701,2,963432213
346,1704,3,938679048
346,1711,3,938679213
346,1719,4,938885617
346,1721,3,938884677
346,1729,4,938885308
346,1730,4,977531727
346,1732,3,945125210
346,1747,4,947177025
346,1784,3,938678993
346,1805,3.5,1063652716
346,1810,3,947177046
346,1831,2,963432307
346,1836,3,947176843
346,1841,4,947002204
346,1883,3.5,1065531928
346,1885,4,947177605
346,1912,4,938680894
346,1914,4,938680558
346,1916,3,960217591
346,1918,2,947178217
346,1923,4,959824128
346,1945,4,938885186
346,1948,4,946866621
346,1950,4,947282172
346,1952,4,938885122
346,1953,4,1060354196
346,1954,3,947175235
346,1955,3,947175235
346,1956,4,938680627
346,1957,3,938885745
346,1958,3,938885001
346,1959,4,947175647
346,1960,3,939503353
346,1961,3,939503060
346,1962,4,938681389
346,1963,4,938885573
346,1964,4,944254367
346,1965,3,938885915
346,1966,3,947177207
346,1967,2,947176267
346,1968,3,947175845
346,1974,2,1036330075
346,1975,1,1036330075
346,1976,1,1036330075
346,1977,1,1036330093
346,1978,1,1036330075
346,1979,1,1036330075
346,1980,1,1036330075
346,1981,1,1036330075
346,1982,4,947175302
346,1994,3.5,1065547034
346,1997,3,947175135
346,2000,3,947175711
346,2001,3,945125462
346,2003,4,947176267
346,2013,2,947175393
346,2018,4,1069682221
346,2020,5,944254445
346,2021,3,947176144
346,2022,4.5,1065531741
346,2023,3,938678777
346,2028,3,938885521
346,2054,3,947176241
346,2064,3,945124885
346,2065,4,938884953
346,2067,3,947282198
346,2068,4.5,1065546855
346,2069,3,938884843
346,2070,4,947175579
346,2076,5,944255056
346,2077,3,947175853
346,2081,4,947176102
346,2085,4,955731304
346,2100,4,947175913
346,2108,3,947176888
346,2109,2,939040587
346,2110,3,947176047
346,2111,3,947175913
346,2112,3,938885467
346,2114,3,942340213
346,2115,4,947176205
346,2118,3,947175579
346,2124,3,947178118
346,2125,4,947177669
346,2130,5,945125210
346,2131,3.5,1072799639
346,2132,4,955731248
346,2136,3,947282606
346,2144,2,947175818
346,2145,3,947176047
346,2146,2,947175881
346,2154,2,938679319
346,2160,4,1060354816
346,2165,2,939503271
346,2171,4,947177555
346,2174,4,946865915
346,2178,4,947175171
346,2183,4.5,1069681745
346,2194,5,945125260
346,2212,4,1060354878
346,2231,2,939040983
346,2243,4,944255630
346,2245,4,947176047
346,2247,4,947176144
346,2248,4,938885699
346,2250,4,947178135
346,2253,2,947178007
346,2262,3,947175913
346,2266,1,947178424
346,2268,3,938678947
346,2278,3,945125210
346,2282,3,942340240
346,2288,2,947175711
346,2289,5,1021810800
346,2290,3,946780460
346,2291,3,938885001
346,2300,4,950151538
346,2302,3,940012292
346,2303,5,938678526
346,2312,4,938678947
346,2313,4,1063652735
346,2321,4,947176973
346,2324,3,944254367
346,2329,2,938885243
346,2331,5,940012227
346,2337,2,947177025
346,2344,3,947175579
346,2345,3,947175499
346,2346,2,947175269
346,2348,4,939503353
346,2349,5,942340302
346,2352,3.5,1065531819
346,2357,4,938885052
346,2361,3,955730917
346,2369,3,947175647
346,2370,3.5,1063652689
346,2371,3,947176047
346,2384,4,938680894
346,2389,3,959823592
346,2391,4,938885052
346,2395,5,938678221
346,2396,4,938885521
346,2403,1,947176144
346,2405,3,947176205
346,2406,3,946866587
346,2407,3,947176102
346,2409,2,955731046
346,2423,3.5,1063653368
346,2424,2,938679098
346,2431,1,938680737
346,2440,4,947177113
346,2459,3,939040587
346,2463,4,947176102
346,2469,3,938679160
346,2475,3,947176205
346,2478,2,938679098
346,2492,2,947002597
346,2497,2,944253939
346,2501,4,938680810
346,2505,1,947002662
346,2511,5,938678893
346,2513,2,947176241
346,2520,2,939636138
346,2527,3,976028557
346,2529,3,947282391
346,2535,2,955731028
346,2539,3.5,1063652864
346,2548,2,947174880
346,2568,1,947002696
346,2570,3,945124593
346,2575,5,938678338
346,2580,4,938679098
346,2581,2,947178192
346,2583,4,947002436
346,2587,3,948155448
346,2598,3,947178192
346,2599,5,938885243
346,2612,4,963431293
346,2616,2,945125462
346,2617,2,947002597
346,2639,2,1063653026
346,2640,3,947175327
346,2641,3,947176241
346,2657,3,947175393
346,2671,3,944253882
346,2676,2,947002662
346,2677,4,963500177
346,2683,3,943288031
346,2688,2,947002597
346,2692,3,947387794
346,2700,4,956350250
346,2706,2,946780205
346,2707,3,949263133
346,2712,2,947002436
346,2716,3,938885359
346,2720,2,947002662
346,2724,2,949144994
346,2729,3.5,1055087380
346,2730,2,947175302
346,2731,4,947174912
346,2732,4,947282145
346,2734,3,947176102
346,2738,4,947176167
346,2746,4,947175881
346,2750,4,947175647
346,2757,4,947175499
346,2759,3,947002477
346,2761,4,946780134
346,2762,4,959006526
346,2763,4,947387897
346,2764,3,947387897
346,2779,3,947175269
346,2787,2,955730771
346,2791,3,938681389
346,2795,3,947175711
346,2797,3,947175818
346,2802,2,947176289
346,2804,3,946865492
346,2829,2,947002615
346,2840,1,947002696
346,2852,4,963431665
346,2857,3,947282198
346,2858,4,959621246
346,2859,5,947175460
346,2863,5,947282172
346,2866,4,947175199
346,2871,5,947175161
346,2872,4,947175730
346,2877,3,947175393
346,2883,3,960217557
346,2890,4,963432131
346,2902,1,959823592
346,2903,1,959823592
346,2907,2,956350333
346,2908,4,957005842
346,2912,4,956350217
346,2915,3,947175499
346,2916,2,947177046
346,2917,3,945125144
346,2918,3,944254667
346,2919,4,944254667
346,2923,4,946865833
346,2926,3,947175881
346,2929,3,947175611
346,2932,4,945124623
346,2936,3,964020003
346,2945,3,955730565
346,2947,3,947282359
346,2952,3,948155541
346,2953,2,946866501
346,2956,2,945125523
346,2959,4,956934253
346,2966,4,959621143
346,2971,4,949145068
346,2973,4.5,1065547163
346,2985,2,945125331
346,2987,3,944254902
346,2988,5,947175611
346,2991,3,947175302
346,2993,3,947282359
346,2996,2,960217700
346,2997,4,959006452
346,3006,5,961207656
346,3011,3,947282482
346,3014,3,955730744
346,3015,3,947175269
346,3019,5,945125144
346,3035,3.5,1060354782
346,3036,2,947175647
346,3037,4,947175161
346,3039,3,947175533
346,3040,3,955730939
346,3044,3.5,1069682430
346,3052,3,963061492
346,3060,3,1069682101
346,3067,4,963431619
346,3068,3,947175611
346,3071,4,947175579
346,3072,4,947175499
346,3074,3,947175235
346,3081,3,961207706
346,3087,4,947176267
346,3090,3.5,1065547055
346,3093,5,943288137
346,3095,4,945124885
346,3098,3,947175818
346,3099,4,947175269
346,3100,4,947176587
346,3101,3,947175754
346,3102,4,947175533
346,3104,3,945125144
346,3105,3,947176693
346,3107,2,947178303
346,3108,3.5,1063652783
346,3110,3,947175818
346,3111,3,949145068
346,3113,2,964020104
346,3125,4,961725247
346,3127,3,979442832
346,3129,4,961725134
346,3134,5,946866194
346,3135,3.5,1065547144
346,3148,4,967122632
346,3152,5,947175135
346,3155,2,947002363
346,3157,4,956934225
346,3160,3.5,1065546961
346,3163,3,969710252
346,3167,4,946866021
346,3168,3,947282247
346,3169,4,947175647
346,3176,3,963061595
346,3185,2,1063653018
346,3189,2,963431094
346,3198,3.5,1072799862
346,3200,4,955730917
346,3201,5,955730837
346,3203,3,955730644
346,3210,3,963431665
346,3246,3.5,1072799850
346,3252,4,950151633
346,3253,3,963432033
346,3254,3,950151893
346,3260,4,963431951
346,3271,3.5,1065531869
346,3298,4,963545820
346,3304,4,955730939
346,3317,4,985193546
346,3319,3,967572244
346,3324,2,987440789
346,3328,4,1027174376
346,3334,4,963431332
346,3347,4,955730644
346,3358,4,963432189
346,3359,4.5,1065546737
346,3360,3,956940288
346,3361,5,955730608
346,3362,5,955730837
346,3363,4,955730889
346,3371,4,955730865
346,3408,4,967122652
346,3418,4,955731148
346,3420,3.5,1069682529
346,3421,4,955730865
346,3422,4,955730672
346,3424,4,955730587
346,3445,3,955730978
346,3467,5,955731265
346,3468,4.5,1072799539
346,3471,4,955730837
346,3478,3,955730744
346,3479,3,955730715
346,3481,4,969710204
346,3498,3,1055087319
346,3499,3.5,1065546931
346,3504,3,955730837
346,3505,4,955730644
346,3506,4,955731028
346,3508,3.5,1060354649
346,3509,4,972658895
346,3521,3,955730608
346,3526,3,955730672
346,3536,4,973547834
346,3539,4.5,1072532460
346,3543,5,959621342
346,3547,3.5,1060354777
346,3551,4,1060354180
346,3552,4,955730715
346,3556,3.5,1072532438
346,3608,3,963431682
346,3617,2,959621262
346,3649,3,959621184
346,3671,3,963431464
346,3676,4,1063652754
346,3683,4,961812289
346,3685,5,963431665
346,3699,3,963431682
346,3702,3,976028551
346,3703,3,963431619
346,3713,4,959621202
346,3718,3,967122704
346,3723,3.5,1060354787
346,3727,4,961811975
346,3728,4,963431939
346,3730,5,961812030
346,3731,5,1027174558
346,3735,4,963431464
346,3738,3.5,1060355262
346,3741,5,961812168
346,3752,3,1004188390
346,3753,3,973601490
346,3755,2,974684935
346,3763,4,963431703
346,3765,3,1021720210
346,3769,4,975869624
346,3785,2,995122700
346,3788,4,1060355100
346,3798,3,993046836
346,3811,3,967123280
346,3814,4,963431494
346,3816,4,963431550
346,3844,2,965185266
346,3861,2,967122704
346,3865,4,984761693
346,3893,3,994257463
346,3896,4,980569095
346,3897,3,985461198
346,3911,4,994257708
346,3925,3.5,1055087572
346,3948,3,985461217
346,3952,4,993875247
346,3953,3,992143048
346,3967,3,1068189621
346,3975,2,994683573
346,3983,5,994358725
346,3996,4.5,1065531852
346,4008,3,975635803
346,4017,3.5,1077371615
346,4022,4,993475103
346,4025,2,993475136
346,4027,3,985193546
346,4029,3,993875291
346,4034,5,992143076
346,4037,3.5,1060354624
346,4043,4,979065662
346,4056,3,994043127
346,4086,4,1060355192
346,4098,4,1055087472
346,4113,3.5,1060355082
346,4148,2.5,1065547245
346,4183,4,1060354961
346,4187,4,1069681889
346,4210,4,1069682085
346,4211,4.5,1055087035
346,4218,4,1055087373
346,4228,3,1013351452
346,4235,4,1019310367
346,4246,4,1004188335
346,4262,3.5,1060354709
346,4273,4,1071152439
346,4276,4,1060355118
346,4280,3.5,1060354895
346,4292,3.5,1069682129
346,4308,4,1010881757
346,4322,3.5,1060354393
346,4326,3.5,1069681949
346,4334,3.5,1078581590
346,4349,3,1060354983
346,4359,4,1060354629
346,4361,4,1060354694
346,4378,5,1016983466
346,4388,2,995122700
346,4407,4,1055087071
346,4410,4,1060354991
346,4422,5,994257753
346,4432,4.5,1074786171
346,4464,4,1069682412
346,4495,3.5,1069682319
346,4557,3,1069682372
346,4590,4,1069682356
346,4607,3,1021720229
346,4641,5,1065546895
346,4695,4,1060355209
346,4776,4,1019310435
346,4784,4,1060354861
346,4809,4,1060354645
346,4821,3.5,1065531809
346,4835,4,1060354241
346,4848,4.5,1065531720
346,4881,3,1020001501
346,4889,3,1023110581
346,4903,5,1029585392
346,4928,4,1060354609
346,4956,5,1021720155
346,4963,3,1022372665
346,4978,4,1023718726
346,4979,3.5,1065547007
346,4993,4,1034032930
346,5013,5,1025270751
346,5015,3,1024490479
346,5016,2.5,1063653048
346,5060,5,1065532120
346,5061,4.5,1066512995
346,5087,4,1069682577
346,5101,4,1060354868
346,5105,5,1034032858
346,5135,5,1063652894
346,5147,5,1021811004
346,5158,3,1069682405
346,5190,4,1060354831
346,5198,4,1072799893
346,5199,4,1069682549
346,5225,5,1035639148
346,5287,3.5,1069682301
346,5292,3,1060354434
346,5293,4,1034032711
346,5299,3,1046014873
346,5339,4,1072799631
346,5341,3.5,1055087094
346,5367,3.5,1055087519
346,5377,4,1042898071
346,5385,4,1055087077
346,5388,3,1036329887
346,5415,2,1043546573
346,5445,4,1042898165
346,5447,3,1041858949
346,5450,4,1041858899
346,5477,3.5,1072795834
346,5481,3,1039015523
346,5505,3,1044642709
346,5528,3,1047141544
346,5572,3,1044721081
346,5577,4.5,1065531673
346,5617,4,1082641838
346,5618,4,1055192757
346,5620,2,1044721036
346,5622,3,1069682682
346,5625,2,1049663456
346,5642,3.5,1060354362
346,5668,3,1049551431
346,5669,4,1062952236
346,5673,3,1056986198
346,5693,3.5,1060355228
346,5712,4.5,1063653093
346,5732,3.5,1069682020
346,5747,4,1069681878
346,5752,4,1055087030
346,5769,4,1072799927
346,5780,3,1060355038
346,5791,3.5,1056029229
346,5792,3.5,1054479486
346,5809,3,1050272061
346,5810,3,1049663408
346,5846,3,1060354292
346,5847,3.5,1072800070
346,5867,3.5,1072799841
346,5872,2.5,1055086879
346,5875,4,1055086905
346,5878,5,1063652995
346,5893,4,1060354376
346,5902,4,1054479450
346,5945,3.5,1055086939
346,5951,2.5,1072042862
346,5955,2.5,1060354728
346,5956,4,1057596913
346,5957,3,1051962861
346,5989,3.5,1053175147
346,5991,4,1063654378
346,6001,3.5,1055087048
346,6101,3.5,1055087499
346,6115,3.5,1065546794
346,6122,4,1055087394
346,6127,5,1060354843
346,6155,1.5,1057509972
346,6157,2,1046014975
346,6159,3.5,1065971557
346,6170,5,1063652993
346,6185,3.5,1058878256
346,6188,2.5,1056029255
346,6212,1.5,1061224183
346,6215,3.5,1058647767
346,6218,3,1074197810
346,6230,3.5,1060354351
346,6268,4,1074786210
346,6271,4,1055087051
346,6287,2.5,1064068008
346,6296,3,1064628176
346,6297,4,1065971571
346,6299,4,1071242597
346,6301,3.5,1060354426
346,6305,3.5,1069682209
346,6323,2,1063552051
346,6331,4.5,1076594808
346,6335,4,1077111117
346,6373,2.5,1070150589
346,6377,4,1068262957
346,6378,3,1066512943
346,6380,4.5,1075753232
346,6385,4,1069506417
346,6436,4,1060354671
346,6440,3,1060354211
346,6452,4,1060354809
346,6466,4,1069682474
346,6482,1,1060354007
346,6483,0.5,1060354011
346,6484,2.5,1067101990
346,6502,3.5,1070150638
346,6538,3,1076768645
346,6539,3.5,1071755702
346,6565,3.5,1071933392
346,6567,3.5,1075603254
346,6587,1,1065532359
346,6591,3.5,1085227863
346,6592,4.5,1076160630
346,6593,3.5,1085227891
346,6615,1.5,1065532393
346,6617,3.5,1079188852
346,6620,4.5,1076160591
346,6707,2.5,1082211184
346,6708,3.5,1080387288
346,6711,4.5,1082211097
346,6724,4,1069681892
346,6743,4,1072800065
346,6748,4,1063653117
346,6757,2.5,1079886967
346,6765,2.5,1077202410
346,6773,4.5,1086092280
346,6783,4.5,1072799689
346,6786,3.5,1072799829
346,6787,4.5,1072799497
346,6807,4,1069681865
346,6852,4.5,1069681652
346,6862,3,1074956461
346,6863,4,1078509888
346,6874,4,1082211113
346,6881,3.5,1079188885
346,6890,2.5,1086092294
346,6932,4,1081089805
346,6947,4.5,1085227885
346,6989,3.5,1072800022
346,6993,4.5,1072799507
346,7135,4.5,1072799519
346,7139,4.5,1085227856
346,7149,3.5,1080999653
346,7285,4,1078027062
347,163,5,1376229992
347,370,1,1376229995
347,3386,5,1377184512
348,2,3,1295036598
348,32,4.5,1295632891
348,47,4,1295633705
348,50,4.5,1295034564
348,62,4,1295037812
348,65,1,1295035654
348,70,3,1295037630
348,110,3.5,1295633493
348,141,3.5,1295036563
348,172,3,1295036078
348,174,1,1295035676
348,223,4,1295039598
348,235,3.5,1295036412
348,293,4,1295038319
348,296,4,1295034966
348,314,4,1295038520
348,318,4,1295034772
348,319,4.5,1295632003
348,344,4,1295633720
348,356,3.5,1295633506
348,364,4,1295633818
348,405,1,1295033963
348,471,4,1295039391
348,500,3.5,1295036606
348,520,2,1295034408
348,527,4.5,1295633838
348,541,4.5,1295035014
348,542,1,1295035667
348,551,3.5,1295036383
348,588,4,1295036539
348,592,4.5,1295633747
348,593,4,1295633320
348,594,4.5,1295038610
348,596,4.5,1295038635
348,608,4.5,1295633732
348,671,3.5,1295033548
348,737,2,1295037277
348,743,2,1295033492
348,750,5,1295034574
348,778,4,1295631602
348,858,5,1295034132
348,899,3.5,1295633142
348,900,4,1295633219
348,908,4,1295034673
348,909,4,1295631670
348,910,4.5,1295633276
348,912,5,1295034687
348,913,4.5,1295034742
348,914,4,1295633448
348,915,4,1295632786
348,916,4,1295632810
348,919,5,1295038551
348,920,4.5,1295633496
348,922,4.5,1295039242
348,923,5,1295034109
348,924,4.5,1295039519
348,940,5,1295038690
348,947,4,1295633260
348,950,4.5,1295633114
348,953,5,1295633327
348,954,4,1295039270
348,969,4,1295632750
348,971,4,1295633335
348,1012,3.5,1295633544
348,1019,3.5,1295033592
348,1022,4.5,1295038631
348,1027,2.5,1295038705
348,1073,3.5,1295036391
348,1079,4,1295631709
348,1080,4,1295034448
348,1086,4,1295633268
348,1089,4,1295034978
348,1097,3.5,1295633735
348,1104,3.5,1295033604
348,1136,5,1295034316
348,1193,4.5,1295038932
348,1197,4.5,1295633375
348,1199,4.5,1295039523
348,1201,4,1295034441
348,1203,4,1295034569
348,1204,5,1295033884
348,1206,4.5,1295039227
348,1207,4.5,1295034865
348,1208,4,1295034886
348,1212,3.5,1295034804
348,1214,4,1295633170
348,1217,4,1295034972
348,1219,4,1295034856
348,1221,5,1295034136
348,1222,4,1295632991
348,1224,4.5,1295038310
348,1225,4.5,1295633153
348,1234,5,1295034858
348,1235,5,1295632582
348,1240,4.5,1295633184
348,1242,4.5,1295633369
348,1246,4.5,1295036509
348,1247,4.5,1295039293
348,1250,4,1295034642
348,1252,4.5,1295034708
348,1253,4.5,1295633339
348,1254,4,1295038281
348,1258,4,1295633155
348,1259,4,1295037690
348,1262,4,1295034585
348,1265,3.5,1295039665
348,1267,4,1295038972
348,1275,4,1295033944
348,1276,4.5,1295038981
348,1278,4,1295034377
348,1282,4.5,1295038601
348,1284,4,1295034900
348,1292,4.5,1295633603
348,1301,4.5,1295633191
348,1303,4.5,1295035079
348,1307,4.5,1295633572
348,1321,4.5,1295039391
348,1333,4.5,1295633476
348,1345,4,1295633224
348,1378,3,1295033522
348,1381,1.5,1295037068
348,1387,4.5,1295037693
348,1409,3,1295033561
348,1457,3.5,1295037645
348,1466,4,1295036406
348,1500,4,1295633559
348,1527,4,1295039395
348,1617,3.5,1295034942
348,1645,3,1295036012
348,1673,3.5,1295631717
348,1702,2,1295036688
348,1704,4.5,1295036506
348,1732,4,1295039191
348,1945,4,1295034851
348,1947,5,1295632662
348,1954,4.5,1295632089
348,1957,4,1295033502
348,1965,4.5,1295631750
348,1997,4,1295633481
348,2018,4.5,1295038626
348,2019,4.5,1295038268
348,2023,4,1295034144
348,2067,5,1295633430
348,2078,4.5,1295633563
348,2080,4,1295633203
348,2088,2.5,1295036694
348,2138,5,1295038638
348,2186,4,1295034799
348,2259,3,1295038127
348,2291,4,1295036424
348,2301,4,1295039392
348,2366,4,1295033475
348,2371,2.5,1295033572
348,2398,4.5,1295633419
348,2409,2.5,1295632101
348,2410,2,1295632104
348,2411,1.5,1295632149
348,2412,2,1295632177
348,2431,3.5,1295036620
348,2478,3,1295033580
348,2542,5,1295034054
348,2571,4,1295035983
348,2628,1.5,1295035845
348,2642,2,1295036317
348,2657,4,1295632094
348,2668,3,1295037317
348,2701,2,1295037654
348,2712,3.5,1295633021
348,2716,4,1295633871
348,2728,4.5,1295633004
348,2729,3.5,1295632996
348,2730,4,1295633008
348,2761,3.5,1295038581
348,2762,4.5,1295633841
348,2788,3.5,1295034667
348,2791,4.5,1295034202
348,2792,3,1295034208
348,2804,4.5,1295633385
348,2859,4.5,1295039088
348,2863,4,1295633436
348,2871,4,1295632254
348,2882,3.5,1295036662
348,2944,4,1295033506
348,2949,3.5,1295033513
348,2951,5,1295034919
348,2959,4,1295038289
348,2968,4,1295632911
348,2987,4,1295633875
348,2997,4,1295631691
348,3038,4.5,1295039263
348,3052,4.5,1295037616
348,3060,4.5,1295633500
348,3088,5,1295033798
348,3105,4,1295036516
348,3108,5,1295036528
348,3148,4,1295038050
348,3196,3,1295034792
348,3243,1.5,1295035672
348,3244,4,1295037718
348,3252,4,1295033479
348,3334,3.5,1295632755
348,3362,4,1295035032
348,3363,4,1295037696
348,3421,4.5,1295633187
348,3448,4.5,1295036534
348,3468,3.5,1295034647
348,3471,3.5,1295037704
348,3489,3.5,1295036584
348,3545,5,1295632630
348,3552,3.5,1295633534
348,3578,4,1295633768
348,3671,4.5,1295034454
348,3698,3,1295033585
348,3707,4,1295037332
348,3742,4.5,1295633282
348,3788,4.5,1295633194
348,3801,4,1295633236
348,3897,4,1295633765
348,3972,3.5,1295038400
348,3985,4.5,1295037994
348,3996,4.5,1295633791
348,4010,3,1295036273
348,4011,4.5,1295034086
348,4014,4.5,1295036396
348,4015,1,1295035720
348,4025,2.5,1295038136
348,4027,3.5,1295631621
348,4191,4.5,1295038043
348,4220,4.5,1295632257
348,4226,4,1295034759
348,4262,4.5,1295038344
348,4280,4,1295036531
348,4306,4,1295034472
348,4327,4.5,1295633274
348,4331,3.5,1295632270
348,4370,3.5,1295633017
348,4396,3,1295632303
348,4496,4,1295037551
348,4499,3.5,1295632458
348,4571,3.5,1295036020
348,4602,2,1295036303
348,4727,3.5,1295037377
348,4734,4,1295035809
348,4846,3.5,1295038374
348,4878,4,1295039330
348,4886,4.5,1295038605
348,4930,4,1295038018
348,4963,3.5,1295633786
348,4971,3,1295036601
348,4973,4.5,1295039118
348,5004,4,1295633625
348,5060,4.5,1295039313
348,5250,3.5,1295036268
348,5265,1.5,1295036570
348,5334,2.5,1295036639
348,5349,4.5,1295633751
348,5418,4,1295633824
348,5445,4,1295633709
348,5481,2.5,1295038113
348,5548,3.5,1295037844
348,5553,3.5,1295037818
348,5747,4.5,1295034929
348,5791,4,1295037613
348,5899,4,1295038013
348,5916,4,1295037723
348,5927,2,1295632293
348,5938,3.5,1295632453
348,5989,4,1295633728
348,6013,1.5,1295037102
348,6065,4.5,1295633638
348,6104,4.5,1295632919
348,6122,4.5,1295036283
348,6365,2,1295036049
348,6561,4.5,1295633632
348,6662,4,1295633647
348,6777,3.5,1295034939
348,6787,3.5,1295034637
348,6807,4.5,1295632907
348,6874,4.5,1295038363
348,6893,4,1295038061
348,6986,5,1295633353
348,6996,0.5,1295033955
348,7073,5,1295633610
348,7132,5,1295034764
348,7216,4,1295632767
348,7223,4.5,1295037536
348,7254,3.5,1295035709
348,7386,4.5,1295633554
348,7419,4.5,1295039638
348,7438,4.5,1295038366
348,7980,4,1295037990
348,7991,4,1295039432
348,8039,4,1295034466
348,8094,4,1295633298
348,8183,4,1295038038
348,8207,4,1295034909
348,8228,4.5,1295633088
348,8330,4,1295631678
348,8337,4,1295034699
348,8695,3.5,1295633470
348,8852,3.5,1295633411
348,8874,4,1295034338
348,8961,3.5,1295633738
348,25834,4,1295034827
348,26111,4.5,1295034896
348,26375,4,1295036265
348,26567,2,1295036651
348,30749,4,1295633290
348,31116,3,1295034988
348,31696,3.5,1295036005
348,31923,3.5,1295633461
348,32587,4.5,1295631609
348,33164,0.5,1295036168
348,33794,4,1295632360
348,34338,3.5,1295036545
348,38061,4,1295631696
348,44100,4,1295034722
348,44191,3.5,1295633851
348,45208,1.5,1295036672
348,45440,3,1295631785
348,46972,3.5,1295036610
348,48242,2,1295037244
348,48394,4.5,1295039633
348,49274,3.5,1295036590
348,52435,4.5,1295633254
348,55820,4,1295633888
348,58559,4.5,1295037981
348,63540,2,1295036980
348,64620,4,1295035050
348,65868,0.5,1295036184
348,68157,4,1295631598
348,68954,3.5,1295038329
348,69122,4,1295037191
348,71106,4,1298561826
348,72998,4.5,1295633700
348,75990,4.5,1295037710
348,79132,3.5,1295038009
349,356,5,1433519100
349,1704,4.5,1433519098
349,2028,5,1433519096
349,2762,3,1433519220
349,3147,3,1433519113
349,3702,1.5,1433519052
349,3703,1.5,1433519058
349,3704,2,1433519056
349,4963,3.5,1431308669
349,4993,3,1431308649
349,5952,2.5,1431308651
349,6377,3,1431308667
349,7022,4,1433519035
349,7153,2.5,1431308656
349,46976,2.5,1433519184
349,48516,5,1433519187
349,80549,5,1431308614
349,86377,3.5,1433519182
349,89864,3.5,1433519169
349,112552,4,1433519126
349,112556,4,1433519214
349,122882,5,1433519054
349,127136,3,1452222003
350,10,3,833127879
350,32,3,833128089
350,47,3,833127965
350,110,4,833127965
350,150,2,833127691
350,153,1,833127754
350,165,1,833127754
350,185,2,833127915
350,208,3,833127915
350,225,3,833127965
350,231,4,833127808
350,253,3,833127915
350,266,3,833128089
350,288,3,833127965
350,296,4,833127691
350,316,4,833127808
350,329,2,833127808
350,344,3,833127754
350,420,2,833128248
350,434,2,833127879
350,588,3,833127754
350,590,4,833127691
350,592,1,833127691
350,595,3,833127808
351,2571,4,1461090049
352,1,5,1464490219
352,260,4.5,1464484228
352,316,4.5,1464485706
352,318,5,1464484234
352,356,5,1464484377
352,480,4.5,1464484629
352,588,2,1464484618
352,589,2,1464484503
352,593,3,1464484512
352,648,5,1464484593
352,780,4,1464484494
352,919,4,1464490200
352,1036,4.5,1464484296
352,1148,2.5,1464485885
352,1196,5,1464484521
352,1197,4,1464485859
352,1200,2,1464484320
352,1206,2.5,1464484832
352,1210,5,1464484509
352,1240,1.5,1464484650
352,1259,3.5,1464490183
352,1391,1.5,1464485787
352,1527,5,1464484420
352,1573,3,1464484634
352,1580,5,1464485721
352,1625,4.5,1464485603
352,1653,5,1464484686
352,1676,5,1464485717
352,1682,5,1464484709
352,1704,5,1464485861
352,1784,4,1464485894
352,2273,1,1464484662
352,2294,3,1464485709
352,2355,4.5,1464485703
352,2396,5,1464488957
352,2571,5,1464484235
352,2762,4.5,1464488964
352,2959,4,1464484334
352,3052,4.5,1464485870
352,3114,5,1464484564
352,3175,1,1464485903
352,3275,4.5,1464486058
352,3408,4,1464484492
352,3578,5,1464484404
352,3793,5,1464484480
352,4014,3.5,1464490229
352,4016,4.5,1464490891
352,4226,3.5,1464488921
352,4306,4.5,1464485655
352,4878,3,1464484532
352,4886,5,1464484407
352,4896,3.5,1464484559
352,4973,4.5,1464489824
352,4993,4,1464484760
352,5349,3,1464484499
352,5418,5,1464484733
352,5445,5,1464484440
352,5618,5,1464488959
352,5952,4.5,1464484780
352,5989,4.5,1464484354
352,6155,3,1464486029
352,6333,5,1464485630
352,6539,3,1464485642
352,6565,2,1464486008
352,6874,4.5,1464484639
352,6942,5,1464485920
352,7153,3,1464484237
352,7293,4.5,1464485952
352,7361,5,1464490960
352,7451,4.5,1464485992
352,8360,3,1464484551
352,8368,4,1464485664
352,8376,2.5,1464485957
352,8533,5,1464489822
352,8636,3,1464484537
352,8641,4.5,1464485987
352,8644,3.5,1464485677
352,8665,5,1464484349
352,8784,5,1464485925
352,8807,4,1464486036
352,8874,2.5,1464484729
352,8949,2,1464485945
352,8957,0.5,1464485969
352,8961,5,1464484796
352,8972,2.5,1464484386
352,30793,2,1464485937
352,31658,5,1464485961
352,31685,3,1464485996
352,33794,5,1464484326
352,34405,4.5,1464484684
352,40629,5,1464486019
352,40815,4.5,1464484426
352,40819,3,1464488927
352,44191,5,1464484391
352,45186,5,1464484598
352,45447,3.5,1464485976
352,45720,4,1464486010
352,48780,5,1464490920
352,49272,2,1464490194
352,50872,2.5,1464484817
352,53125,3,1464484518
352,53972,5,1464484368
352,54286,5,1464484335
352,56367,5,1464491117
352,58559,5,1464484697
352,58998,1.5,1464484252
352,59315,5,1464484304
352,59784,4.5,1464485687
352,60069,2,1464484713
352,68157,3,1464484763
352,68319,5,1464484257
352,68358,5,1464484323
352,68954,5,1464484303
352,69757,3.5,1464535296
352,69844,4,1464484773
352,72998,4,1464485625
352,73017,4,1464484756
352,73321,4,1464485537
352,74530,2,1464484465
352,76093,4.5,1464484706
352,77561,4,1464484382
352,78499,4.5,1464484373
352,79132,4.5,1464484300
352,80549,4.5,1464486073
352,81834,3.5,1464484737
352,81845,4,1464490243
352,81847,1.5,1464490963
352,82461,3,1464485699
352,84152,4.5,1464488960
352,86833,2,1464490174
352,87232,5,1464485771
352,88125,4.5,1464490206
352,88163,5,1464489817
352,88810,4.5,1464485773
352,89745,5,1464484358
352,90647,1,1464484571
352,91500,5,1464484416
352,91529,5,1464484688
352,91535,5,1464484346
352,91542,4,1464489769
352,91630,5,1464485609
352,94777,4,1464484351
352,95167,4.5,1464484459
352,95510,3,1464485651
352,95875,2,1464484643
352,96079,1.5,1464484723
352,96588,4,1464490176
352,96610,4,1464484400
352,97921,4,1464484681
352,99114,3,1464484793
352,102125,4.5,1464484403
352,102445,5,1464484767
352,104374,5,1464490170
352,106487,5,1464484417
352,106696,3,1464484800
352,108190,2.5,1464484474
352,111362,5,1464484344
352,111364,1.5,1464484654
352,111781,5,1464484719
352,112852,5,1464484328
352,115617,4,1464484703
352,116797,4.5,1464488912
352,116823,5,1464484534
352,117176,3.5,1464489766
352,122882,3,1464484433
352,122886,4.5,1464484272
352,122892,5,1464484398
352,122900,4.5,1464484784
352,122904,4.5,1464484270
352,122924,5,1464484245
352,134130,4.5,1464484263
352,134853,4,1464484267
352,135133,4.5,1464489035
353,2,3,1057366870
353,6,4,1063674636
353,10,2,1057366944
353,21,4,1063675170
353,25,2,1055691173
353,29,5,1057366808
353,41,4,1057367609
353,47,2,1063674508
353,50,4,1063674405
353,72,4.5,1055690710
353,94,4,1063674693
353,101,3.5,1063674232
353,110,3.5,1063675907
353,145,2,1057366512
353,151,4,1055690522
353,180,4,1063676084
353,187,4,1057366475
353,223,3.5,1057367031
353,260,5,1063674453
353,296,4,1057367639
353,316,3,1057366901
353,318,4,1057367618
353,342,2,1063675579
353,349,2.5,1057366571
353,353,2.5,1063676167
353,356,3,1063676111
353,357,4,1063675307
353,364,2,1063676144
353,376,2,1055690467
353,417,5,1063675572
353,432,1,1055690500
353,434,2,1057366918
353,435,2,1055690432
353,440,3,1063676156
353,441,3.5,1063674873
353,457,3.5,1063675930
353,480,3,1063676148
353,497,5,1055690460
353,534,4,1063675419
353,541,5,1063674174
353,551,4,1057367033
353,553,3.5,1055691110
353,588,3,1063676180
353,589,4,1055691305
353,592,3,1063676028
353,593,4,1063674623
353,595,5,1063676209
353,648,0.5,1057366860
353,714,4.5,1063674310
353,733,1,1057366840
353,750,4.5,1055690437
353,800,4.5,1063675641
353,892,4.5,1063675695
353,893,4.5,1063675060
353,898,4.5,1055690858
353,902,4.5,1063675401
353,911,4,1063674237
353,912,5,1063675384
353,913,4.5,1063675323
353,915,5,1063675282
353,919,3,1063675082
353,920,3,1055690457
353,924,4.5,1063675442
353,934,2,1057366576
353,948,4,1063675758
353,953,4.5,1063675119
353,954,4,1063674971
353,994,4.5,1055691395
353,1027,2,1057366642
353,1032,4,1063675033
353,1036,3,1063675918
353,1059,4.5,1063675389
353,1060,3,1063674563
353,1077,3.5,1063675818
353,1079,4,1063674178
353,1080,4,1063674217
353,1090,3.5,1063674584
353,1095,4.5,1063674304
353,1103,4,1063675515
353,1125,4,1063675223
353,1127,4.5,1063676020
353,1136,4.5,1063674150
353,1171,5,1063674266
353,1175,4.5,1063674280
353,1179,2,1063675722
353,1188,4,1063675411
353,1193,5,1063675070
353,1196,4,1063674445
353,1198,4,1063674436
353,1200,4,1063674482
353,1206,3.5,1063675091
353,1207,5,1063675150
353,1208,4,1055690484
353,1210,4,1063675924
353,1211,5,1055690752
353,1213,4,1063674778
353,1214,4.5,1063674627
353,1215,4,1057366822
353,1220,4.5,1055691060
353,1224,5,1063674248
353,1231,4.5,1063674900
353,1240,4,1055691302
353,1242,3,1063674471
353,1243,4.5,1063674191
353,1246,3,1063675960
353,1247,4,1055690533
353,1249,3.5,1057366305
353,1257,3.5,1063674390
353,1262,4.5,1063674489
353,1265,5,1057367041
353,1266,4,1063674706
353,1270,2,1063674556
353,1271,4,1063675425
353,1275,3,1063675952
353,1276,5,1063675239
353,1278,4.5,1063674183
353,1282,5,1063674949
353,1284,4.5,1063675807
353,1285,3,1063674825
353,1291,4,1063674362
353,1297,4,1063674619
353,1299,4,1063675611
353,1304,3.5,1055690496
353,1306,4.5,1055690811
353,1307,3,1063675041
353,1356,3.5,1063676197
353,1374,3.5,1063674814
353,1378,1,1057366519
353,1381,0.5,1057366734
353,1394,5,1055690527
353,1396,3,1063675993
353,1408,2.5,1063676071
353,1484,2.5,1063675492
353,1517,4,1063676050
353,1527,4,1055690443
353,1563,3.5,1057366482
353,1580,4,1057366414
353,1610,3,1057366392
353,1639,2,1057367633
353,1641,3.5,1063674944
353,1648,4.5,1055690878
353,1653,4,1057367653
353,1663,4,1063676035
353,1674,4,1063675145
353,1676,2,1057366892
353,1680,4,1063676114
353,1682,4,1063674566
353,1721,2,1055691286
353,1732,4,1063674912
353,1748,4,1063674613
353,1784,2,1055690424
353,1834,4,1063675009
353,1907,2,1063676123
353,1912,4,1063674789
353,1921,4.5,1063675141
353,1923,3,1057366397
353,1947,2,1063675812
353,1957,4,1063675569
353,1961,3,1063676063
353,1966,5,1063675828
353,1968,2.5,1063674647
353,1994,1.5,1063675097
353,2000,4,1063675957
353,2028,4,1063675937
353,2076,3,1063675742
353,2078,4,1063674925
353,2088,3,1057366718
353,2090,3,1057366499
353,2094,3,1057366929
353,2108,4.5,1055691040
353,2109,4,1063674211
353,2144,2.5,1063675162
353,2148,4,1055690911
353,2150,4,1063674300
353,2174,2,1063675196
353,2194,3.5,1063674420
353,2248,3.5,1063674159
353,2288,3.5,1063675015
353,2295,4,1055691377
353,2321,4,1063674827
353,2348,3,1063675634
353,2355,3.5,1057366405
353,2359,4,1057367048
353,2396,4,1063674750
353,2501,4,1057367630
353,2502,4.5,1057367020
353,2571,4.5,1055691346
353,2580,2,1063674571
353,2617,2.5,1057366854
353,2628,3,1057366851
353,2683,2,1055690428
353,2692,5,1063674499
353,2706,2,1055690480
353,2710,1.5,1055690588
353,2716,4,1063674533
353,2723,4,1057366939
353,2788,4,1063674090
353,2791,3.5,1063674794
353,2795,4,1063675982
353,2797,4,1063676100
353,2804,4,1063674139
353,2857,2,1063675602
353,2871,3,1063675473
353,2890,4.5,1063674682
353,2916,3,1057366831
353,2917,4,1063675531
353,2918,3.5,1063674401
353,2947,2.5,1063674548
353,2949,2.5,1063674527
353,2968,4,1063674257
353,2987,3.5,1063674985
353,2991,2.5,1055691206
353,2997,4,1057367014
353,3034,4,1063674415
353,3039,3.5,1063674650
353,3044,4,1063674930
353,3052,4.5,1063674598
353,3060,4,1063675045
353,3074,4,1063675100
353,3081,3.5,1063674868
353,3088,5,1063674878
353,3108,4.5,1063675078
353,3147,3.5,1063675900
353,3148,2,1055690889
353,3159,5,1063675086
353,3160,5,1063674933
353,3168,4,1063675277
353,3175,3.5,1057366816
353,3196,4.5,1055690835
353,3210,4,1063674837
353,3213,4,1063674775
353,3252,3,1063676129
353,3253,3.5,1063676082
353,3256,3.5,1057366562
353,3301,3,1057367424
353,3317,4,1057367088
353,3329,4,1063675469
353,3334,4,1063675497
353,3347,4.5,1063674910
353,3360,3.5,1063676038
353,3421,4,1055690884
353,3448,3,1063675998
353,3479,3.5,1063675127
353,3481,4,1057367348
353,3505,3.5,1063676054
353,3526,3.5,1063674957
353,3527,3,1063676159
353,3552,4.5,1063674639
353,3578,0.5,1055690449
353,3624,4,1063676059
353,3653,4.5,1063675368
353,3668,2,1063675191
353,3671,5,1063674504
353,3683,4,1063675211
353,3702,4,1063675219
353,3703,4,1063674994
353,3723,3.5,1063674722
353,3751,4,1057367361
353,3793,4,1057367230
353,3811,4.5,1063675665
353,3836,4,1063674425
353,3852,4.5,1057367392
353,3911,4,1057367365
353,3977,0.5,1057366632
353,3994,4,1057367083
353,3996,4,1057367517
353,4002,3.5,1063674655
353,4005,1,1055691195
353,4023,2,1057367434
353,4027,4.5,1057367346
353,4085,3,1063675966
353,4095,4,1063674674
353,4117,5,1063675681
353,4128,3,1063676031
353,4175,5,1063675544
353,4220,4,1063674840
353,4246,2.5,1057367162
353,4280,2,1063675133
353,4306,3.5,1063674381
353,4326,4,1063674807
353,4327,4,1063674428
353,4337,4.5,1063675667
353,4345,4.5,1063675585
353,4361,3,1063675843
353,4367,2,1057367546
353,4369,0.5,1057366661
353,4406,5,1063674241
353,4427,4,1063675331
353,4467,4.5,1063674802
353,4499,3.5,1063674746
353,4523,4,1063675178
353,4535,3,1063676138
353,4571,4,1063674981
353,4642,1.5,1063675362
353,4643,2,1057367264
353,4734,4,1057367420
353,4816,2,1057367483
353,4823,4,1057367471
353,4841,2,1055691190
353,4886,5,1057367354
353,4963,4,1057367385
353,4973,5,1055690960
353,4993,4,1057367522
353,5001,4,1063674495
353,5060,5,1063675301
353,5292,3.5,1063674730
353,5303,5,1055691009
353,5342,3.5,1055691419
353,5349,4,1055690784
353,5378,3,1057367284
353,5444,3.5,1063674989
353,5459,1,1057366690
353,5500,3.5,1063674733
353,5507,0.5,1057366615
353,5618,4,1063674145
353,5637,4,1063674668
353,5643,4,1063675398
353,5699,4,1063675187
353,5747,4,1063674759
353,5792,4,1063675766
353,5826,4,1063675454
353,5902,4,1057366287
353,5944,2,1057366621
353,5952,3.5,1063674346
353,6003,4,1063674595
353,6027,4,1063674848
353,6173,4,1057366882
353,6188,3,1063676092
353,6305,4.5,1063675735
353,6333,4,1063674350
353,6365,4,1055691349
353,6401,3.5,1057366671
353,6440,4,1057366316
353,6534,2,1063674035
353,6537,0.5,1063674027
353,6539,4,1063674010
353,6541,1,1063674040
354,1,4,1017730603
354,2,2,1017730233
354,10,4,1017729918
354,44,3,1017730276
354,48,3,1017730761
354,60,2,1017730533
354,110,5,1017729607
354,168,4,1017730533
354,208,4,1017730517
354,260,5,1017729735
354,303,3,1017730261
354,316,4,1017730183
354,329,5,1017730217
354,356,5,1017730990
354,364,4,1017730643
354,377,3,1017729862
354,480,5,1017729824
354,588,4,1017730669
354,589,5,1017729761
354,592,4,1017730086
354,594,4,1017730643
354,595,5,1017730643
354,596,5,1017730619
354,648,4,1017730164
354,653,1,1017730276
354,673,2,1017730797
354,741,4,1017730688
354,745,5,1017730603
354,858,5,1017729735
354,919,5,1017730044
354,1015,1,1017730233
354,1022,4,1017730688
354,1028,4,1017730838
354,1031,4,1017730327
354,1032,4,1017730669
354,1036,4,1017729761
354,1073,4,1017730100
354,1080,4,1017730990
354,1097,5,1017730826
354,1136,5,1017730889
354,1148,5,1017730603
354,1196,5,1017729735
354,1197,5,1017729573
354,1198,5,1017729536
354,1210,5,1017729747
354,1220,5,1017729862
354,1221,4,1017729735
354,1222,4,1017729824
354,1270,5,1017729524
354,1274,4,1017730140
354,1278,4,1017730934
354,1282,5,1017730669
354,1291,5,1017729761
354,1356,4,1017730125
354,1371,4,1017730233
354,1372,4,1017730152
354,1374,5,1017729847
354,1375,4,1017730248
354,1376,5,1017730113
354,1387,4,1017729776
354,1405,4,1017730748
354,1408,5,1017729872
354,1527,5,1017729847
354,1544,2,1017730327
354,1569,3,1017729524
354,1580,4,1017729834
354,1676,3,1017730217
354,1722,5,1017729919
354,1909,4,1017729524
354,1917,4,1017730198
354,1920,3,1017730781
354,1954,4,1017729794
354,1967,5,1017729949
354,1968,5,1017730976
354,2000,4,1017729810
354,2005,5,1017730100
354,2006,3,1017729884
354,2018,4,1017730643
354,2028,5,1017729735
354,2078,5,1017730669
354,2080,4,1017730643
354,2081,4,1017730669
354,2087,4,1017730688
354,2089,4,1017730748
354,2094,3,1017730327
354,2099,4,1017730711
354,2115,5,1017729847
354,2123,4,1017730748
354,2135,3,1017730164
354,2137,4,1017730669
354,2141,3,1017730711
354,2142,3,1017730761
354,2161,4,1017730140
354,2193,4,1017729933
354,2273,4,1017729903
354,2294,3,1017730688
354,2394,4,1017730711
354,2396,4,1017730903
354,2399,2,1017730248
354,2409,4,1017729607
354,2470,5,1017730183
354,2571,5,1017729735
354,2617,4,1017730152
354,2628,3,1017730125
354,2700,4,1017730643
354,2735,3,1017730261
354,2858,5,1017730889
354,2948,4,1017729794
354,2987,5,1017730072
354,3000,5,1017730058
354,3034,5,1017730643
354,3054,4,1017730797
354,3107,3,1017729903
354,3421,5,1017729573
354,3483,3,1017730781
354,3489,3,1017730517
354,3527,4,1017729872
354,3578,5,1017729794
354,3671,5,1017730967
354,3745,3,1017730198
354,3751,5,1017730669
354,3793,4,1017729810
354,3897,5,1017730889
354,3996,5,1017729676
354,4006,5,1017730781
354,4022,2,1017730086
354,4027,4,1017730058
354,4085,4,1017729810
354,4104,2,1017729607
354,4270,3,1017730248
354,4299,4,1017729903
354,4306,5,1017730619
354,4321,3,1017730183
354,4446,5,1017730140
354,4571,4,1017730100
354,4896,5,1017730072
354,4993,5,1017729649
354,5053,2,1017729561
354,5159,3,1017730748
355,14,2,1244885919
355,135,3.5,1244885941
355,222,5,1244885972
355,237,3.5,1244885917
355,303,1,1244885905
355,307,3,1244885945
355,671,4,1244885949
355,743,4,1244885965
355,830,3,1244885912
355,1680,4,1244885953
355,2501,0.5,1244885867
355,2707,1,1244885878
355,2722,2.5,1244885900
355,3252,1,1244885932
355,3317,4,1244885968
355,3363,1.5,1244885882
355,3555,1.5,1244885936
355,3826,2,1244885958
356,16,4,1139764865
356,173,1.5,1139764926
356,432,0.5,1139764930
356,553,3,1139764878
356,1080,4,1139764875
356,1288,4,1139764958
356,1374,3.5,1139764904
356,1407,2,1139764903
356,1485,3,1139764924
356,1500,4.5,1139764946
356,2012,2.5,1139764898
356,2502,4,1139764952
356,2640,2,1139764937
356,2700,3,1139764920
356,2791,2,1139764889
356,3897,3.5,1139764912
356,5952,4.5,1139764870
357,21,3,832199003
357,153,1,832198840
357,165,3,832198840
357,185,3,832198935
357,225,3,832199003
357,231,3,832198874
357,296,4,832198801
357,344,3,832198840
357,590,3,832198801
357,592,2,832198801
357,593,5,832199044
358,3,3.5,1331286497
358,50,5,1331287617
358,750,4,1331287646
358,1193,4.5,1331287627
358,1275,3.5,1331286519
358,1411,4,1331286591
358,2116,5,1331286622
358,2302,4,1331286490
358,2947,4,1331286523
358,2959,4.5,1331287657
358,3704,4,1331286625
358,5055,4,1331286794
358,6156,3.5,1331286763
358,6958,2.5,1331287033
358,8119,4,1331287254
358,26462,4,1331287141
358,31422,2,1331287179
358,63393,0.5,1331287444
358,78209,1,1331286982
358,79132,4,1331287652
359,1,5,966996868
359,6,3,966996217
359,10,5,966996340
359,21,5,966996265
359,29,5,966997463
359,32,4,966997463
359,39,4,967229668
359,42,4,966996458
359,44,2,966996716
359,47,4,966997091
359,50,5,966997062
359,70,4,966996316
359,95,4,966996529
359,107,4,967233121
359,110,5,966996265
359,112,4,966996290
359,123,4,967229638
359,145,3,966996399
359,153,1,966997291
359,157,4,967232141
359,161,4,967232066
359,162,5,966997360
359,163,4,966996217
359,164,4,967232981
359,165,4,966996458
359,168,2,966996759
359,196,1,966997562
359,198,4,966996432
359,204,4,966996716
359,206,4,966997377
359,208,1,966996642
359,215,1,967229511
359,227,4,966996666
359,239,4,966996984
359,246,5,966997342
359,293,4,966997113
359,296,5,966997062
359,316,3,966996377
359,327,2,966996696
359,329,5,966997545
359,346,4,967233103
359,349,4,966996432
359,353,4,966996316
359,356,3,966995974
359,357,3,967229532
359,364,4,966996926
359,379,3,966996716
359,380,4,966996399
359,420,3,966996759
359,427,1,967233068
359,431,4,966997157
359,432,2,967232276
359,457,4,966996217
359,464,3,966997276
359,466,2,966996458
359,471,2,967229718
359,474,4,966996340
359,479,3,966996432
359,480,4,966996340
359,485,2,966996696
359,497,4,967229638
359,527,5,967231990
359,533,2,966996642
359,541,5,967234514
359,543,3,967229638
359,551,5,967233103
359,555,4,966997138
359,588,3,966996905
359,589,4,966997463
359,592,4,967233438
359,595,3,966996905
359,608,5,966997062
359,610,3,967233438
359,648,4,967233040
359,653,3,966996617
359,661,4,966996927
359,692,1,966996815
359,707,3,967233183
359,708,2,967229718
359,714,5,967232211
359,720,5,966996868
359,741,5,966996927
359,780,5,966996511
359,786,3,966996568
359,800,5,967232921
359,839,1,966996759
359,849,3,966996759
359,866,4,966997113
359,892,4,967229668
359,999,4,966997180
359,1033,3,967233899
359,1036,5,967233310
359,1037,2,966996568
359,1047,4,966996316
359,1089,5,966997091
359,1090,5,967234344
359,1091,2,967234170
359,1093,3,967233121
359,1097,4,966996008
359,1101,3,967233542
359,1111,4,966997360
359,1127,3,967233402
359,1129,4,967233486
359,1135,2,967234117
359,1147,5,966997360
359,1173,1,967234451
359,1191,4,966997389
359,1196,5,967233310
359,1197,5,967233310
359,1198,5,967233310
359,1200,4,967233311
359,1210,5,967233402
359,1213,5,966997091
359,1215,4,966997463
359,1218,5,967233311
359,1220,5,967233402
359,1222,5,967233402
359,1225,5,967234311
359,1228,5,967234329
359,1231,4,967234329
359,1240,4,967233311
359,1242,5,967233311
359,1246,3,967234424
359,1258,4,967234543
359,1259,5,967233824
359,1261,4,967233402
359,1265,5,967229511
359,1266,5,967232211
359,1270,4,967233961
359,1274,5,967233824
359,1275,4,967233486
359,1285,3,967233983
359,1288,5,967233961
359,1291,5,966995974
359,1297,3,967234037
359,1298,4,967234993
359,1302,4,967234383
359,1307,4,967233983
359,1320,4,966996642
359,1352,4,966997236
359,1356,5,966997485
359,1372,4,966997518
359,1373,3,967233706
359,1374,5,967233438
359,1375,5,967233597
359,1376,5,967233438
359,1377,2,966996529
359,1378,2,967233597
359,1379,1,966996696
359,1381,1,967234247
359,1382,3,966996666
359,1385,4,966996642
359,1389,1,967233784
359,1391,4,966997485
359,1394,5,967233961
359,1396,5,966997138
359,1405,4,966996964
359,1431,1,966996642
359,1464,1,967232981
359,1468,3,967229920
359,1472,4,966997157
359,1475,2,967229532
359,1479,4,966996696
359,1487,1,967233121
359,1500,4,966997091
359,1523,4,966997276
359,1527,5,966996316
359,1544,4,966996511
359,1562,1,966997300
359,1566,4,966996927
359,1573,4,966997518
359,1580,4,966996340
359,1584,5,966997485
359,1587,3,967233630
359,1589,5,966997157
359,1590,5,966996511
359,1591,4,966996568
359,1603,3,966997518
359,1610,4,966996217
359,1617,5,966997062
359,1625,5,967232921
359,1649,4,966997342
359,1663,4,967234037
359,1676,3,966996377
359,1689,4,967233068
359,1690,4,966996592
359,1721,4,967229803
359,1722,4,966996377
359,1729,5,966997138
359,1732,5,966997091
359,1748,5,966997485
359,1754,4,967233010
359,1777,4,967229718
359,1785,5,966996511
359,1792,4,966996481
359,1799,4,966997157
359,1827,5,966997377
359,1831,3,966996734
359,1858,4,966996432
359,1907,4,966996905
359,1918,2,966997180
359,1920,3,966996964
359,1921,5,966997463
359,1961,4,967234344
359,1965,4,967234037
359,1967,3,967233841
359,1968,4,967234001
359,1994,3,967235202
359,2000,4,967233402
359,2001,4,967233438
359,2002,3,966997253
359,2003,2,967234077
359,2005,3,967233824
359,2011,3,967234059
359,2012,3,966997545
359,2020,4,967234329
359,2021,5,967234496
359,2023,4,966996458
359,2028,5,966996217
359,2033,3,967233899
359,2041,1,967233784
359,2046,3,966997518
359,2050,1,967233938
359,2054,3,967233862
359,2064,5,967233983
359,2076,4,967234451
359,2081,3,967233899
359,2083,4,966996008
359,2088,1,967233862
359,2100,3,967234077
359,2105,3,967233597
359,2108,2,967229638
359,2110,2,967234077
359,2111,2,967234077
359,2114,3,967234431
359,2115,3,967233438
359,2117,4,967235066
359,2121,3,967235253
359,2126,4,966996696
359,2133,2,967233841
359,2134,4,967234153
359,2139,5,967233899
359,2140,4,967233924
359,2141,3,967233899
359,2143,2,967233862
359,2144,3,967234077
359,2145,4,967234117
359,2150,4,967234059
359,2161,4,967233841
359,2167,4,966996290
359,2174,4,967234021
359,2193,2,967233597
359,2194,4,967233311
359,2232,5,966997463
359,2240,3,967234451
359,2247,1,967234117
359,2248,5,967234001
359,2253,1,966996666
359,2260,4,967233630
359,2273,3,966996290
359,2278,5,966996316
359,2294,4,966996905
359,2301,1,967234059
359,2311,4,967235021
359,2322,2,966996716
359,2330,5,966997321
359,2334,4,966996481
359,2353,4,966996340
359,2355,4,966996905
359,2371,5,967234077
359,2372,1,967234139
359,2373,1,967233784
359,2375,2,967234205
359,2376,4,967233630
359,2378,2,966996066
359,2379,2,967234232
359,2380,1,967234232
359,2381,2,967234232
359,2382,1,967234247
359,2383,1,967234247
359,2393,4,966997518
359,2394,5,966996964
359,2401,5,967235442
359,2402,3,967233630
359,2403,5,967233542
359,2404,3,967233765
359,2405,2,967233630
359,2406,2,967233438
359,2410,3,967233597
359,2411,4,967233630
359,2413,4,967234153
359,2416,4,967234139
359,2421,3,967233765
359,2422,1,967233706
359,2423,5,967234077
359,2424,3,967229920
359,2450,1,967233938
359,2457,3,967233486
359,2468,2,967233706
359,2469,2,967234117
359,2470,4,967233824
359,2471,2,967233862
359,2473,1,967234205
359,2476,4,967233542
359,2478,5,967234139
359,2502,5,967229668
359,2542,5,966997062
359,2551,4,967235216
359,2561,4,966997276
359,2568,1,966996759
359,2571,5,966996235
359,2582,4,966996617
359,2616,1,966996617
359,2617,3,966996377
359,2625,4,966996290
359,2628,3,966996432
359,2641,4,967233542
359,2642,2,967233765
359,2643,1,967235129
359,2677,5,966997342
359,2686,5,967232981
359,2692,5,966996217
359,2693,5,966997360
359,2699,4,966996458
359,2700,5,966996905
359,2701,1,966996759
359,2716,4,967233961
359,2717,3,967234188
359,2723,5,966996399
359,2735,2,967233706
359,2746,3,967234059
359,2761,5,966996868
359,2791,3,967233983
359,2792,1,967234188
359,2794,4,967234206
359,2795,5,967234021
359,2796,2,967234170
359,2797,4,967234021
359,2804,1,967233961
359,2815,1,967233630
359,2816,1,967233765
359,2880,4,966996432
359,2884,1,967229920
359,2890,5,967231990
359,2898,2,967233040
359,2912,4,966996265
359,2915,2,967234037
359,2916,4,966996265
359,2918,5,967234001
359,2926,1,967234383
359,2965,1,966996782
359,2968,2,967233824
359,2985,4,967233486
359,2986,2,966996696
359,2987,2,967233824
359,2989,4,967233486
359,2990,4,967233542
359,3007,5,966997321
359,3019,5,967234344
359,3020,4,966996340
359,3033,2,967234117
359,3039,5,967234059
359,3041,1,967234247
359,3042,1,967234217
359,3044,3,967232921
359,3070,3,967233862
359,3072,3,967234060
359,3081,4,967229859
359,3087,4,967234060
359,3098,4,967234360
359,3104,3,967233402
359,3108,1,967229511
359,3114,4,966996868
359,3142,4,967234993
359,3159,5,966996927
359,3175,4,966997485
359,3210,5,967234001
359,3213,4,966996905
359,3235,5,967234188
359,3247,3,966997253
359,3256,4,966996316
359,3257,3,966996617
359,3261,4,967229896
359,3262,2,967233040
359,3265,5,966997062
359,3266,5,966997113
359,3267,5,966996265
359,3272,5,966997236
359,3274,3,966996592
359,3361,1,967233961
359,3385,1,967234206
359,3386,5,967232921
359,3397,5,967233924
359,3398,4,967233924
359,3422,4,967234139
359,3424,5,967233983
359,3431,3,967233706
359,3438,2,966996481
359,3439,1,966996815
359,3440,1,966996815
359,3441,5,967233630
359,3444,3,967233630
359,3448,5,967234060
359,3476,5,967232921
359,3491,2,967234117
359,3521,5,967233983
359,3525,2,967234139
359,3526,4,967234037
359,3527,4,967233486
359,3552,5,967234021
359,3578,5,967233241
359,3591,4,967234092
359,3608,4,967234001
359,3679,5,967234295
359,3680,4,967234295
359,3683,5,967234311
359,3688,2,967234170
359,3689,1,967234247
359,3690,1,967234247
359,3697,4,966996592
359,3698,4,967233597
359,3699,2,967233824
359,3701,4,967234273
359,3703,3,967233438
359,3704,3,967233542
359,3706,5,967234514
359,3708,1,967235253
359,3725,4,967233899
359,3740,5,967233486
359,3758,4,967235089
359,3763,2,967233438
359,3764,2,966997253
359,3766,2,967233765
359,3841,2,966996759
359,3868,3,967234021
359,3877,1,967233784
359,4006,4,967233765
360,50,4.5,1493531501
360,110,4.5,1493531596
360,260,4,1493531745
360,296,4.5,1493531729
360,318,4.5,1493531508
360,356,4.5,1493531743
360,364,4,1493531842
360,593,4,1493531522
360,608,4.5,1493531834
360,1089,4.5,1493531791
360,1265,4,1493531784
360,1270,4,1493531809
360,1682,4.5,1493531733
360,2011,4.5,1493531844
360,2571,4.5,1493531738
360,2858,4.5,1493531803
360,2959,4.5,1493531533
360,3147,4.5,1493531812
360,4011,4.5,1493531836
360,4226,4.5,1493531584
360,4262,4.5,1493531847
360,6874,4,1493531788
360,51662,4,1493531557
360,58559,4.5,1493531815
360,70286,4.5,1493531779
360,79132,4.5,1493531734
360,91529,4.5,1493531781
360,99114,4.5,1493531797
360,109487,4.5,1493531741
360,115713,3.5,1493531776
360,122882,4.5,1493531793
361,1,5,1438819897
361,318,5,1438820250
361,356,5,1438819884
361,480,5,1438819891
361,1198,5,1438820268
361,1270,5,1438819894
361,2571,5,1438819896
361,2959,5,1438820265
361,3578,4,1438820332
361,3753,4,1438820443
361,3793,4,1438820340
361,4022,4,1438820378
361,4027,3.5,1438820376
361,4886,3.5,1438820368
361,4963,4,1438820356
361,4993,3.5,1438820307
361,4995,4,1438820350
361,5418,4,1438820371
361,5445,3.5,1438820330
361,6333,4,1438820395
361,6502,3.5,1438820439
361,6539,4,1438820343
361,6934,2.5,1438820434
361,7153,4,1438820261
361,7361,4,1438820352
361,8961,4.5,1438820374
361,33493,3.5,1438820429
361,33794,4.5,1438820381
361,44191,3.5,1438820398
361,48516,4,1438820403
361,50872,5,1438820226
361,58559,5,1438820347
361,59315,5,1438820406
361,60069,4.5,1438820412
361,79132,4,1438820252
362,1,3,938487121
362,2,3,951258987
362,10,4,951262289
362,17,5,938486534
362,22,3,951261992
362,29,3,945392144
362,32,3,945391757
362,39,4,945391852
362,41,3,945391163
362,45,3,945391852
362,47,4,941811793
362,50,4,938484628
362,70,3,951259119
362,85,3,945392030
362,110,4,938485595
362,111,3,938487291
362,117,3,951261893
362,125,4,938486004
362,150,4,938486245
362,160,2,951260006
362,161,4,951261701
362,162,4,938486440
362,172,3,951259869
362,176,3,945391320
362,180,3,951261657
362,184,4,951262030
362,190,5,951261422
362,196,3,951259319
362,198,4,951259711
362,202,3,945391704
362,223,3,945391498
362,230,4,945391757
362,247,5,938486487
362,249,4,951262118
362,253,5,945392174
362,260,5,938485202
362,272,3,938485255
362,273,4,951261992
362,288,4,951262165
362,296,3,938485135
362,299,3,938486760
362,300,4,945391925
362,316,4,951259826
362,318,5,941811759
362,319,4,938484752
362,327,2,951259842
362,328,4,945391694
362,329,2,951259869
362,337,4,945392247
362,345,4,951261992
362,349,4,951262067
362,353,4,951261496
362,356,3,938487172
362,357,4,951262165
362,363,4,938487291
362,364,3,951261584
362,386,1,945392320
362,390,4,951261701
362,410,5,951261816
362,412,4,945391694
362,435,2,951260006
362,441,4,951261209
362,448,5,945391390
362,477,4,938486245
362,480,3,951259711
362,481,4,951261928
362,488,2,938487063
362,497,4,938484818
362,506,3,945392144
362,508,3,945391824
362,509,2,938484453
362,514,4,945391798
362,515,4,938485769
362,521,4,951261422
362,532,3,951259239
362,538,4,938485426
362,541,5,938484698
362,551,4,945391484
362,553,5,951261701
362,555,3,945392221
362,562,3,938486534
362,565,2,938485817
362,574,4,951261852
362,581,4,938485360
362,587,4,951262165
362,588,4,938486487
362,589,5,941811717
362,590,4,938486385
362,592,3,945391911
362,593,5,938485769
362,595,3,938486714
362,608,2,938485919
362,610,4,951259076
362,648,4,951262165
362,653,4,951258972
362,661,2,951261747
362,663,3,951261584
362,674,4,951259826
362,708,1,945392320
362,737,5,951259917
362,741,5,951259658
362,750,5,938485530
362,751,4,951260963
362,766,2,951262119
362,778,5,938487291
362,780,2,951259869
362,799,4,945392092
362,842,4,951259319
362,849,2,951259964
362,858,5,938485068
362,866,5,938486154
362,879,3,951259287
362,880,4,951260006
362,896,4,951260963
362,898,5,945391138
362,899,3,945391197
362,902,4,945391320
362,903,5,945391236
362,904,4,938484818
362,906,4,951261535
362,908,4,938486583
362,913,4,945391163
362,914,5,945391598
362,919,5,938485255
362,920,5,938485202
362,921,4,945391567
362,922,4,938484698
362,923,4,951258222
362,924,5,938487235
362,926,4,945391269
362,927,5,938485471
362,928,4,938486853
362,930,4,951258298
362,931,4,938486004
362,942,4,951261174
362,947,4,938485699
362,948,4,951261366
362,949,4,938485963
362,951,4,938485868
362,953,3,938484579
362,955,5,938484526
362,968,4,945391881
362,969,4,945391269
362,971,4,938487235
362,988,4,945392260
362,991,4,938485699
362,1009,5,951258972
362,1019,4,951258921
362,1028,5,938485645
362,1036,3,938485699
362,1041,4,938486385
362,1046,4,951262690
362,1059,5,951261584
362,1073,5,951258921
362,1076,5,938485360
362,1077,4,951261584
362,1079,4,938486440
362,1080,4,938486004
362,1081,4,938485471
362,1087,2,951261335
362,1089,2,938487121
362,1093,4,951262245
362,1094,4,945391451
362,1097,4,938485817
362,1104,5,941811717
362,1111,5,945391867
362,1127,4,951259683
362,1129,4,945391941
362,1130,4,951259027
362,1135,3,951262165
362,1136,5,938484579
362,1137,1,945391533
362,1162,4,945391599
362,1179,5,945391533
362,1183,4,938487063
362,1185,3,945391390
362,1190,3,945391628
362,1191,4,951261852
362,1192,4,945391451
362,1193,3,938485202
362,1196,5,938484526
362,1197,4,945391335
362,1198,5,938484628
362,1199,5,938485596
362,1200,4,938486047
362,1204,5,938485202
362,1206,4,938486385
362,1210,3,938484698
362,1214,5,938486047
362,1215,3,938485202
362,1217,3,945391176
362,1219,5,938486583
362,1220,4,938486626
362,1221,5,938485255
362,1224,4,951262690
362,1225,5,938485595
362,1233,4,938485699
362,1235,4,951258420
362,1240,4,938485699
362,1241,4,951260963
362,1243,4,938486583
362,1244,4,938486099
362,1246,4,945392092
362,1247,3,938486626
362,1248,4,938484579
362,1253,5,938486331
362,1258,5,945392068
362,1261,5,945391867
362,1264,5,938485868
362,1265,5,938486440
362,1267,4,938484628
362,1268,4,951261780
362,1269,4,938485530
362,1270,3,938484526
362,1272,3,938484579
362,1274,5,951259683
362,1275,4,938486969
362,1278,5,938485471
362,1282,5,945391628
362,1285,5,938485068
362,1286,4,951262119
362,1288,5,938485919
362,1289,3,951261496
362,1291,4,938484526
362,1292,4,945391451
362,1296,4,945391694
362,1297,4,951261747
362,1298,3,938485135
362,1300,4,938485068
362,1301,5,945391567
362,1320,5,951259180
362,1321,4,951259027
362,1333,5,945391732
362,1339,5,951259138
362,1340,5,945391732
362,1342,3,951259138
362,1343,3,951261584
362,1344,3,938485699
362,1345,4,951259027
362,1346,4,951259204
362,1348,4,945391197
362,1350,4,945392340
362,1354,3,938486245
362,1356,4,938486760
362,1371,5,951259889
362,1372,4,951259800
362,1373,2,951260006
362,1374,5,941811793
362,1375,2,951259736
362,1376,4,951259711
362,1377,5,951262289
362,1387,5,938485645
362,1391,2,951259826
362,1392,3,938486292
362,1394,4,951261247
362,1396,3,951259736
362,1405,3,945391925
362,1407,2,951259076
362,1411,2,945391628
362,1476,4,951261335
362,1484,3,945391732
362,1500,3,951261174
362,1517,3,945392127
362,1527,2,951261496
362,1535,2,938485699
362,1544,2,951259889
362,1573,4,945392049
362,1580,3,945392030
362,1584,4,938486809
362,1587,3,951261747
362,1590,2,951260019
362,1594,1,945392049
362,1608,4,951262289
362,1610,4,938487121
362,1611,4,945391498
362,1617,3,938485530
362,1635,1,945391628
362,1639,4,938486626
362,1641,2,951261747
362,1643,3,938487121
362,1644,2,951259319
362,1648,4,945391080
362,1649,4,945391775
362,1653,4,938486809
362,1654,4,945392068
362,1658,2,938485426
362,1663,4,938485769
362,1676,4,951259711
362,1682,4,945391897
362,1690,2,951259800
362,1704,4,938485530
362,1717,2,951259104
362,1721,4,938485255
362,1730,4,938485596
362,1732,4,945391668
362,1748,3,938484698
362,1777,3,938485530
362,1779,2,951259917
362,1784,3,945392320
362,1794,4,938486714
362,1805,5,951261496
362,1810,4,938485202
362,1831,2,951259917
362,1834,3,945391881
362,1836,2,938486099
362,1884,4,951262211
362,1885,4,938487291
362,1907,4,938485963
362,1909,3,951259736
362,1921,3,951259683
362,1923,4,938485919
362,1924,4,951259104
362,1931,3,938487172
362,1947,3,938486969
362,1955,3,945392068
362,1956,4,938486714
362,1957,4,951261366
362,1960,4,945391968
362,1961,3,938486440
362,1965,4,938487021
362,1967,3,938485255
362,1968,4,938485769
362,1982,4,945392144
362,1994,4,938487291
362,1997,5,938486487
362,2003,4,945391080
362,2005,3,951261335
362,2010,5,938486626
362,2013,5,945391080
362,2020,5,938487172
362,2021,4,951258949
362,2022,4,945391304
362,2023,4,951262211
362,2026,2,951262067
362,2029,4,945391757
362,2034,3,951259889
362,2065,4,938486099
362,2076,4,945391080
362,2093,3,951258972
362,2094,3,951259842
362,2100,4,951258921
362,2105,4,951258949
362,2106,3,951262030
362,2109,3,938486809
362,2110,3,951261780
362,2114,3,938486385
362,2115,3,945392340
362,2117,4,945392296
362,2118,3,938486969
362,2120,3,951259138
362,2124,4,951261816
362,2132,4,938485699
362,2137,5,945391080
362,2138,4,938485135
362,2139,4,938487121
362,2140,3,951258949
362,2143,4,951258973
362,2144,4,938486245
362,2145,4,951262119
362,2158,3,945392008
362,2160,4,951259055
362,2163,2,951259464
362,2167,3,951261893
362,2173,4,945392233
362,2174,5,945391567
362,2176,5,951261535
362,2186,5,938484628
362,2198,3,951261108
362,2202,5,945391824
362,2243,4,938487121
362,2247,4,951261928
362,2282,2,945392092
362,2287,3,938486809
362,2288,3,938484628
362,2289,3,938486440
362,2291,5,938486198
362,2294,3,938486245
362,2297,4,951261628
362,2300,4,938484526
362,2301,4,938485255
362,2311,4,945392233
362,2313,5,938484526
362,2315,4,951259513
362,2320,3,951262067
362,2321,3,945391757
362,2323,4,945391957
362,2325,5,951262245
362,2327,4,951261992
362,2333,5,938485530
362,2336,5,951260695
362,2337,4,945392221
362,2346,3,951259711
362,2352,3,951261928
362,2366,4,938486292
362,2377,4,951259800
362,2390,3,938484579
362,2393,2,951259800
362,2394,3,938486714
362,2395,4,951260764
362,2396,5,938485307
362,2407,4,951259736
362,2428,5,951259337
362,2437,4,951262211
362,2443,4,951261335
362,2455,4,951259076
362,2456,4,951260006
362,2467,4,945392154
362,2469,4,951261816
362,2470,3,938486385
362,2485,3,951260764
362,2488,4,951259027
362,2513,3,951259222
362,2527,4,938485255
362,2528,5,938486198
362,2529,5,938486668
362,2541,4,938485817
362,2542,3,945391941
362,2549,4,951260006
362,2551,4,945392247
362,2553,5,938485135
362,2554,5,951259711
362,2560,5,945390963
362,2571,5,938485022
362,2572,3,951260641
362,2580,4,938484698
362,2599,3,945390963
362,2606,2,951260695
362,2613,4,951259736
362,2617,4,945390986
362,2622,4,945390986
362,2628,2,938484752
362,2633,4,951259076
362,2639,4,951261780
362,2640,4,945392329
362,2641,3,951259758
362,2642,1,951259964
362,2644,4,945391957
362,2648,4,945391345
362,2657,5,938484818
362,2659,3,951261042
362,2662,4,938485022
362,2664,4,945391639
362,2668,4,951259180
362,2681,4,951259842
362,2683,3,945390973
362,2692,4,938485307
362,2693,5,945390963
362,2699,3,951260641
362,2700,4,938471490
362,2706,4,938471490
362,2710,5,938487737
362,2712,3,951260695
362,2715,2,951260782
362,2716,5,945391897
362,2722,4,938487710
362,2723,4,951260695
362,2728,4,951258270
362,2729,5,945391567
362,2730,4,945392221
362,2739,3,945391080
362,2745,3,951261584
362,2746,4,951259104
362,2761,4,951258279
362,2762,5,938471490
362,2789,4,951259180
362,2791,5,938484453
362,2793,4,951259428
362,2797,3,940353117
362,2841,4,938487710
362,2851,3,951259869
362,2857,4,951261422
362,2858,5,940353044
362,2867,4,951259055
362,2872,5,945391798
362,2883,3,951258788
362,2915,4,951261496
362,2916,4,945392221
362,2917,4,945391732
362,2918,4,945391469
362,2919,4,945391304
362,2926,4,951261893
362,2929,4,945392190
362,2947,5,945392092
362,2948,4,951261276
362,2949,4,945392260
362,2959,4,945391580
362,2965,4,951261423
362,2968,4,945392030
362,2971,4,945391986
362,2985,5,951259646
362,2987,3,945391941
362,2989,3,951261747
362,2993,4,951261366
362,3000,5,945391567
362,3015,3,945391986
362,3018,4,945391694
362,3019,3,945391401
362,3032,4,951259711
362,3037,4,951260319
362,3039,4,945391867
362,3040,3,951262030
362,3044,4,945392247
362,3060,3,945391911
362,3067,4,945391269
362,3070,5,945391119
362,3075,4,951261628
362,3081,2,951261423
362,3135,4,951258240
362,3153,4,951258921
362,3175,4,951259646
362,3176,5,947099366
362,3181,4,951261247
362,3203,3,951260641
362,3204,4,951262289
362,3210,4,951261747
362,3213,4,951258405
362,3239,3,951260179
362,3251,4,951261366
362,3253,4,951258078
362,3254,3,951258078
362,3258,4,951257960
362,3264,2,951257947
362,3300,4,951258039
362,3342,4,951257928
362,3359,3,951782246
362,3386,3,951782281
362,3392,4,951782306
362,3469,4,955574719
362,3471,5,955574719
362,3476,5,955575362
362,3499,4,955575362
362,3504,4,955575362
362,3516,4,955574719
362,3519,3,955574719
362,3544,4,955575696
362,3545,4,955574719
362,3546,4,955575696
362,3547,4,955575362
362,3548,5,955574719
362,3550,5,955574719
362,3552,4,955574719
362,3753,1,965178223
362,3755,3,965178223
362,3758,4,965178172
362,3770,3,965178172
362,3793,4,965178261
362,3807,4,965178261
362,3809,2,965178261
362,3814,4,965178223
362,3847,3,965178223
363,260,5,1475876179
363,318,4,1475876157
363,527,4.5,1475876176
363,858,4.5,1475876805
363,912,4.5,1475876893
363,1196,5,1475876736
363,1210,4.5,1475876733
363,2716,5,1475876858
363,2959,4,1475876163
363,4014,5,1475876567
363,4308,3,1475876547
363,4370,3,1475876554
363,4896,5,1475876872
363,4963,5,1475876866
363,4993,5,1475876174
363,5010,4.5,1475876566
363,5502,4,1475876557
363,5952,5,1475876750
363,6377,4,1475876774
363,7143,3.5,1475876549
363,7153,5,1475876170
363,8961,4,1475876770
363,49272,5,1475876840
363,49530,5,1475876863
363,50872,4,1475876877
363,54001,5,1475876820
363,54286,5,1475876818
363,57368,2,1475877296
363,57669,4.5,1475877268
363,58559,3,1475877198
363,59315,4,1475877203
363,59615,3.5,1475877284
363,59784,3,1475877263
363,60069,3,1475877177
363,60684,3,1475877245
363,63082,4.5,1475877187
363,63113,4,1475876811
363,63992,2,1475877324
363,64614,4,1475877222
363,64716,3.5,1475877381
363,64957,2.5,1475877271
363,66097,4,1475877294
363,66934,4,1475877316
363,67255,4,1475877299
363,68157,4,1475877184
363,68358,5,1475876761
363,68954,4,1475876803
363,69122,3,1475877207
363,69757,2,1475877238
363,69844,5,1475877242
363,70286,4,1475877190
363,71535,4.5,1475877233
363,72226,3.5,1475877309
363,72998,3,1475877182
363,73017,4,1475876832
363,73321,4.5,1475877334
363,76093,5,1475876837
363,76251,4,1475877257
363,77561,4,1475877260
363,79091,5,1475876891
363,79132,4,1475877200
363,80463,3,1475877228
363,80549,4,1475877345
363,81591,3.5,1475877230
363,81834,5,1475876749
363,81845,4.5,1475877213
363,84152,4,1475876830
363,86882,4.5,1475877303
363,87232,4,1475876795
363,88125,5,1475876752
363,88163,4,1475877339
363,88810,4,1475877329
363,89492,4,1475877313
363,91542,4,1475876879
363,91630,4.5,1475876801
363,96079,5,1475876730
363,97304,5,1475876883
363,97938,4.5,1475876882
363,98809,4.5,1475876797
363,99114,4,1475876822
363,106489,5,1475876873
363,106696,4,1475876813
363,109487,4.5,1475876869
363,110102,4,1475876825
363,111759,4,1475876855
363,112852,5,1475876758
363,115617,4,1475876862
363,119145,4,1475876754
363,122882,3,1475876767
363,122886,5,1475876589
363,122904,4.5,1475876586
363,122920,3.5,1475877023
363,122924,3,1475877063
363,127108,4,1475877028
363,128360,4,1475877016
363,134130,4.5,1475876784
363,135133,4.5,1475877060
363,135141,2.5,1475876678
363,135436,4,1475876647
363,135536,4.5,1475876368
363,135569,5,1475876627
363,136020,5,1475876654
363,136864,3,1475876700
363,137857,5,1475876611
363,138036,3.5,1475876887
363,138210,4,1475876622
363,139385,5,1475877020
363,140110,4,1475876764
363,141004,2.5,1475876692
363,141422,3.5,1475876632
363,141749,4,1475876620
363,142488,4.5,1475876573
363,143385,4,1475877018
363,143859,3.5,1475876668
363,144976,4,1475876656
363,145418,3,1475876608
363,145935,3.5,1475876665
363,148626,4,1475876575
363,152061,3,1475876702
363,152081,4,1475876579
363,152083,3.5,1475877056
363,157296,4,1475876603
363,158238,3,1475876605
363,158872,4,1475876434
363,160438,4.5,1475876401
363,162350,4,1475876257
364,110,4,944977077
364,147,1,944977143
364,802,2,944977108
364,1221,4,944977145
364,1270,4,944977108
364,2383,3,944977145
364,2396,3,944977231
364,2505,4,944977336
364,2541,5,944977337
364,2542,4,944977266
364,2571,5,944977231
364,2580,4,944977231
364,2700,5,944977266
364,2728,3,944977108
365,29,4,983319881
365,47,3,983318773
365,160,3,983320022
365,185,3,983319863
365,223,3,983320387
365,260,5,983319700
365,316,5,983319849
365,480,4,983319764
365,520,5,983318602
365,541,3,983319700
365,546,2,983320040
365,741,4,983319715
365,780,4,983319820
365,849,2,983320022
365,880,2,983320031
365,1097,3,983318552
365,1214,3,983319764
365,1270,4,983319715
365,1282,2,983318773
365,1371,4,983319849
365,1373,4,983319930
365,1375,3,983319863
365,1376,5,983319773
365,1391,3,983320006
365,1513,3,983320527
365,1527,5,983319750
365,1544,3,983319994
365,1552,4,983318572
365,1573,3,983319804
365,1584,4,983319750
365,1590,1,983319984
365,1653,2,983319715
365,1676,1,983319881
365,1748,4,983319715
365,1909,4,983319835
365,1911,4,983320415
365,1917,3,983319905
365,2012,4,983319849
365,2053,3,983319984
365,2054,4,983319835
365,2094,4,983319790
365,2100,3,983318589
365,2140,4,983319820
365,2355,4,983320370
365,2393,5,983319881
365,2455,2,983319764
365,2498,4,983320022
365,2553,2,983319804
365,2555,3,983320334
365,2571,5,983319725
365,2572,4,983320319
365,2605,3,983320425
365,2628,4,983319820
365,2640,4,983319804
365,2641,4,983319894
365,2643,4,983319964
365,2664,3,983319700
365,2683,4,983320334
365,2693,3,983320563
365,2701,3,983320578
365,2709,4,983320494
365,2716,5,983320447
365,2718,4,983320415
365,2720,2,983320458
365,2722,1,983319790
365,2723,5,983320495
365,2724,2,983320527
365,2763,4,983320563
365,2770,3,983320370
365,2881,3,983320415
365,2987,4,983320578
365,2997,3,983320350
365,3000,3,983318752
365,3005,3,983320370
365,3114,5,983320563
365,3157,4,983320547
365,3175,4,983319750
365,3270,4,983318738
365,3516,4,983320350
365,3615,2,983320415
365,3623,4,983320495
365,3701,4,983319863
365,3744,4,983318738
365,3745,3,983319790
365,3751,4,983318572
365,3793,5,983318773
365,3864,2,983318854
365,3977,5,983320387
365,3986,2,983320319
365,3994,2,983318657
365,3996,4,983318633
365,4002,4,983320163
365,4016,2,983318657
365,4025,5,983318702
365,4030,3,983318702
365,4040,3,983318843
365,4062,2,983318773
366,1,4,862847645
366,3,3,862847695
366,5,4,862847695
366,6,2,862847695
366,7,4,862847749
366,14,3,862847789
366,17,2,862847645
366,25,2,862847645
366,26,5,862847969
366,36,4,862847695
366,52,3,862847789
366,58,3,862847750
366,61,4,862847968
366,62,4,862847645
366,79,3,862847790
366,81,5,862847969
366,86,5,862847889
366,94,4,862847889
366,95,3,862847645
366,100,3,862847848
366,104,2,862847749
366,112,1,862847749
366,135,2,862847790
366,140,3,862847827
366,141,2,862847645
366,260,5,862847695
366,376,3,862847749
366,494,5,862847695
366,608,4,862847695
366,628,4,862847790
366,637,2,862847790
366,648,3,862847645
366,708,3,862847749
366,733,5,862847695
366,736,3,862847645
366,765,3,862847909
366,780,3,862847645
366,783,3,862847827
366,784,2,862847749
366,786,3,862847695
366,788,3,862847749
366,802,5,862847789
366,805,5,862847789
366,852,5,862847828
366,858,5,862847848
366,891,5,862847969
366,1047,5,862847968
366,1061,3,862847909
366,1073,4,862847695
366,1210,5,862847827
366,1367,5,862847867
366,1393,5,862847848
367,318,4.5,1182244683
367,1120,3,1182244345
367,1249,2.5,1182244324
367,1343,3.5,1182244310
367,1586,2,1182244496
367,1680,3,1182244510
367,1729,4,1182244271
367,2427,2.5,1182244417
367,2541,3,1182244377
367,2641,2,1182244408
367,2707,3.5,1182244454
367,2722,1,1182244466
367,2826,2,1182244449
367,2947,3,1182244254
367,6711,5,1182244281
367,7438,3,1182244278
367,8368,3.5,1182244393
368,1,3,1152589011
368,2,3,1151897703
368,3,2.5,1151897877
368,6,3.5,1151897577
368,7,2.5,1151897904
368,11,3.5,1151897687
368,17,2,1152667971
368,19,1,1151897717
368,21,0.5,1152667953
368,32,4.5,1151897389
368,34,3,1152667883
368,36,3,1152668135
368,39,3.5,1151897560
368,47,3.5,1151897436
368,48,3,1152668344
368,50,4,1151897397
368,62,4,1151897598
368,65,1.5,1151968069
368,69,2.5,1155005252
368,104,3.5,1151897834
368,110,4.5,1151897339
368,111,3,1153095271
368,141,3.5,1151897554
368,145,3.5,1153067053
368,150,3.5,1152667849
368,153,2.5,1152667874
368,160,2.5,1151897893
368,173,1,1151897953
368,175,1.5,1153066258
368,180,3,1153067047
368,185,2,1152667917
368,186,1,1152668396
368,193,0.5,1151968397
368,196,1,1152668348
368,216,3.5,1155006245
368,218,3,1153066254
368,223,3.5,1152668037
368,231,3.5,1151897487
368,253,3,1155005093
368,260,3.5,1152667852
368,261,2.5,1153065996
368,266,3.5,1151897159
368,276,2.5,1153067498
368,280,4.5,1152590167
368,282,1.5,1152668389
368,288,3,1152668147
368,292,3.5,1151897510
368,293,3.5,1151897696
368,296,4.5,1151897301
368,316,3.5,1151897446
368,317,2,1151897844
368,318,5,1151897329
368,333,3,1155006248
368,337,3,1151897840
368,339,1.5,1152667961
368,342,2.5,1152589119
368,344,4,1151897401
368,350,3,1151897809
368,351,3,1152672741
368,356,4,1151897307
368,357,2.5,1152589038
368,361,3,1153066245
368,364,4.5,1151897454
368,367,1.5,1151897502
368,368,3.5,1151897132
368,372,3,1152672515
368,374,1,1153066234
368,377,2.5,1151897405
368,380,3.5,1152589093
368,381,3,1153066232
368,410,2.5,1152673408
368,440,3.5,1151897648
368,441,3,1155006005
368,454,2.5,1152667904
368,455,1.5,1152672510
368,457,3,1151897320
368,466,3.5,1152589164
368,480,4,1151897315
368,491,2.5,1153066227
368,500,4,1151897484
368,508,4.5,1151897736
368,509,3,1151897756
368,520,3,1152589154
368,527,3.5,1155005379
368,539,2.5,1152667898
368,543,2.5,1152589124
368,546,2,1153066219
368,551,3,1151897817
368,562,2.5,1152589072
368,586,2.5,1152589134
368,587,3,1152667890
368,588,4.5,1151897386
368,589,3.5,1152590289
368,590,2.5,1152667855
368,592,3,1152667803
368,593,4,1151897303
368,594,2,1151897799
368,595,4,1151897433
368,596,2.5,1155006148
368,597,3,1152589100
368,608,2.5,1154480401
368,628,4,1152590225
368,648,2,1152667860
368,708,2,1151897163
368,719,2.5,1153065985
368,720,3,1155005523
368,724,3,1153065982
368,733,3.5,1152667887
368,736,3,1152667881
368,745,3.5,1152667363
368,750,1,1151897154
368,765,3,1153067472
368,778,3.5,1152668199
368,780,3.5,1151897350
368,783,2.5,1153067032
368,785,2,1153065979
368,788,3,1152673412
368,802,2.5,1152668318
368,805,4,1152673518
368,832,2.5,1151897939
368,848,3,1153067468
368,858,4,1151897473
368,880,0.5,1151967845
368,912,2.5,1152668159
368,919,3,1152668162
368,920,2,1151897914
368,923,1.5,1152668225
368,924,1,1151897690
368,953,3.5,1155005466
368,986,2.5,1153066211
368,1012,3.5,1155005317
368,1020,3,1153066213
368,1022,2.5,1155006127
368,1025,2.5,1155006093
368,1029,2.5,1155006145
368,1032,3.5,1155006108
368,1035,1,1152668372
368,1036,2.5,1152668140
368,1042,2.5,1153065969
368,1059,3.5,1152672497
368,1061,4,1152590223
368,1073,3.5,1151897528
368,1088,3.5,1153067018
368,1089,3.5,1151897722
368,1091,2,1152672720
368,1097,1.5,1151897506
368,1101,3,1151897791
368,1104,3,1155005786
368,1107,2,1151967944
368,1126,2,1151967483
368,1148,3.5,1152667365
368,1193,4,1151897581
368,1196,3.5,1151897420
368,1197,4,1152589000
368,1200,3,1152668154
368,1206,3.5,1151897802
368,1208,3.5,1152668203
368,1210,4,1153095077
368,1213,3,1153094756
368,1214,2.5,1155005483
368,1219,2.5,1152673442
368,1221,3.5,1151897636
368,1223,3.5,1155005552
368,1240,2.5,1152667926
368,1251,2,1153066544
368,1258,3.5,1151897829
368,1259,3.5,1151897752
368,1265,3.5,1151897563
368,1270,3,1152589014
368,1271,3.5,1152672489
368,1282,1,1155006142
368,1307,2.5,1151897120
368,1345,3,1152672705
368,1358,3.5,1152668290
368,1377,3,1152673571
368,1380,3,1151897978
368,1387,3,1152673420
368,1391,2,1151897926
368,1393,3,1151897663
368,1407,3,1151897886
368,1408,3,1155005235
368,1416,2,1153066179
368,1441,3,1153067434
368,1466,3,1152667344
368,1483,3,1152672964
368,1485,3,1151897934
368,1487,3,1152672961
368,1499,2.5,1151968451
368,1500,2.5,1151897987
368,1513,2.5,1152589158
368,1517,3.5,1152672480
368,1527,4,1151897656
368,1544,2,1152668358
368,1552,3.5,1152668406
368,1562,2,1152673607
368,1569,2,1152672477
368,1580,3.5,1151897536
368,1584,2.5,1151897762
368,1597,3,1153066981
368,1608,2.5,1152673498
368,1611,2,1152668443
368,1617,3,1152667949
368,1639,3.5,1152668305
368,1641,2.5,1151897946
368,1645,3.5,1155005105
368,1653,3.5,1151897957
368,1672,2.5,1155005046
368,1673,3,1152668411
368,1676,3,1152668325
368,1680,3,1153095002
368,1682,3.5,1151897855
368,1704,4.5,1151897659
368,1721,3.5,1152667914
368,1732,3.5,1154480395
368,1747,2.5,1155006266
368,1754,3,1152672695
368,1777,2.5,1152673526
368,1784,4,1151897095
368,1873,2.5,1152667560
368,1907,2.5,1152667506
368,1917,2.5,1151897175
368,1918,2.5,1152589115
368,1921,2.5,1153067415
368,1923,3,1151897666
368,1961,4,1151897080
368,1962,3.5,1155005282
368,1968,3,1155004940
368,1995,2.5,1151967830
368,1996,2.5,1153068133
368,2000,3,1151897949
368,2001,3,1152589096
368,2002,2.5,1152672471
368,2011,2.5,1152589132
368,2012,1,1151897872
368,2018,2.5,1155006133
368,2028,1,1151897480
368,2054,3,1151897964
368,2058,2.5,1155005036
368,2060,2.5,1153067830
368,2067,2,1153066170
368,2071,4,1152666938
368,2078,3,1155006122
368,2080,3,1153066959
368,2081,4,1152668361
368,2085,2.5,1155006130
368,2096,3,1155006120
368,2137,3.5,1155006100
368,2167,3,1155004805
368,2174,3,1152589047
368,2231,4,1152590220
368,2253,1.5,1155006072
368,2268,4,1151898032
368,2273,3,1153066945
368,2278,2.5,1153065945
368,2291,3,1151897911
368,2294,2,1152672460
368,2297,2.5,1153066150
368,2302,3.5,1152668312
368,2321,3,1152668385
368,2324,3,1152667311
368,2325,2.5,1153067815
368,2329,4,1152590291
368,2335,3,1152672669
368,2338,1,1151968444
368,2353,3,1152668309
368,2355,3,1151897151
368,2375,1.5,1153067379
368,2385,2.5,1151967827
368,2395,1.5,1152668414
368,2396,3.5,1151897605
368,2424,1.5,1152672458
368,2429,1.5,1152672919
368,2431,3,1152672654
368,2432,3,1152672915
368,2447,2.5,1153066141
368,2502,3.5,1151897981
368,2505,3,1153067364
368,2506,2.5,1153067808
368,2541,3,1152672650
368,2571,4,1151897461
368,2572,2.5,1155006012
368,2580,3,1155005265
368,2581,2,1153066135
368,2599,2.5,1151898008
368,2617,3.5,1151898021
368,2628,1.5,1151897568
368,2676,3,1152672903
368,2683,3.5,1151897669
368,2692,3,1152668302
368,2699,3.5,1152668314
368,2700,3.5,1152668460
368,2701,1,1152667738
368,2706,3.5,1151897784
368,2707,2.5,1155005053
368,2710,1,1151897847
368,2712,2.5,1152668330
368,2716,3.5,1151897075
368,2762,4,1151897516
368,2788,1.5,1152672641
368,2791,3.5,1151897883
368,2797,3.5,1151897826
368,2798,0.5,1153067780
368,2841,3.5,1152667468
368,2858,4,1151897458
368,2881,2.5,1153067333
368,2908,3,1155006284
368,2915,3,1155005996
368,2916,3,1151897820
368,2918,3.5,1152588997
368,2953,2,1155006373
368,2959,5,1151897071
368,2987,2.5,1151897136
368,2997,3.5,1151897060
368,3004,2.5,1151967536
368,3005,3,1153067324
368,3006,3,1153066890
368,3052,3,1152589030
368,3100,3.5,1152590295
368,3101,3,1152673559
368,3105,3.5,1152590181
368,3114,2.5,1152673426
368,3147,4,1151898018
368,3148,3.5,1152590243
368,3155,2,1152672624
368,3160,2,1155006281
368,3176,2.5,1152668404
368,3186,3.5,1153067308
368,3243,2.5,1153066467
368,3252,3.5,1152667409
368,3253,3.5,1152589028
368,3255,3.5,1153094957
368,3257,2.5,1153067302
368,3258,2,1152672619
368,3264,2.5,1153066102
368,3270,3,1152672876
368,3271,4,1152590280
368,3275,3.5,1152590212
368,3298,3,1155005109
368,3300,2.5,1153066099
368,3325,2,1151968367
368,3408,3,1152668267
368,3409,3,1153066085
368,3450,3,1153066082
368,3481,3,1152589331
368,3489,2,1155006065
368,3499,4,1152590300
368,3536,2.5,1152589423
368,3556,3,1152672603
368,3565,3,1152672868
368,3578,3.5,1151897616
368,3579,2,1151967774
368,3616,2,1152589790
368,3623,2,1152668258
368,3707,2,1153067738
368,3712,2,1153066447
368,3751,3,1151897990
368,3753,3,1152673554
368,3785,1,1152589190
368,3793,3.5,1151897141
368,3809,3.5,1153066050
368,3863,2.5,1152672593
368,3893,2,1152589465
368,3897,3,1153094883
368,3911,2.5,1153065937
368,3916,3,1152667403
368,3948,3.5,1152589016
368,3949,4.5,1153068111
368,3953,1.5,1151968336
368,3955,2,1153066826
368,3968,2.5,1153066041
368,3977,1,1152668293
368,3979,1,1153067229
368,3987,3,1152589669
368,3988,3,1152671182
368,3994,3,1155005165
368,3996,2.5,1151897100
368,4011,3,1152590293
368,4016,3,1152671039
368,4018,3,1152589601
368,4019,3,1153094907
368,4022,3.5,1152668341
368,4023,2.5,1152589592
368,4027,3,1152668281
368,4034,4,1151897993
368,4041,2.5,1153067222
368,4054,2.5,1152589515
368,4067,2.5,1153067697
368,4069,1.5,1152589661
368,4148,3,1152672585
368,4155,3,1152589717
368,4226,4.5,1151897917
368,4239,3.5,1153094989
368,4246,3.5,1152589415
368,4247,1,1153066434
368,4262,3.5,1155005392
368,4305,2.5,1152589746
368,4306,4,1151897115
368,4308,4,1152589323
368,4310,2.5,1152589625
368,4321,3,1153066033
368,4340,2,1151968482
368,4447,2.5,1155006322
368,4448,3,1152672559
368,4571,2.5,1152672553
368,4616,3.5,1152590156
368,4619,3,1151967662
368,4638,2.5,1153066019
368,4639,2.5,1152589648
368,4641,3,1155004816
368,4699,3,1152589739
368,4718,2.5,1153066017
368,4720,2.5,1152589916
368,4732,3,1151967722
368,4734,2.5,1155006324
368,4746,3,1151968106
368,4757,2,1153066418
368,4776,4,1152590207
368,4814,3,1152672834
368,4816,2,1155006342
368,4823,1.5,1153066406
368,4878,4,1153066792
368,4880,3.5,1155004970
368,4881,2,1154480372
368,4886,4,1151897971
368,4890,2,1152589614
368,4901,3,1153066013
368,4963,4,1152590144
368,4973,4,1152589356
368,4975,3.5,1152589436
368,4979,2,1152672446
368,4993,3.5,1151897109
368,4994,3,1152589463
368,4995,4,1152589270
368,5015,4,1152589449
368,5103,3,1153094984
368,5128,0.5,1152671302
368,5171,1.5,1152671280
368,5218,3.5,1153094949
368,5222,2.5,1153067624
368,5225,2.5,1152589385
368,5254,2.5,1155004836
368,5265,2,1153066395
368,5266,3,1153067175
368,5283,2.5,1152672822
368,5294,3.5,1152590138
368,5299,3,1152589019
368,5308,2.5,1153066392
368,5309,3.5,1151968423
368,5312,3,1152672817
368,5324,2.5,1152589699
368,5349,2.5,1152668367
368,5378,2,1152589589
368,5388,2.5,1155006057
368,5391,3,1152673057
368,5414,2.5,1153066777
368,5418,3,1152673054
368,5444,3,1153067161
368,5445,4,1151897968
368,5446,1.5,1152672812
368,5449,1,1152589677
368,5463,3,1152671253
368,5464,4,1152667420
368,5502,3,1152672550
368,5505,3,1153067614
368,5528,3,1155006059
368,5577,2.5,1155005287
368,5582,2,1151967909
368,5617,2.5,1152589363
368,5620,3,1152589634
368,5625,3.5,1152589340
368,5630,3,1152590159
368,5668,3.5,1153095012
368,5669,2.5,1152670943
368,5673,2.5,1152589108
368,5679,3.5,1152589947
368,5685,2,1152673044
368,5791,2.5,1152589368
368,5902,2.5,1152672542
368,5943,2,1152589817
368,5945,3,1152589110
368,5952,4.5,1151897781
368,5955,3,1152667424
368,5956,3,1153095268
368,5957,2.5,1152589508
368,5969,2.5,1151968099
368,5970,3,1153066374
368,5989,3.5,1152590172
368,5991,3,1152672540
368,5995,3.5,1155005476
368,6003,2.5,1153066359
368,6006,2,1152589744
368,6016,3.5,1152667369
368,6058,2.5,1153066746
368,6155,2,1152589643
368,6187,4,1152672799
368,6188,3.5,1153067140
368,6287,2.5,1153067595
368,6323,3,1152590127
368,6331,2.5,1155006219
368,6333,3.5,1152671008
368,6367,1.5,1152589478
368,6373,2,1152672535
368,6377,4.5,1152590238
368,6380,3,1155005831
368,6385,2.5,1153067132
368,6481,3,1153067584
368,6484,2,1153066737
368,6534,2,1155004854
368,6537,1.5,1152672533
368,6539,3.5,1152590234
368,6541,2,1155004851
368,6558,1,1151967849
368,6564,2,1152589684
368,6565,3,1152667487
368,6586,2.5,1155006016
368,6596,2,1152589825
368,6619,2.5,1153067124
368,6708,3.5,1152590198
368,6711,4.5,1152589371
368,6753,2.5,1152667416
368,6765,2,1152589599
368,6832,3,1153066728
368,6863,2,1153066009
368,6867,2.5,1155005601
368,6870,4.5,1152672530
368,6873,3,1154480393
368,6874,4,1153068017
368,6879,3,1155004986
368,6881,3,1153067571
368,6885,2,1152589757
368,6886,3.5,1151967476
368,6927,2,1152589674
368,6942,3,1152590141
368,6944,3,1152589091
368,6953,4,1152672527
368,7004,3,1152589144
368,7101,2.5,1152673023
368,7139,3,1152589284
368,7143,3,1152590147
368,7147,4,1152590249
368,7149,3,1152589085
368,7153,4,1152668275
368,7154,3,1152589631
368,7158,3,1153066302
368,7162,3,1152589326
368,7173,2.5,1152589641
368,7254,4,1152589934
368,7255,1.5,1152589161
368,7285,3.5,1152672782
368,7293,3,1152589088
368,7318,0.5,1152668073
368,7324,2.5,1153066710
368,7361,5,1152589043
368,7362,3,1153066707
368,7366,1.5,1152589472
368,7381,2,1151967795
368,7438,4,1153068094
368,7445,4,1152667018
368,7448,1.5,1153067100
368,7454,1.5,1152671256
368,7460,2,1153067984
368,7701,2,1151968459
368,7781,3,1153067542
368,7846,1.5,1151967524
368,8132,3,1155005160
368,8340,3.5,1155006306
368,8360,3.5,1152589277
368,8366,2.5,1155005152
368,8373,2,1153067537
368,8376,1.5,1152589049
368,8464,3,1152670885
368,8528,3,1152672772
368,8529,3,1152589297
368,8622,3.5,1152670946
368,8636,2.5,1155004797
368,8641,3.5,1155006330
368,8644,2.5,1155006232
368,8645,3.5,1153066285
368,8665,3,1152590201
368,8784,4.5,1152590268
368,8798,3.5,1152667276
368,8870,1.5,1154288149
368,8907,2,1152668513
368,8917,1.5,1152672768
368,8947,2.5,1152673014
368,8957,3,1152672764
368,8958,4,1152589955
368,8961,3.5,1152673008
368,8969,2,1152589622
368,8970,3.5,1152589921
368,8981,3.5,1152590278
368,8984,2.5,1154290477
368,8985,2,1153066692
368,25923,2.5,1152588911
368,27821,2.5,1153066682
368,30707,4,1155005396
368,30749,3.5,1155005437
368,30793,2,1152667493
368,30810,1.5,1152671113
368,30812,3.5,1153095278
368,30822,3,1153066280
368,30825,3.5,1152673084
368,30898,3.5,1152589315
368,31162,2.5,1152588638
368,31427,3,1151967617
368,31685,2.5,1152589402
368,31696,1.5,1155004826
368,32587,4,1155004790
368,33145,2.5,1152589532
368,33166,3.5,1153094877
368,33493,3.5,1153095042
368,33660,3.5,1152589289
368,33679,2.5,1152589439
368,33794,3.5,1152590262
368,33836,1,1152589196
368,34162,3.5,1152589009
368,35836,3.5,1152588908
368,35957,2,1152672999
368,37720,2.5,1152588878
368,37727,2.5,1152588870
368,37729,2.5,1152588866
368,37733,2.5,1155004780
368,38038,3,1155005432
368,39183,4,1152588742
368,39234,3.5,1152588827
368,39394,2,1154828328
368,40278,3.5,1152588787
368,40339,2.5,1152588785
368,40614,3,1153065886
368,41285,3.5,1152588686
368,41569,4.5,1152588740
368,41571,3.5,1152588738
368,41573,3.5,1152588735
368,41997,2,1152588700
368,42011,2.5,1152588693
368,44022,2.5,1152588579
368,44199,4,1152588595
368,44864,2.5,1152588561
368,45447,3,1152588528
368,45722,2.5,1153092030
368,46530,3.5,1152588491
369,44,2,1273359801
369,413,4,1273359919
369,637,2,1273359888
369,902,3,1273359819
369,1556,0.5,1273359979
369,1882,3.5,1273359874
369,2193,4,1273359830
369,2420,3.5,1273359852
369,2641,1.5,1273359841
369,2746,3,1273359846
369,2881,2.5,1273359865
369,2949,1,1273359900
369,3107,2.5,1273359855
369,3510,2,1273359858
369,4002,3.5,1273359885
370,5,2,859484578
370,7,2,859484579
370,17,2,859484535
370,25,2,859484535
370,32,3,859484535
370,40,2,859485230
370,41,5,859484711
370,43,2,859485100
370,52,3,859484615
370,58,4,859484615
370,79,2,859484652
370,100,3,859484711
370,111,5,859486905
370,318,3,859486905
370,345,5,859486905
370,376,3,859484615
370,527,4,859486905
370,628,3,859484652
370,637,1,859484652
370,648,2,859484535
370,650,3,859485125
370,707,2,859484711
370,728,4,859485052
370,782,3,859485179
370,800,5,859486905
370,830,3,859485052
370,858,5,859484941
370,1193,5,859486904
370,1203,4,859486905
370,1207,5,859486905
370,1384,4,897254988
371,50,4.5,1463781070
371,293,4.5,1463693228
371,296,4.5,1463693230
371,318,5,1467241735
371,356,4.5,1463693188
371,593,5,1463693159
371,1089,4,1463693248
371,1097,1.5,1463693348
371,1653,5,1463693341
371,1682,4,1463693301
371,1721,2,1463693320
371,2028,5,1463693169
371,2571,5,1463693164
371,2959,5,1463781080
371,3578,4,1463693234
371,4011,4.5,1463693255
371,4226,4.5,1463781096
371,5995,5,1463693166
371,6870,4,1463693243
371,8783,4.5,1463693389
371,8914,5,1463781116
371,34405,4.5,1463693335
371,48774,4,1463693322
371,48780,4,1463781130
371,51662,3,1463693314
371,56782,4.5,1463693344
371,57669,4,1463693331
371,58559,4.5,1463781206
371,61323,3.5,1463693369
371,68237,5,1463781118
371,69481,5,1463693350
371,74458,4.5,1463693252
371,79132,5,1463693167
371,81591,3.5,1463693310
371,91529,4,1463693252
371,93840,4.5,1463693365
371,94864,5,1463693337
371,99114,4.5,1463693237
371,104841,3.5,1463693307
371,109487,4.5,1463781078
371,114935,4.5,1463693376
371,115713,5,1463781204
371,134130,4.5,1463781202
372,10,3,840793184
372,150,4,840792993
372,153,3,840793043
372,161,4,840793139
372,253,3,840793184
372,288,4,840793234
372,296,5,840792994
372,316,2,840793089
372,318,5,840793139
372,344,1,840793043
372,349,4,840793043
372,356,5,840793234
372,380,4,840792995
372,454,4,840793234
372,457,4,840793089
372,480,4,840793234
372,592,4,840792993
372,593,5,840793089
373,21,4,951082925
373,527,4,951082844
373,908,4,951082894
373,1193,5,951082925
373,2739,3,951082894
374,362,2,1245824943
374,524,0.5,1245821197
374,1663,4.5,1245824918
374,1947,0.5,1245824902
374,1962,4.5,1245824910
374,2078,3,1245824912
374,2288,2.5,1245824937
374,2393,0.5,1245824903
374,2723,1,1245824905
374,2724,3.5,1245824908
374,2871,5,1245824913
374,2915,5,1245824916
374,3107,4.5,1245824939
374,4361,4.5,1245824941
374,48516,4.5,1245824921
375,199,4,1317404250
375,306,4.5,1317403797
375,680,4.5,1317404399
375,915,3,1317403861
375,916,3,1317403838
375,1032,3,1317403779
375,1211,4.5,1317404007
375,1251,4.5,1317404096
375,1279,4,1317404165
375,1348,3.5,1317403992
375,1996,1.5,1317404376
375,2644,4,1317404185
375,2950,0.5,1317403984
375,3545,3.5,1317404087
375,5528,2.5,1317403924
376,6,4.5,1251473329
376,9,3.5,1238425386
376,32,5,1238426758
376,44,3.5,1238425120
376,47,5,1238426733
376,50,4,1240525554
376,253,4.5,1249587561
376,288,4,1249671302
376,293,4,1240943462
376,296,4.5,1239136311
376,318,3.5,1240525561
376,356,4,1241303642
376,431,4.5,1251473446
376,593,4,1238426737
376,720,5,1238425214
376,852,2,1238425036
376,858,5,1239136322
376,1047,4,1238425161
376,1061,4.5,1245161788
376,1193,4,1238426750
376,1206,4,1241303598
376,1213,4,1240525589
376,1219,4.5,1238426753
376,1221,4,1240943373
376,1298,5,1238425307
376,1466,4.5,1251473325
376,1645,4.5,1250454993
376,1690,4,1238425129
376,1732,4.5,1248377807
376,1805,4.5,1238425242
376,2058,4,1238425187
376,2329,5,1238426431
376,2407,2.5,1238425135
376,2427,3.5,1238425202
376,2571,5,1240943556
376,2762,4,1238426746
376,2843,4,1240943027
376,2858,4,1240327599
376,2908,3,1238425237
376,2959,5,1238426520
376,3157,3.5,1238425374
376,3176,4.5,1249671365
376,3252,5,1251473448
376,3275,4,1239136954
376,3535,5,1240943224
376,3755,3,1238425172
376,3949,4.5,1238426735
376,4011,4,1239122951
376,4027,3.5,1239122971
376,4226,3.5,1238426743
376,4262,4.5,1251473327
376,4776,4.5,1243351654
376,4878,4.5,1238426740
376,4963,4,1249587546
376,4973,4,1238426428
376,4993,3.5,1239136791
376,4995,4.5,1241303633
376,5014,3,1245877868
376,5388,4.5,1251474700
376,5608,4.5,1240327709
376,5890,4,1240943041
376,5903,5,1240050733
376,5945,2.5,1238425363
376,5952,4,1239136874
376,5954,4.5,1239136838
376,5995,4,1240943607
376,6016,4.5,1239046696
376,6197,4.5,1245097403
376,6300,4.5,1240943033
376,6323,4,1246283969
376,6329,5,1249587436
376,6377,5,1239122979
376,6620,4.5,1245084918
376,6870,4,1239136922
376,6874,4.5,1239136908
376,7153,4,1239136805
376,7254,4.5,1241303670
376,7361,4.5,1239136318
376,7438,4.5,1239136932
376,8784,4,1239136906
376,8950,4.5,1240050691
376,8957,4.5,1249671352
376,8961,4,1239122966
376,8981,4.5,1248200173
376,27660,4.5,1250454977
376,27904,4.5,1250454971
376,30749,4.5,1240943457
376,30793,3.5,1238425333
376,31410,5,1240943449
376,31878,4.5,1244656772
376,32587,5,1239136811
376,33794,4,1240050697
376,38061,3.5,1239122947
376,38159,4,1243351239
376,40412,4.5,1240050717
376,42718,4.5,1244656777
376,43921,4,1241891016
376,44191,4.5,1239136984
376,44195,4,1239122957
376,44199,5,1239136846
376,44665,4.5,1239136892
376,44761,4.5,1243351489
376,46578,3.5,1239136765
376,46976,4,1239136899
376,47491,4.5,1240943022
376,48394,4,1240943610
376,48516,4.5,1239136725
376,48774,4,1239136772
376,48780,4.5,1240943605
376,48997,4.5,1243351677
376,49272,5,1239136973
376,49278,4.5,1248378169
376,49530,4.5,1239136946
376,50872,4.5,1239122963
376,51255,4,1239122961
376,51662,4.5,1243878130
376,52606,4,1238426031
376,52952,4,1248377379
376,53000,4,1242397291
376,53161,3.5,1240943038
376,53468,3.5,1239123182
376,53972,3.5,1243878140
376,54272,4.5,1239123172
376,54286,4.5,1239136902
376,54997,4,1239136928
376,55118,3.5,1239136777
376,55363,4.5,1239137062
376,55721,4.5,1243351320
376,55765,4.5,1240327661
376,55820,4.5,1239136730
376,55908,4.5,1244655762
376,56145,2,1242397089
376,56156,3.5,1242397188
376,56174,4.5,1242397285
376,56339,4.5,1243085831
376,56782,4,1248377652
376,57274,4.5,1240050700
376,57368,4.5,1242397286
376,57669,4,1239136748
376,58295,4.5,1242397104
376,58559,5,1238425850
376,58627,4,1248022158
376,59315,4.5,1239136784
376,59369,4,1243878100
376,59784,3,1239123026
376,60040,4.5,1248378218
376,60069,4,1239136316
376,60684,4.5,1249736621
376,60753,4.5,1245162009
376,61236,4,1247301376
376,61240,3.5,1249653599
376,61323,3.5,1239123020
376,61350,4,1242397325
376,62081,4.5,1242397174
376,62374,4,1248378176
376,62849,4.5,1248378123
376,63062,4.5,1243351429
376,63113,4,1248200076
376,63826,4,1242397079
376,63859,4,1248378138
376,64499,4,1248377813
376,64622,4.5,1247301402
376,64957,4,1247301357
376,65514,4.5,1244656692
376,65682,4.5,1247301277
376,65882,3.5,1247301334
376,66090,4.5,1242397181
376,66200,4.5,1249736644
376,66323,4.5,1241647457
376,66385,4.5,1246872692
376,67847,3,1240327284
376,67997,4,1248725746
376,68073,4.5,1252330860
376,68791,5,1248133382
376,69122,4,1248199567
376,69275,3.5,1248378129
376,69324,4,1248376387
376,69481,4,1250854609
376,69529,4.5,1249736650
377,19,3,839510279
377,34,3,839510261
377,39,3,839510294
377,110,4,839510245
377,150,4,839510132
377,153,3,839510160
377,161,4,839510205
377,165,5,839510160
377,185,4,839510226
377,208,2,839510226
377,231,3,839510181
377,253,3,839510226
377,292,4,839510205
377,296,4,839510132
377,316,4,839510181
377,317,3,839510294
377,318,4,839510205
377,329,3,839510181
377,339,3,839510226
377,344,3,839510160
377,349,3,839510160
377,356,4,839510245
377,364,4,839510261
377,367,3,839510279
377,377,4,839510279
377,380,5,839510132
377,432,3,839510341
377,434,3,839510205
377,435,3,839510308
377,454,3,839510261
377,457,4,839510205
377,480,4,839510245
377,500,3,839510308
377,527,4,839510341
377,586,4,839510341
377,587,3,839510341
377,588,3,839510160
377,589,4,839510279
377,590,3,839510132
377,592,3,839510132
377,593,4,839510181
377,597,4,839510340
378,196,3,1308920525
378,370,2,1308920507
378,520,2.5,1308920470
378,552,3.5,1308920519
378,953,5,1308920544
378,1204,4,1308920569
378,1233,3.5,1308920530
378,1242,4,1308920572
378,1252,4,1308920496
378,1278,4,1308920478
378,1282,3,1308920559
378,1302,3.5,1308920563
378,1358,3,1308920547
378,2100,3,1308920566
378,2302,3,1308920484
378,2353,2.5,1308920499
378,2699,1,1308920488
379,110,5,973447005
379,356,5,973447035
379,832,3,973447005
379,2478,2,973447035
379,2550,1,973447005
379,2571,4,973447035
380,316,5,1466304392
380,527,4,1466300693
380,593,5,1461993182
380,910,4.5,1466303490
380,950,4.5,1466302956
380,1206,3.5,1461993264
380,1225,4,1466303527
380,1584,5,1466304333
380,1648,5,1466304282
380,2502,4,1461993108
380,2692,4.5,1461993215
380,2762,3,1466302790
380,3053,4.5,1466304298
380,3949,4,1461993247
380,3967,4.5,1461993377
380,4308,4,1461993314
380,4427,4,1466303027
380,4878,5,1461993096
380,4896,4,1461993254
380,4973,4.5,1466300721
380,4979,3.5,1462157659
380,4993,4.5,1461993168
380,5021,5,1466304272
380,5618,5,1466300435
380,5890,5,1466302773
380,5952,4,1461993190
380,6377,4.5,1466302902
380,6874,5,1461993219
380,7153,4.5,1461993164
380,8622,4.5,1461993382
380,8874,4,1461993234
380,8961,4.5,1466303023
380,27611,4.5,1461993361
380,31658,5,1466300520
380,33779,5,1466300729
380,40815,4,1461993260
380,42197,4.5,1462157568
380,44195,4.5,1461993303
380,45499,4,1466300626
380,47629,5,1462157539
380,48394,5,1461993210
380,53827,4,1462157552
380,53894,5,1466303542
380,53956,5,1466304763
380,61240,5,1466302655
380,65261,4.5,1466300524
380,66097,5,1466303794
380,68954,5,1461993196
380,69784,3.5,1461993423
380,79132,3.5,1461993156
380,81834,4,1461993231
380,81845,3.5,1466303846
380,86190,4,1461993396
380,90376,4,1462157560
380,93840,4.5,1461993321
380,94864,3.5,1461993292
380,105429,5,1466302887
380,109374,5,1466302687
380,109848,5,1466304376
380,112556,4,1462157585
380,114180,1,1461993310
380,116855,5,1466302564
380,122886,4,1461993119
380,122904,5,1461993114
380,127152,4,1466302836
380,140267,3.5,1466304357
380,140359,5,1466302671
380,167544,3,1499814134
381,60,4,1373244326
381,2421,4,1373244359
381,2672,4,1373244552
382,17,5,1013446040
382,21,4,1017096031
382,34,4,1013445779
382,39,4,1017095675
382,45,4,1017095578
382,50,5,1017096303
382,82,4,1013384699
382,110,3,1017096148
382,125,5,1017095578
382,150,4,1013445960
382,176,4,1017095507
382,232,4,1017095578
382,235,4,1017094415
382,260,5,1017096186
382,296,5,1017096303
382,345,4,1017096047
382,377,3,1013384107
382,539,3,1013445835
382,590,3,1017096216
382,608,5,1017096303
382,682,4,1013384217
382,750,5,1017096451
382,804,4,1013384017
382,858,5,1013384168
382,903,5,1017096426
382,906,4,1013446143
382,909,5,1017094433
382,910,5,1017094365
382,912,5,1013383943
382,915,2,1017095997
382,919,4,1017096199
382,921,3,1013445805
382,924,5,1017096475
382,945,5,1013384168
382,994,5,1013445960
382,1010,4,1013445901
382,1066,4,1017094381
382,1073,3,1017095997
382,1077,5,1017095507
382,1079,3,1017095595
382,1089,4,1017096320
382,1097,4,1017096274
382,1136,4,1017094365
382,1172,3,1017094627
382,1175,4,1017095630
382,1178,5,1017096412
382,1190,4,1013446021
382,1193,5,1013384123
382,1196,5,1017096093
382,1197,4,1017095507
382,1198,4,1017096186
382,1204,4,1017096186
382,1207,4,1017096451
382,1210,3,1017096216
382,1211,4,1017094396
382,1219,5,1017096475
382,1221,5,1017096077
382,1222,4,1017096148
382,1230,5,1013384017
382,1234,5,1017094627
382,1235,3,1017094381
382,1242,4,1013384205
382,1247,5,1017096475
382,1248,5,1017096320
382,1254,4,1017096199
382,1256,5,1017094381
382,1259,3,1017096031
382,1262,4,1017096186
382,1270,3,1017096015
382,1273,5,1013384651
382,1274,3,1017096230
382,1276,4,1017094396
382,1278,5,1017095614
382,1283,5,1017096426
382,1285,4,1013384558
382,1287,3,1013384666
382,1288,5,1017095527
382,1292,4,1017094415
382,1297,3,1017095595
382,1298,4,1013445960
382,1304,3,1017094433
382,1307,4,1017094627
382,1365,4,1013445864
382,1374,3,1017096216
382,1387,4,1017096093
382,1394,5,1017095527
382,1395,4,1013446143
382,1464,3,1013446040
382,1537,4,1017094344
382,1610,3,1013445835
382,1617,4,1017096320
382,1641,4,1017095997
382,1643,5,1013445739
382,1734,4,1017095595
382,1885,4,1017095675
382,1929,3,1013445874
382,1945,5,1017096303
382,1947,4,1013384678
382,1954,3,1017096148
382,1956,3,1013445779
382,1965,5,1017095527
382,2019,5,1013445687
382,2028,4,1017096093
382,2064,4,1017095539
382,2105,3,1013384205
382,2108,3,1017096016
382,2110,3,1013384573
382,2248,4,1017095648
382,2278,5,1013384168
382,2285,4,1013445846
382,2289,4,1017094365
382,2349,4,1017095675
382,2395,5,1017096047
382,2396,5,1017094344
382,2469,3,1013384123
382,2599,5,1013384573
382,2683,4,1013446115
382,2692,5,1017096320
382,2723,4,1013445763
382,2750,3,1017095997
382,2770,4,1013384573
382,2788,5,1017095578
382,2858,4,1017094172
382,2872,3,1017096148
382,2917,5,1013446115
382,2929,4,1013446040
382,2935,5,1013445700
382,2936,5,1017094434
382,2937,5,1017094365
382,2968,4,1017096249
382,2987,3,1017096216
382,3000,3,1017096249
382,3019,4,1013384107
382,3036,4,1013384600
382,3037,3,1017094415
382,3060,4,1017096016
382,3067,4,1017094627
382,3104,4,1017096230
382,3108,3,1017096031
382,3252,3,1013445835
382,3263,4,1013384168
382,3347,3,1013384123
382,3361,5,1017095595
382,3421,4,1017095614
382,3424,4,1017094627
382,3481,5,1017095614
382,3507,4,1013446115
382,3521,3,1017095539
382,3527,4,1013384666
382,3552,3,1017095997
382,3635,4,1013445944
382,3671,3,1017095630
382,3681,4,1013446055
382,3685,4,1017095675
382,3702,3,1013383982
382,3703,4,1017096148
382,3708,2,1013384558
382,3793,4,1013445711
382,3812,3,1013384107
382,3814,5,1013445931
382,3819,5,1017094381
382,3897,4,1017095997
382,3911,5,1017095675
382,3925,5,1017096016
382,3947,4,1013384188
382,3983,5,1017095507
382,3996,5,1017096186
382,4003,3,1017096016
382,4027,5,1017095540
382,4105,2,1017095675
382,4280,3,1017096016
382,4298,5,1017096303
382,4361,3,1017094365
382,4407,3,1013384188
382,4427,4,1017096486
382,4444,4,1013445724
382,4467,4,1017096249
382,4499,4,1017095675
382,4789,3,1013445739
382,4809,3,1013384168
382,4956,3,1017094434
382,4973,5,1017094415
382,4993,5,1017096186
382,5247,3,1017096077
383,431,4,1262557190
383,1093,4.5,1262557209
384,6,3,959634559
384,25,3,963100675
384,32,4,963100569
384,34,3,963100073
384,50,5,959634431
384,73,3,963100073
384,111,3,959634167
384,121,4,963099884
384,150,5,963100109
384,154,3,963100022
384,160,2,963099677
384,213,5,963100303
384,215,3,963100593
384,235,3,963100353
384,247,4,963100109
384,265,3,963100330
384,272,5,963100593
384,290,5,963099929
384,293,3,959634371
384,296,4,959634371
384,302,4,963100652
384,307,4,963099884
384,308,3,963099999
384,334,4,963100261
384,337,4,963100675
384,350,3,963099637
384,373,4,959634204
384,412,4,963100593
384,425,4,963100377
384,446,5,963100261
384,448,4,963100073
384,509,4,963100675
384,527,4,963099829
384,529,4,963100222
384,532,4,959634641
384,535,5,963100261
384,555,3,959634641
384,592,3,959634587
384,593,3,963099963
384,608,5,959634371
384,648,2,963099584
384,707,3,959634641
384,778,3,963100652
384,800,5,963099516
384,824,4,963099785
384,858,5,959634327
384,903,4,963099418
384,904,4,963099418
384,906,4,963099460
384,909,4,963099884
384,911,3,963099545
384,912,5,963099853
384,913,4,963099418
384,919,5,963099963
384,920,4,963100261
384,923,5,963099785
384,924,4,963099460
384,926,4,963099829
384,942,4,959634431
384,949,4,963100261
384,950,4,963099418
384,954,4,963100046
384,971,4,963100286
384,994,4,963100408
384,1041,4,963099929
384,1061,3,959634641
384,1082,4,963100546
384,1084,4,959634327
384,1086,3,963099460
384,1089,4,959634431
384,1092,3,963099637
384,1094,4,963100456
384,1096,4,963100675
384,1097,4,963100546
384,1103,4,963100109
384,1131,4,963100353
384,1132,5,963100166
384,1150,4,963100195
384,1178,5,963099785
384,1179,4,959634501
384,1183,4,959634204
384,1186,3,963100569
384,1193,5,959634204
384,1196,4,963099999
384,1203,3,963100222
384,1208,5,963100509
384,1211,3,963100022
384,1212,4,963099418
384,1213,5,959634371
384,1217,5,963100195
384,1221,5,959634327
384,1225,5,963099806
384,1227,4,959634461
384,1228,4,963100166
384,1231,4,963099999
384,1233,5,963099853
384,1234,4,959634371
384,1242,4,963100144
384,1244,4,963099963
384,1245,5,963100492
384,1247,5,963100046
384,1248,4,959634371
384,1251,5,963100330
384,1252,4,963099418
384,1259,4,963100456
384,1264,4,963099516
384,1272,4,963100144
384,1276,4,963099929
384,1280,5,963100222
384,1284,4,963099418
384,1293,3,963100195
384,1296,4,963100456
384,1299,5,963099999
384,1358,4,963100222
384,1377,2,959634672
384,1393,4,963100593
384,1401,4,963100633
384,1419,4,963100109
384,1459,2,963099584
384,1466,4,959634559
384,1500,3,959634559
384,1589,3,959634704
384,1590,2,963099677
384,1594,2,963100474
384,1597,4,963099608
384,1617,4,959634371
384,1625,2,963099516
384,1644,2,963099584
384,1645,2,963099584
384,1673,4,963100456
384,1674,3,963100526
384,1678,4,963100144
384,1686,3,959634704
384,1689,3,963099637
384,1694,5,963099884
384,1699,4,963099763
384,1704,4,963100408
384,1711,2,963099608
384,1719,5,963100286
384,1732,4,959634587
384,1754,4,963099637
384,1805,4,959634672
384,1834,4,963100613
384,1892,2,963099584
384,1909,4,963099584
384,1912,4,959634526
384,1913,4,963099460
384,1935,4,963100569
384,1938,4,963100408
384,1939,5,963100330
384,1944,4,963100166
384,1945,4,959634371
384,1946,4,963100144
384,1949,5,963100195
384,1950,4,963099418
384,1953,4,959634371
384,1954,1,963100428
384,1955,4,963100613
384,1960,5,963100222
384,1964,3,963099460
384,2000,3,959634613
384,2019,5,963099763
384,2020,5,963100261
384,2023,4,959634641
384,2024,3,963099545
384,2067,4,963099963
384,2068,4,963100474
384,2075,4,963099884
384,2076,3,963099460
384,2110,4,959634672
384,2112,4,959634587
384,2130,3,963100222
384,2132,5,963099963
384,2184,3,963099545
384,2194,4,959634526
384,2206,4,963099516
384,2208,4,963099460
384,2231,3,959634672
384,2243,4,963100633
384,2268,3,959634526
384,2278,4,959634559
384,2289,5,963099853
384,2291,4,963100613
384,2303,5,963099853
384,2313,3,963100633
384,2336,4,963100377
384,2338,2,959634204
384,2348,4,963100195
384,2391,1,959634461
384,2398,3,963100330
384,2413,2,963099653
384,2467,4,963099516
384,2501,4,963100046
384,2583,4,963099545
384,2612,5,963100144
384,2683,1,959634167
384,2728,4,963100046
384,2730,3,963100303
384,2749,3,963099608
384,2764,3,959634613
384,2810,2,963099677
384,2866,4,963100546
384,2875,3,963099637
384,2912,4,959634526
384,2917,4,959634461
384,2919,4,963100330
384,2932,5,963100109
384,2945,3,963099677
384,2959,4,963100509
384,2985,4,959634559
384,3006,3,963100109
384,3019,4,963100261
384,3035,5,963099999
384,3037,4,963100330
384,3038,4,963099763
384,3044,3,963099545
384,3060,4,963100652
384,3062,4,963100408
384,3069,3,963099806
384,3091,5,963099829
384,3095,5,963099806
384,3098,3,963100428
384,3104,3,959634559
384,3105,3,963100492
384,3110,3,963100456
384,3111,3,963100353
384,3134,4,963099853
384,3152,4,963100144
384,3160,4,963100613
384,3168,3,963100456
384,3169,4,963100073
384,3176,3,963099545
384,3196,4,963100046
384,3201,4,963100261
384,3251,4,963099584
384,3262,2,963099584
384,3334,4,959634371
384,3350,4,963100330
384,3360,4,963100144
384,3362,4,959634431
384,3363,4,963100286
384,3370,3,963100353
384,3371,4,963099999
384,3379,4,963099963
384,3386,3,963099516
384,3424,4,963100261
384,3435,5,959634327
384,3445,4,963099584
384,3461,3,963100675
384,3467,4,963100109
384,3468,4,963099929
384,3471,4,963100526
384,3475,3,963100222
384,3476,3,963099516
384,3504,5,963100144
384,3526,3,963100593
384,3529,3,959634704
384,3543,4,963100195
384,3683,5,963100195
384,3685,4,963100593
384,3699,3,963096581
384,3701,3,959634461
384,3702,4,963096488
384,3703,4,963096488
384,3704,4,963096488
384,3705,2,963096400
384,3706,4,963096373
384,3707,3,963096526
384,3708,2,963096449
384,3729,2,963096581
384,3730,5,963096425
384,3731,3,963096425
384,3733,4,963096559
384,3734,3,963096559
384,3735,4,963096581
384,3740,3,963096400
384,3741,4,963096373
384,3742,4,963096373
384,3753,2,963096559
384,3755,3,963096559
384,3763,4,963096449
384,3788,4,963096400
384,3789,4,963096559
384,3791,2,963096449
385,1101,3,977931913
385,1193,4,977931859
385,1330,4,977931859
385,1381,2,977931889
385,1617,5,977931826
385,2692,5,977932107
386,76,2,1042723214
386,356,5,1042723284
386,527,4,1042723224
386,784,3,1042723242
386,968,2,1042723676
386,1127,4,1042723539
386,1372,5,1042723262
386,1405,4,1042723284
386,1721,4,1042723199
386,2428,3,1042723622
386,2485,4,1042723720
386,2490,2,1042723685
386,2541,5,1042723594
386,2600,4,1042723754
386,2641,3,1042723262
386,2683,3,1042723557
386,2692,2,1042723708
386,2699,3,1042723557
386,2701,3,1042723754
386,2706,4,1042723557
386,2712,3,1042723622
386,2793,2,1042723262
386,2827,3,1042723557
386,2858,5,1042723539
386,2959,3,1042723622
386,2987,1,1042723754
386,3113,3,1042723609
386,3156,4,1042723271
386,3273,2,1042723708
386,3285,3,1042723568
386,3300,3,1042723358
386,3354,4,1042723405
386,3408,5,1042723609
386,3481,3,1042724366
386,3578,4,1042723633
386,3593,5,1042723428
386,3617,4,1042723708
386,3623,3,1042723665
386,3717,4,1042723633
386,3745,3,1042723358
386,3793,4,1042723341
386,3826,3,1042723405
386,3827,2,1042723387
386,3863,3,1042723586
386,3981,4,1042723405
386,3986,4,1042723358
386,3994,4,1042723341
386,4027,3,1042724388
386,4052,5,1042723557
386,4343,2,1042723358
386,4370,3,1042723341
386,4638,3,1042723950
386,4639,3,1042723539
386,4643,4,1042723387
386,4874,4,1042723358
386,4887,3,1042723405
386,4963,3,1042724388
386,4979,2,1042724366
386,5046,3,1042723405
386,5065,4,1042723358
386,5171,3,1042723387
386,5219,4,1042723387
386,5299,4,1042724399
386,5323,2,1042723405
386,5349,5,1042723341
386,5445,5,1042723341
386,5463,4,1042723341
386,5502,3,1042723358
386,5785,4,1042724377
386,5881,3,1049016177
386,5944,4,1049016177
387,16,0.5,1137441338
387,318,3.5,1137441383
387,356,4.5,1137441492
387,480,3.5,1137441516
387,541,4.5,1137441586
387,594,0.5,1137441317
387,750,4,1137441305
387,780,3,1137441477
387,902,4,1137441602
387,1080,4,1137441345
387,1101,1,1137441320
387,1208,3.5,1137441300
387,1219,4.5,1137441349
387,1220,4,1137441302
387,1225,4.5,1137441294
387,1247,4.5,1137441591
387,1265,4,1137441599
387,1393,4,1137441610
387,1580,1.5,1137441550
387,1608,2.5,1137441554
387,1673,4,1137441543
387,1997,3.5,1137441537
387,2174,2.5,1137441330
387,2502,2,1137441534
387,2628,2,1137441556
387,2699,1,1137441562
387,2706,3,1137441297
387,2710,0.5,1137441336
387,2797,2.5,1137441332
387,3114,1,1137441322
387,3253,4,1137441508
387,3421,4.5,1137441519
387,3481,4,1137441510
387,3753,3.5,1137441460
387,3897,4.5,1137441474
387,4896,0.5,1137441503
387,5378,1.5,1137441469
387,5952,4.5,1137441342
387,6377,1,1137441480
388,47,4,1439421384
388,50,4.5,1439420967
388,253,4.5,1447711011
388,296,5,1439421045
388,302,4.5,1439518556
388,318,4,1439420964
388,356,4.5,1439421413
388,508,4,1448047335
388,541,5,1439421302
388,551,4.5,1448047314
388,608,3.5,1439680205
388,778,4,1464049853
388,858,4.5,1439420974
388,924,4.5,1439421111
388,1089,5,1439421338
388,1197,4.5,1439421063
388,1198,4.5,1439421043
388,1201,4,1439421056
388,1206,5,1447727977
388,1208,4.5,1439421096
388,1213,4,1439420982
388,1220,4.5,1448047318
388,1221,4.5,1439420980
388,1246,4,1448047300
388,1258,5,1447728464
388,1270,4,1439421119
388,1291,5,1448047162
388,1307,4,1448047277
388,1527,4.5,1448047177
388,1653,5,1448046694
388,1682,4.5,1448047201
388,1729,4,1448046758
388,1909,5,1448046742
388,1917,4,1448046679
388,2011,4,1448047320
388,2115,4.5,1448047289
388,2174,4.5,1448047307
388,2302,4,1448047421
388,2321,4.5,1448046730
388,2336,4.5,1450409135
388,2571,4.5,1448047112
388,2657,4.5,1448047462
388,2918,3,1439421103
388,2959,5,1439421040
388,3000,4.5,1439421108
388,3156,4.5,1448046958
388,3176,4.5,1449454189
388,3535,4,1439421832
388,3556,4.5,1448046845
388,3578,4.5,1448047151
388,3793,3.5,1439421702
388,3825,2.5,1439422054
388,3916,3.5,1439421876
388,3949,4.5,1439421675
388,3996,5,1439421712
388,4226,5,1439421283
388,4308,4,1448047537
388,4649,4,1439501137
388,4816,4,1439421885
388,4878,4.5,1439421727
388,4973,5,1439421274
388,4979,4.5,1466038815
388,5445,4,1439421711
388,5502,1.5,1439421805
388,5618,5,1439421268
388,5791,5,1439421578
388,5989,4.5,1464049951
388,5991,3.5,1439421851
388,5992,4.5,1439422069
388,6016,5,1439420987
388,6539,4,1439421707
388,6711,4.5,1439421739
388,6874,5,1439421446
388,6942,4,1451104569
388,7022,4.5,1439422012
388,7143,5,1448047588
388,7361,4.5,1447710971
388,7438,5,1439421452
388,7458,3.5,1447384534
388,8666,1.5,1439500634
388,8874,4,1439658771
388,8914,4.5,1439422192
388,8961,4.5,1464049988
388,8965,2,1439500582
388,27592,5,1447728498
388,27611,4,1439421146
388,27773,5,1439691846
388,31658,4.5,1446349268
388,33794,3.5,1439421720
388,40629,4.5,1446349221
388,40815,5,1448047619
388,40826,4,1439501113
388,41571,5,1439431075
388,41997,4,1464049925
388,42632,5,1439421437
388,44191,5,1439421180
388,45722,4.5,1439421811
388,45880,4.5,1439500863
388,46530,3.5,1439422095
388,46578,3.5,1439421776
388,46970,4,1439422240
388,48385,1,1439421873
388,48394,4.5,1439421132
388,48516,5,1447176063
388,48774,4.5,1446081952
388,49272,4.5,1447176076
388,51255,4,1448048209
388,51662,2.5,1439421786
388,52245,3.5,1439431104
388,52458,2.5,1439500693
388,54190,3.5,1439500555
388,54259,5,1439422030
388,55269,4,1439422151
388,55820,4,1439421801
388,58154,4.5,1439501160
388,58559,5,1439421271
388,59315,4,1439506288
388,60069,4,1439506286
388,60397,3.5,1439500753
388,60684,5,1439421950
388,62293,4.5,1439421563
388,64957,5,1439422007
388,65188,4.5,1439504202
388,66097,4,1439422119
388,66934,4,1439421396
388,68157,5,1439421467
388,68237,4,1447176098
388,68269,4,1447384604
388,68358,4.5,1446082051
388,69122,2.5,1439421867
388,69481,5,1439422058
388,69757,4.5,1439421917
388,69951,3.5,1439500818
388,70286,2.5,1439421227
388,70293,3.5,1439500644
388,71518,4,1439501198
388,71530,4,1439500689
388,72011,3.5,1439421016
388,72998,2.5,1439421793
388,76093,4.5,1439421960
388,76251,4.5,1439421976
388,78105,3,1439500853
388,79132,4,1439421060
388,79224,3.5,1439506528
388,79357,5,1439500786
388,79702,4.5,1439421011
388,80463,3.5,1439506307
388,80551,4,1439504359
388,80906,5,1439500760
388,81845,4.5,1439421928
388,82202,3,1439501207
388,82461,5,1439431098
388,84152,4.5,1439506336
388,86320,4,1439501032
388,86882,4.5,1439422208
388,87232,4,1439421007
388,87485,2,1439501157
388,88129,4.5,1439506331
388,89745,4.5,1439421939
388,89753,4.5,1439501046
388,90405,4,1439500770
388,91500,3.5,1439421005
388,91529,4.5,1439421155
388,92259,4,1439421311
388,92420,4.5,1439500942
388,93721,5,1439501408
388,93840,4.5,1439431087
388,94864,3.5,1439422236
388,96079,4,1439422113
388,96588,3.5,1439680228
388,96610,3.5,1439422127
388,96829,4,1451104537
388,96911,5,1439421503
388,97304,4,1439422166
388,97752,4.5,1439465622
388,97913,4.5,1439465612
388,97936,5,1439421571
388,97938,4,1439422258
388,98961,4,1439500736
388,99114,5,1439421472
388,99149,4.5,1439501165
388,102407,4,1439501151
388,103141,4,1447728586
388,103772,4,1439501129
388,103980,4,1439501269
388,104841,2.5,1439422146
388,106487,4.5,1439422223
388,106642,4.5,1439501422
388,106782,4.5,1439422183
388,106920,4,1464049946
388,107406,5,1439501144
388,109374,4.5,1439422155
388,109487,5,1439421021
388,110102,4.5,1439465637
388,111249,4.5,1439421492
388,111362,4.5,1439422263
388,111659,4.5,1439501216
388,111921,4,1439501367
388,112183,4.5,1439500599
388,112290,4,1439500622
388,112552,5,1439421020
388,112556,4.5,1446081907
388,112852,4.5,1439422111
388,114244,4,1465878707
388,115617,4.5,1439465638
388,115713,5,1446081902
388,116797,4.5,1439421024
388,116897,5,1446081935
388,117176,4.5,1464049978
388,119145,4.5,1439501140
388,122882,5,1447176203
388,122892,4.5,1439680241
388,122900,4.5,1447728599
388,122904,5,1464049819
388,122920,4.5,1464049906
388,127188,4.5,1440356753
388,134130,4.5,1465001232
388,134853,4,1465878906
388,135133,4.5,1448913497
388,138036,4.5,1464049928
388,140174,5,1465878775
388,141890,4.5,1465878779
388,154474,5,1465001184
389,21,5,941217583
389,50,4,946653978
389,85,3,1009305657
389,95,4,941218106
389,288,5,941218370
389,296,5,946653954
389,356,4,941219012
389,434,3,941218370
389,457,3,941217798
389,480,3,941218069
389,648,1,941218310
389,733,2,941217799
389,736,3,941218258
389,780,3,941218258
389,785,4,946345044
389,904,5,980030054
389,924,5,980030054
389,1036,4,980030054
389,1079,5,946385807
389,1230,5,968296839
389,1249,5,980030054
389,1267,5,980030054
389,1391,3,941218310
389,1438,2,941218637
389,1500,4,968297016
389,1527,2,941217839
389,1552,2,941218020
389,1556,1,941218858
389,1580,3,941217693
389,1617,5,980030054
389,1635,4,946654062
389,1772,3,941218478
389,1876,3,941217983
389,1917,3,941218185
389,1923,4,968297375
389,1948,4,968296950
389,2000,4,968297375
389,2006,2,941217927
389,2058,4,941217799
389,2174,5,968297375
389,2278,4,941217927
389,2302,5,941219013
389,2318,5,939577718
389,2321,4,968296839
389,2324,5,941218965
389,2353,3,941217927
389,2396,5,940804298
389,2442,4,945558400
389,2498,2,940804431
389,2501,4,940804349
389,2567,3,940804477
389,2577,3,940804431
389,2583,5,940804349
389,2599,3,946344994
389,2707,3,955593756
389,2712,3,939576480
389,2762,3,939576355
389,2763,3,939576592
389,2774,5,986956744
389,2858,5,939576355
389,2890,4,958266424
389,2906,2,939577547
389,2908,5,955593480
389,2918,4,968296950
389,2997,3,968297092
389,3052,4,946344612
389,3083,4,946344508
389,3129,4,968296716
389,3160,5,949862561
389,3163,4,953603189
389,3174,3,946344771
389,3210,4,968297092
389,3316,3,968296678
389,3317,4,986956249
389,3354,2,953412709
389,3357,4,958887203
389,3363,5,968297375
389,3408,3,955595143
389,3481,4,977883948
389,3508,4,955594838
389,3543,5,955594288
389,3566,3,994162855
389,3623,2,959545922
389,3717,2,960953583
389,3751,4,994162806
389,3978,2,986956604
389,3993,4,986956547
389,3996,5,977750488
389,3999,3,994162663
389,4014,4,983043372
389,4019,4,980029951
389,4022,4,977883867
389,4023,2,1000091306
389,4027,5,983043246
389,4028,5,1009305618
389,4029,4,983043322
389,4034,4,983043322
389,4047,4,977751597
389,4246,3,1009289655
389,4267,3,1009289379
389,4306,4,1009289431
389,4447,1,1009289466
389,4733,3,1000091219
389,4848,5,1007959394
389,4881,4,1009289616
389,4901,3,1007959394
389,4903,5,1012800820
389,4967,5,1013055003
389,4995,4,1012800820
389,5010,5,1025323235
389,5013,4,1025323184
389,5015,4,1025323184
389,5060,5,968296839
389,5135,3,1017634514
389,5225,4,1025323526
389,5349,3,1023678870
389,5388,4,1024191889
389,5400,3,1023678780
390,1,4,975276376
390,2,2,1135839020
390,3,3,975277757
390,5,2,1046071351
390,12,3,975278208
390,18,4,1046068894
390,19,2,975278185
390,24,2,975275617
390,31,3,975275490
390,32,3,975274495
390,34,4.5,1057636680
390,39,2,975276538
390,44,3,995342566
390,47,4,976510547
390,60,4,978493373
390,65,2,975277963
390,70,3,975277377
390,93,3,975278097
390,104,2,978579852
390,110,5,975270655
390,126,0.5,1057636867
390,151,5,975271356
390,153,2,975277757
390,157,3,989117924
390,158,3,976171339
390,160,0.5,1057636851
390,163,4,976509801
390,168,4,976509344
390,173,1,975279225
390,174,2,975278011
390,186,3,978580399
390,193,0.5,1057636903
390,203,3,978580084
390,208,1,976509344
390,216,2,975277651
390,218,3,975271925
390,225,2,1046071503
390,231,4,978580268
390,234,1,1135842057
390,239,2,975278119
390,248,2,980142079
390,253,4,975271858
390,256,2,975277931
390,260,4,975270340
390,267,0.5,1057636803
390,276,2,975277901
390,280,4,1135841367
390,282,0.5,1057636901
390,296,5,975274266
390,300,3,978492101
390,316,2,975279120
390,318,5,975270610
390,319,4,1043298527
390,327,1,975278119
390,329,3,975279080
390,337,3,978492036
390,344,4,975277192
390,345,3,1179812005
390,350,4,975275320
390,351,3,976509838
390,353,3,976509926
390,355,1,975278046
390,356,4,975276840
390,357,4,975276465
390,362,3,978579969
390,364,5,976169670
390,367,4,975270390
390,368,3,975276984
390,370,3,975278026
390,377,4,978492632
390,380,4,975276869
390,381,4,975270566
390,383,3,978492961
390,393,2,978580426
390,405,2,978581515
390,410,3,995342122
390,419,1,1046074316
390,423,4,978580299
390,427,2,976510174
390,432,2,975277963
390,435,2,975277666
390,441,4,975276807
390,450,3,975272349
390,451,2,978580515
390,455,2,976511562
390,457,4,978491596
390,466,3,975277450
390,475,4,975274587
390,480,5,975279037
390,489,1,1136177852
390,491,3,975272081
390,500,4,978493170
390,502,2,978581544
390,505,1,975278208
390,508,4,975274747
390,509,4,975275066
390,520,3,975277844
390,524,4,975276096
390,527,5,975269882
390,529,3,978491718
390,533,2,978581137
390,534,4,976509727
390,539,3,976509992
390,542,3,975277593
390,546,1,975279270
390,550,3,975277854
390,551,4,975276443
390,553,3,978492165
390,555,5,976509762
390,585,2,975277516
390,586,4,975277516
390,587,4,978579108
390,588,5,975270124
390,589,4,975278949
390,590,4,975271580
390,592,4,975271542
390,593,4,975269882
390,594,4,975270003
390,595,4,975270124
390,596,4,975270032
390,597,4,976509865
390,610,4,980142035
390,616,3,975270208
390,653,4.5,1057636569
390,663,3,994552394
390,673,1,976171528
390,674,4,975279136
390,691,1,980142248
390,708,2.5,1179811792
390,709,3,976171287
390,724,2,1009342351
390,736,2,1046071731
390,762,2,976510729
390,778,5,975270778
390,780,4,976511342
390,832,3,975271944
390,902,3,976509667
390,910,4.5,1057636600
390,919,5,975270694
390,953,4.5,1057636697
390,1013,2,976511446
390,1015,3,976509275
390,1017,4,978493193
390,1020,3,975277074
390,1021,2,976511562
390,1022,4,975270124
390,1023,4,1057636604
390,1025,4,975270208
390,1027,3,975272426
390,1028,4,975276583
390,1029,4,1057636653
390,1030,4,975270231
390,1031,4,976171306
390,1032,4,975270149
390,1033,4.5,1057636690
390,1035,4,976511113
390,1036,3,978491961
390,1037,0.5,1057636863
390,1059,2,975271526
390,1073,5,975270340
390,1079,4,978491810
390,1080,4,975276367
390,1088,4,976511163
390,1091,3,975277722
390,1092,3,976510983
390,1094,3,975271162
390,1097,4,1044768592
390,1099,3.5,1135842708
390,1100,2,1046071039
390,1101,4,976509972
390,1126,2,975270444
390,1127,4,978492317
390,1136,4,975276309
390,1151,4.5,1057636620
390,1185,4.5,1057636598
390,1187,3,978492278
390,1191,4,978580188
390,1193,4,978491193
390,1196,4,975270610
390,1197,3,975269862
390,1198,4,976509104
390,1200,4,975278949
390,1207,5,975270610
390,1210,4,975269839
390,1213,4,995342377
390,1214,3,975278347
390,1215,5,975278364
390,1219,3,978491253
390,1220,3,975276583
390,1235,4,978491235
390,1240,4,975278933
390,1246,5,975271222
390,1258,4,1093762813
390,1259,4,975274495
390,1261,5,975278392
390,1265,3,1017038170
390,1266,3,978491494
390,1268,5,975271987
390,1270,4,975276336
390,1271,3,978492675
390,1274,3,994132219
390,1275,4,976509141
390,1282,5,975270003
390,1285,4,975276538
390,1288,4,976511092
390,1291,4,976509118
390,1293,4,1046068064
390,1302,3,975271187
390,1307,3,976509652
390,1339,5,975278450
390,1343,3,978492383
390,1345,4,978493107
390,1347,4,975278435
390,1356,3,975279017
390,1365,4,994132331
390,1370,3,1046068894
390,1371,2,975279183
390,1372,5,975279051
390,1373,2,975279210
390,1374,4,975279017
390,1375,4,975279108
390,1376,4,975279017
390,1377,2,975277166
390,1378,4,975277706
390,1379,4,975277706
390,1380,4,975277192
390,1381,1,978581628
390,1387,3,975278364
390,1393,4,978492278
390,1394,3,978491293
390,1396,4,975274883
390,1401,3,975275001
390,1405,3,975277516
390,1408,3,976509821
390,1431,0.5,1135842493
390,1441,3,976509865
390,1457,2,1046071731
390,1479,3,976509972
390,1502,4,1046067521
390,1513,2,1046071075
390,1517,4,975276825
390,1527,3,975279108
390,1544,2,975279197
390,1562,2,976509468
390,1580,4.5,1057636593
390,1586,2,976511342
390,1588,1,1046072362
390,1591,1,976509403
390,1610,3,978492061
390,1639,4,975271187
390,1673,4,975271268
390,1678,4,975275051
390,1682,3.5,1135143093
390,1690,3,978580114
390,1711,4,975272024
390,1721,3,975269817
390,1760,0.5,1135842862
390,1777,3,975276759
390,1863,3,978581515
390,1884,4,1135841876
390,1889,4,1046068030
390,1909,3,975279064
390,1956,3,1046068380
390,1961,3,975271324
390,1962,3,975271009
390,1967,4.5,1057636589
390,1968,5,975271093
390,1969,4,975278652
390,1970,4,975278712
390,1971,4,975278712
390,1972,4,975278743
390,1973,4,975278673
390,1991,3,1017037966
390,1992,3,975278619
390,1993,2,975278712
390,1994,3,975278410
390,1997,5,975278378
390,1998,3,975278772
390,1999,3,975278760
390,2000,3,976510595
390,2001,3,976510641
390,2002,3,976510690
390,2003,4,975277129
390,2004,3,1009342252
390,2005,3,1017038188
390,2011,4,975277042
390,2012,3,975277322
390,2014,3,975277778
390,2017,3,975270496
390,2018,4.5,1057636682
390,2019,5,1049177497
390,2020,4,976509589
390,2022,3,978493390
390,2033,4,978493534
390,2036,0.5,1057636818
390,2042,3,975278011
390,2043,3,975270496
390,2046,4,995342337
390,2048,3,1046070649
390,2052,2,975277413
390,2053,2,975277980
390,2054,3,975277425
390,2064,4,1064039373
390,2072,1,1046071766
390,2077,4,976169691
390,2078,4,975270032
390,2080,4,975270003
390,2081,4,975270149
390,2082,3,975277778
390,2084,1,995342610
390,2085,3,975270149
390,2087,3,975270032
390,2088,2,980142549
390,2090,3,975270149
390,2093,4,975270496
390,2094,2,978579983
390,2096,3,975270068
390,2097,4,975278480
390,2099,4,975270124
390,2100,3,978493262
390,2105,3,975270391
390,2106,4,975275728
390,2114,4,975271661
390,2115,4,976509180
390,2117,3,975275190
390,2119,3,975278690
390,2120,2,975278497
390,2121,2,975278729
390,2123,3,975270231
390,2124,4,995342122
390,2133,2,975277092
390,2137,4,975270068
390,2138,4.5,1057636703
390,2139,4,975270068
390,2140,4.5,1057636645
390,2141,3,975270231
390,2142,3,978580585
390,2143,5,975270496
390,2144,4,978492278
390,2145,3,975275142
390,2150,4,1143956492
390,2161,4,975270391
390,2162,0.5,1057636799
390,2174,5,975270340
390,2188,2.5,1098508657
390,2193,4,975270391
390,2245,3,978492961
390,2247,2,1046071517
390,2253,2,975270523
390,2268,4,975271637
390,2269,2,1046072345
390,2291,3,975274512
390,2294,2,1111384512
390,2302,4,1057636658
390,2314,0.5,1057636896
390,2321,3,1135841083
390,2325,1,1135839373
390,2327,2,1046071338
390,2333,4,1093762828
390,2337,3,978580317
390,2355,3,975270068
390,2366,3,1135841500
390,2378,3,975277465
390,2379,3,975278080
390,2393,3,975279093
390,2399,0.5,1057636832
390,2407,3,975276923
390,2408,2,978580984
390,2413,3,975277778
390,2420,4,975271872
390,2421,3,975275677
390,2422,2.5,1135842237
390,2424,2,1135841199
390,2431,2,1046071810
390,2432,2,1135839390
390,2449,0.5,1057636857
390,2450,2,1135842095
390,2451,3.5,1057636726
390,2453,3,975270444
390,2455,3,975278410
390,2467,3,1057636753
390,2469,4,976509926
390,2470,3,976509213
390,2502,3.5,1135841010
390,2513,4,975278603
390,2514,2,975278798
390,2529,4,978492210
390,2571,4,980142190
390,2582,3,1000097008
390,2599,2.5,1135841022
390,2605,3,976510706
390,2616,2,976510690
390,2617,2.5,1135841046
390,2624,3.5,1111908223
390,2628,4,975270391
390,2640,3,1135841031
390,2644,3,1009342135
390,2657,3,975276807
390,2681,4,978490909
390,2682,4,975271123
390,2683,3,1179811197
390,2687,4,989117899
390,2699,4,975279136
390,2700,4,975270068
390,2701,1,1135841207
390,2716,4.5,1057636577
390,2717,3.5,1057636730
390,2746,4,975276869
390,2761,4,987458614
390,2762,4.5,1057636664
390,2788,4,978491766
390,2791,4,978491975
390,2794,2,975277757
390,2796,3,975277465
390,2797,3,975276428
390,2798,0.5,1057636795
390,2799,0.5,1057636793
390,2810,4,978492754
390,2846,4,976511504
390,2857,4,1057636706
390,2858,4.5,1057636642
390,2863,4,976511092
390,2871,4,976509141
390,2875,2,976510077
390,2915,4,978492210
390,2916,3,975279037
390,2918,3,1057636744
390,2953,2,975278046
390,2959,4.5,1057636575
390,2968,4,975270340
390,2985,3,976510613
390,2987,5,976509141
390,2995,3,975278636
390,2997,5,975276388
390,3000,5,975270032
390,3020,3,1046069936
390,3033,3,975277413
390,3034,4,975270124
390,3054,3,975270295
390,3060,3,975271024
390,3063,2,978580783
390,3071,4,1135842528
390,3087,4,978579692
390,3105,4,975271342
390,3107,4,978579654
390,3108,3,975271222
390,3147,4,975271437
390,3148,3,1064206643
390,3157,4,976169691
390,3159,5,975276057
390,3175,4,975279037
390,3198,4.5,1057636628
390,3208,3,975277757
390,3213,4,976169644
390,3216,2,1028009158
390,3243,4,975277994
390,3247,4,976510657
390,3248,3,975278147
390,3249,3,978579807
390,3250,5,975272006
390,3252,3,975271791
390,3253,4,975276410
390,3254,2,975277210
390,3255,4,975271685
390,3257,3,975272384
390,3258,3,975277210
390,3259,3,975272116
390,3260,3,975274361
390,3262,2,975275766
390,3263,2,975277002
390,3264,3,975277537
390,3268,1,978581602
390,3269,3,976509235
390,3271,3,975271472
390,3274,2,1046070358
390,3327,4,1064039768
390,3328,4,994393730
390,3361,3,978491844
390,3386,3,976510942
390,3388,3,975277722
390,3392,3,975277946
390,3396,4,975276428
390,3399,2,975277537
390,3401,3,975279253
390,3408,3,1046068053
390,3412,4,978579186
390,3418,3,975274774
390,3421,4,978492189
390,3436,2,975274199
390,3438,3,975270496
390,3439,2,976511562
390,3448,4.5,1057636622
390,3450,4.5,1057636587
390,3471,3,978491531
390,3476,3,975278423
390,3478,3,975272081
390,3489,0.5,1057636864
390,3499,3,1017038385
390,3500,3,975272426
390,3510,4.5,1057636693
390,3526,3,975274948
390,3528,4,975272300
390,3535,3,978576887
390,3548,4,975274340
390,3552,4,975276937
390,3608,4,975276503
390,3614,3,1017038238
390,3624,3,1046068230
390,3668,3,975274652
390,3671,4.5,1057636685
390,3672,3,978580531
390,3673,3,976172060
390,3684,2,975271268
390,3686,3,1135143118
390,3688,1,1046072509
390,3699,3,975279017
390,3701,3,976510613
390,3702,4,978492317
390,3705,2,976509468
390,3707,3,975272272
390,3708,3,978580783
390,3709,1,978581515
390,3712,3,975277152
390,3723,3,980142002
390,3725,4,976511130
390,3751,3,978490746
390,3759,4,990472652
390,3763,3,978492570
390,3773,1,975277901
390,3774,1,975278235
390,3776,4,990472698
390,3791,3,975275562
390,3793,4,978490746
390,3802,2,975279164
390,3809,3,975276895
390,3825,1.5,1135842402
390,3826,2,1135841539
390,3841,2,975277931
390,3844,4,978579654
390,3868,4,975276600
390,3869,3,975277606
390,3897,4,1014062924
390,3911,5,978491278
390,3917,2,975278508
390,3949,4.5,1135841332
390,3961,3,975278603
390,3962,3,1009342627
390,3964,3,975270248
390,3969,4,975272195
390,3972,4,1046069400
390,3979,0.5,1135842866
390,3993,4,1081148338
390,3994,4,1020564020
390,3996,2,1009341760
390,4002,4,975276428
390,4003,3,978579874
390,4006,3,976511430
390,4008,4,975270975
390,4016,4,1046066450
390,4022,4,1046068929
390,4027,4,1111383735
390,4036,3,997424083
390,4039,3,1046068212
390,4040,3,978580546
390,4063,2,981869126
390,4085,3,1014063160
390,4086,4,981869095
390,4090,3,981869095
390,4103,5,981869056
390,4105,4,981869056
390,4109,1,981869056
390,4121,3,1135842351
390,4128,4,981868984
390,4148,3,1000097051
390,4149,3,1030157942
390,4188,4,987458840
390,4205,3,989118436
390,4214,2,1046070482
390,4226,4,1018158600
390,4290,3,989118246
390,4299,4,1009341220
390,4306,5,1017037770
390,4308,3,1018158557
390,4318,3,1046070100
390,4321,3,990472317
390,4326,4,990472317
390,4333,3,990472294
390,4344,2.5,1103691575
390,4446,3,1028009076
390,4447,2.5,1135841515
390,4465,3,1046069910
390,4467,4,1046068320
390,4474,3,1046070358
390,4477,1,1046073629
390,4487,2,1046072292
390,4489,2.5,1136177655
390,4492,3,1046072108
390,4493,2,1046074087
390,4499,3,1014063178
390,4508,3,1046070482
390,4519,3,995342005
390,4541,3,1009342199
390,4558,1.5,1135842848
390,4562,3,1046068320
390,4564,3,1046068131
390,4571,3,1014063049
390,4599,2,1046071560
390,4605,4,1111384326
390,4613,2,1046072961
390,4619,2,997424495
390,4621,3,997424495
390,4623,4,997424495
390,4638,3,1017038291
390,4662,3,997424382
390,4675,3,997424349
390,4676,0.5,1057636872
390,4677,3,997424349
390,4678,3,997424328
390,4679,3,997424328
390,4681,3,997424328
390,4682,3,997424328
390,4685,3,997424328
390,4686,1,997424328
390,4688,3,997424266
390,4720,3,1135841393
390,4748,1,1044768853
390,4787,3,1001652893
390,4815,0.5,1141494915
390,4835,3,1001652716
390,4846,5,1003111606
390,4886,5,1009341295
390,4896,4,1009341158
390,4951,3,1009341628
390,4973,4,1030157918
390,4980,2,1009341571
390,4990,3,1111384293
390,4993,2,1009341434
390,4996,4,1040962865
390,5002,3,1009341532
390,5003,3,1009341532
390,5013,3,1038208267
390,5047,4,1014062680
390,5055,4,1046069017
390,5060,4,1186368748
390,5065,2,1031548738
390,5072,3,1017037441
390,5146,1,1064039564
390,5159,3,1014062498
390,5218,4,1017037441
390,5225,3.5,1186368823
390,5265,4,1057636567
390,5299,3,1046067559
390,5303,2,1018158682
390,5308,3,1020564171
390,5309,2,1018158682
390,5346,3,1020564108
390,5349,4,1020563984
390,5361,3,1020564081
390,5366,0.5,1057636839
390,5378,4,1022129580
390,5388,4,1028506916
390,5438,3,1024975895
390,5444,4,1025414796
390,5445,4,1041484897
390,5446,5,1044769484
390,5452,0.5,1057636827
390,5459,3.5,1179812263
390,5462,2,1041484925
390,5481,2.5,1135839081
390,5502,4,1042523230
390,5528,4,1048395123
390,5538,3,1030158024
390,5540,4,1030158024
390,5541,4,1030158024
390,5581,3,1031548876
390,5582,2,1031548876
390,5584,1,1031548888
390,5585,1,1031548888
390,5604,4,1044768660
390,5618,5,1052444455
390,5650,3,1033706286
390,5669,5,1036738747
390,5686,3.5,1060495719
390,5791,3,1036738690
390,5816,4,1038208059
390,5820,4,1043298108
390,5843,3,1036738626
390,5876,4,1046065868
390,5878,3,1046065868
390,5902,4,1046065868
390,5944,1.5,1111383829
390,5952,3,1135143683
390,5956,3,1135841925
390,5969,3,1040962782
390,5970,4,1040962782
390,5971,4,1043298136
390,5995,5,1044769505
390,6062,4,1095671674
390,6157,2.5,1076565384
390,6166,2,1045368626
390,6184,3,1069485937
390,6197,4,1048394998
390,6216,4,1093762819
390,6218,4,1141494764
390,6238,2,1048394866
390,6242,4,1048394866
390,6250,2,1136177932
390,6333,4.5,1057636671
390,6350,3.5,1098508310
390,6377,4,1069485621
390,6385,4.5,1069485630
390,6408,4,1135143026
390,6423,1,1057636379
390,6424,2,1055208276
390,6502,3.5,1111383674
390,6517,2,1060495949
390,6523,1,1057636260
390,6539,4,1078288291
390,6558,0.5,1057636820
390,6659,4,1069485389
390,6678,2,1064038730
390,6681,3,1135143583
390,6708,4,1064038651
390,6711,5,1069485335
390,6713,3.5,1111384481
390,6755,4,1096858092
390,6761,5,1064038556
390,6773,4.5,1076565156
390,6797,2,1069485254
390,6807,4,1069485246
390,6810,1.5,1069485226
390,6832,2,1073365247
390,6857,4,1069485183
390,6870,4,1078288273
390,6874,5,1069485152
390,6889,2.5,1082528498
390,6944,3,1073365111
390,6947,4.5,1081147983
390,6952,2,1081147128
390,6966,1,1073365091
390,6996,2,1136177973
390,7004,3,1076564845
390,7005,1,1073364989
390,7009,4,1073364959
390,7026,1,1073364975
390,7036,3,1073364929
390,7039,1.5,1076564805
390,7045,3,1135143632
390,7046,3,1073364910
390,7099,4,1111384472
390,7101,1.5,1076564718
390,7102,1,1073364859
390,7118,3,1073364797
390,7123,1,1081147791
390,7139,4,1076564640
390,7143,4,1073364736
390,7147,4,1076564643
390,7153,3,1076564626
390,7160,5,1081147755
390,7178,2,1073364675
390,7189,0.5,1073364638
390,7228,2,1073364596
390,7304,2,1076564466
390,7361,5,1111383628
390,7438,4.5,1084770425
390,7454,2,1103691468
390,7481,2,1084770393
390,7487,3.5,1084770385
390,7618,4,1135839446
390,7624,3,1084770335
390,7701,1,1084770274
390,7757,4,1084770229
390,8043,2,1084770000
390,8169,3.5,1089179473
390,8253,4,1093762736
390,8291,3,1089179409
390,8360,4,1089179374
390,8368,4,1089179365
390,8370,4.5,1089179360
390,8376,4.5,1093762711
390,8377,3.5,1089179327
390,8380,1.5,1089179330
390,8464,4.5,1089179276
390,8493,4,1089179256
390,8529,3,1179811069
390,8622,3.5,1093762591
390,8636,4.5,1093762779
390,8783,4,1092890394
390,8815,2,1179811108
390,8874,4,1096857994
390,8880,2.5,1095671310
390,8887,2,1095671292
390,8949,4,1141494833
390,8958,4,1111383438
390,8961,3.5,1111383433
390,9005,3.5,1103691231
390,26111,4.5,1182746185
390,26403,3,1264173376
390,26629,4,1143956138
390,26662,4.5,1135142684
390,26680,3.5,1111383331
390,26686,0.5,1141494573
390,26700,3,1182746213
390,26870,1.5,1130731157
390,27728,4,1111383293
390,27820,4,1111383255
390,27846,4,1111383247
390,30707,4.5,1111383234
390,30812,4,1111383223
390,31193,3,1179809581
390,31658,4,1135839453
390,31660,4,1116807171
390,33004,4,1141494885
390,33454,3.5,1169008284
390,33493,4,1116807008
390,33794,5,1130731352
390,34072,3.5,1141494389
390,34150,2.5,1141494460
390,34319,3,1141494448
390,35347,3,1264173290
390,37729,3,1141494322
390,37830,4,1152509069
390,38038,3,1179810128
390,39183,3.5,1143956266
390,40815,4.5,1135142724
390,40819,4,1137901316
390,41571,3.5,1179810043
390,45499,4,1152509021
390,45666,2.5,1186368857
390,45722,3.5,1179809867
390,45950,4,1179809897
390,46578,3.5,1179809840
390,46948,3,1179809844
390,48394,4.5,1179809600
390,48780,4,1169008331
390,49530,4,1179809610
390,50068,4,1179809555
390,50160,3.5,1169008165
390,51255,4,1179809375
390,51520,2.5,1264145217
390,51662,4.5,1179809496
390,52319,4,1264173210
390,52722,2,1179809371
390,52784,4.5,1264148066
390,53121,3.5,1179809350
390,53125,3.5,1182746266
390,53827,3.5,1264173190
390,53894,4,1186368295
390,53953,3,1186368291
390,54001,3.5,1186368282
390,66639,1.5,1264175973
390,66915,2.5,1264173493
390,66934,4.5,1264173486
390,67408,3.5,1264173413
390,68157,4,1264146010
390,68358,4,1264173297
390,68954,3.5,1264148142
390,69122,3.5,1264148121
390,69844,4,1264147992
390,70286,4,1264147787
390,71057,3,1264145830
390,71530,3,1264145673
390,71535,4.5,1264145677
390,72998,4.5,1264144906
390,73268,3,1264144782
390,73854,4,1264144550
391,1,4,993496208
391,11,4,993496958
391,24,3,993495474
391,39,3,993496854
391,50,4,993582792
391,104,5,993497257
391,135,4,993497887
391,141,3,993497411
391,144,3,993497037
391,150,4,993432782
391,230,3,993432782
391,248,4,993497949
391,318,5,993687896
391,333,5,993688032
391,339,3,993497174
391,344,4,993497709
391,356,4,993496737
391,367,4,993497098
391,368,4,993582596
391,380,4,993497136
391,383,3,993582596
391,432,4,993582620
391,457,4,993582818
391,551,3,993496515
391,553,5,993582509
391,569,3,993497174
391,585,4,993497635
391,586,4,993497513
391,587,4,993497437
391,588,4,993496684
391,589,4,993582792
391,590,3,993582509
391,785,3,993495306
391,830,3,993497976
391,852,3,993496958
391,1064,3,993497380
391,1073,3,993496575
391,1091,4,993497840
391,1127,3,993433458
391,1136,4,993496233
391,1194,4,993497840
391,1196,4,993687932
391,1200,4,993582792
391,1201,4,993582533
391,1240,4,993582792
391,1256,3,993496444
391,1259,4,993496361
391,1265,4,993496208
391,1266,3,993582477
391,1270,4,993432735
391,1276,4,993496161
391,1307,4,993496405
391,1358,4,993582754
391,1378,5,993497865
391,1379,3,993582596
391,1394,3,993496337
391,1457,3,993497487
391,1476,3,993497290
391,1485,4,993497380
391,1500,2,993496480
391,1513,3,993495517
391,1580,4,993496823
391,1610,4,993582913
391,1617,4,993582754
391,1623,3,993495723
391,1641,2,993496712
391,1713,4,993497779
391,1746,4,993496183
391,1806,3,993496767
391,1895,4,993497709
391,1911,3,993495033
391,1923,4,993496903
391,1958,3,993497411
391,2001,4,993497316
391,2002,4,993497912
391,2003,4,993497464
391,2012,4,993582596
391,2013,3,993495474
391,2054,4,993497737
391,2082,4,993497912
391,2100,4,993497200
391,2108,3,993497136
391,2109,4,993497290
391,2144,3,993496903
391,2145,3,993497591
391,2169,4,993497061
391,2174,3,993496599
391,2245,3,993496903
391,2249,4,993497840
391,2321,3,993496542
391,2355,3,993494893
391,2359,2,993496309
391,2371,4,993497224
391,2392,3,993495306
391,2406,4,993497037
391,2413,4,993497803
391,2416,4,993497257
391,2422,3,993432782
391,2424,4,993497464
391,2433,3,993494935
391,2485,3,993495562
391,2502,3,993495440
391,2518,4,993497803
391,2539,4,993497683
391,2546,4,993494990
391,2571,4,993582818
391,2574,4,993495440
391,2581,4,993495393
391,2598,3,993495474
391,2599,3,993495077
391,2606,3,993495251
391,2672,3,993495669
391,2683,4,993433501
391,2688,3,993495174
391,2694,3,993433543
391,2701,3,993495723
391,2706,4,993433458
391,2709,3,993497559
391,2710,4,993433543
391,2713,3,993495306
391,2716,4,993495174
391,2719,3,993495174
391,2720,3,993495251
391,2722,3,993494990
391,2723,3,993495393
391,2724,3,993495562
391,2761,4,993495306
391,2762,4,993582754
391,2763,4,993495669
391,2770,3,993497992
391,2791,4,993496361
391,2840,3,993495615
391,2861,3,993495129
391,2881,3,993495033
391,2889,4,993497976
391,2907,3,993495615
391,2908,2,993494893
391,2915,4,993496429
391,2921,3,993582558
391,2951,4,993582558
391,2959,3,993495129
391,2961,3,993495615
391,2987,4,993495723
391,2995,3,993495251
391,3005,3,993494893
391,3033,4,993497635
391,3039,4,993496542
391,3040,4,993497224
391,3081,3,993495562
391,3087,4,993497037
391,3113,3,993495077
391,3114,4,993495669
391,3147,4,993582913
391,3155,4,993433501
391,3157,3,993495615
391,3175,4,993495129
391,3189,3,993497099
391,3203,3,993494990
391,3219,3,993495440
391,3253,4,993496515
391,3254,3,993497709
391,3255,4,993497174
391,3263,4,993497437
391,3298,4,993494893
391,3300,3,993495440
391,3354,3,993495393
391,3358,4,993497200
391,3361,4,993496515
391,3362,4,993496281
391,3396,3,993496575
391,3409,3,993495129
391,3421,4,993496405
391,3510,3,993495129
391,3524,4,993497737
391,3526,3,993496712
391,3536,4,993497201
391,3552,4,993496737
391,3671,4,993496261
391,3717,3,993495174
391,3740,3,993497487
391,3751,2,993494935
391,3752,3,993495357
391,3753,4,993495440
391,3793,3,993495723
391,3798,3,993495723
391,3826,3,993495251
391,3868,3,993496626
391,3871,3,993582477
391,3882,4,993497865
391,3893,4,993497737
391,3901,3,993496958
391,3909,3,993495723
391,3943,4,993495809
391,3948,4,993497174
391,3955,3,993495905
391,3968,4,993497591
391,3969,3,993495877
391,3977,3,993494935
391,3978,4,993495936
391,3979,3,993495936
391,3980,4,993495840
391,3981,3,993495474
391,3983,3,993496233
391,3988,3,993495251
391,4018,4,993497224
391,4022,3,993494935
391,4025,4,993495877
391,4054,4,993495905
391,4056,3,993495936
391,4091,4,993497709
391,4199,3,993432735
391,4220,3,993497635
391,4221,4,993497976
391,4291,4,993497803
391,4321,4,993497174
391,4327,3,993582477
391,4351,3,993433233
391,4355,3,993433233
391,4361,3,993433179
391,4396,4,993433084
391,4397,3,993433084
391,4398,3,993433037
391,4415,3,993433011
392,1,3.5,1158704828
392,2,4.5,1158705924
392,6,4,1158705128
392,10,4,1290242041
392,16,5,1158706929
392,19,4,1158705980
392,21,3.5,1158705813
392,25,4,1158704995
392,32,5,1158704285
392,34,2,1290242013
392,36,3,1158705285
392,39,2,1290242159
392,47,5,1158705740
392,50,5,1158705709
392,62,2.5,1158705223
392,95,3,1158705064
392,104,5,1158706917
392,110,4.5,1158704442
392,111,5,1158705553
392,112,3.5,1158703638
392,141,0.5,1158705817
392,150,3.5,1158705687
392,153,4,1158704548
392,158,2,1158703744
392,160,4,1158707051
392,161,4.5,1158704902
392,163,4,1158703652
392,165,4.5,1158704624
392,168,2.5,1158703754
392,172,4.5,1158703687
392,185,0.5,1290242164
392,196,4,1269076887
392,208,3.5,1158704817
392,223,5,1158705580
392,231,5,1158704524
392,253,4.5,1158705458
392,260,5,1158704986
392,266,3.5,1158706847
392,288,5,1158705401
392,292,3,1158705068
392,293,5,1158705527
392,296,5,1158704522
392,300,3,1158706933
392,316,4,1158705133
392,318,5,1158705680
392,319,4.5,1158713087
392,322,4,1158712994
392,337,5,1158707032
392,344,5,1158704289
392,349,4,1158705722
392,353,4,1274387938
392,356,5,1158704526
392,364,5,1158704600
392,367,2,1290241985
392,368,4,1158706842
392,372,3.5,1197031731
392,377,4,1158704384
392,380,3,1290241860
392,410,1,1158705549
392,420,4,1158712376
392,431,5,1158712896
392,434,3,1290242152
392,435,4,1158712426
392,442,3.5,1158706014
392,454,4,1158705795
392,457,4.5,1158704456
392,466,3.5,1158703630
392,474,4,1158705912
392,480,5,1158704690
392,485,3,1269076786
392,493,5,1158713426
392,500,1,1158704505
392,508,4,1158705982
392,527,4.5,1158704882
392,529,2,1158712811
392,539,4,1290242091
392,541,5,1158705151
392,543,3.5,1158703776
392,551,4,1158707014
392,555,5,1158712614
392,586,0.5,1158705137
392,587,1,1290242060
392,588,5,1158704298
392,589,5,1158704305
392,590,4,1158704433
392,592,5,1158704436
392,593,5,1158705049
392,595,4,1158704983
392,597,2,1290241977
392,608,5,1158704378
392,628,3.5,1158706471
392,648,4,1158705716
392,653,3,1158712463
392,671,5,1407390197
392,708,3,1158706911
392,733,3.5,1158704685
392,736,3.5,1158704372
392,741,5,1158706236
392,778,5,1158706718
392,780,3.5,1158705700
392,784,5,1158707035
392,786,3.5,1158706022
392,788,4,1158705467
392,832,3.5,1158707020
392,858,3.5,1158856513
392,919,5,1158705148
392,924,4.5,1158705337
392,953,4,1158713138
392,1036,4,1158705141
392,1060,4,1158712668
392,1073,4,1158704472
392,1089,5,1158705311
392,1090,4.5,1158706129
392,1097,4,1158705773
392,1101,4,1158705420
392,1136,4,1158705240
392,1193,5,1158704668
392,1196,5,1158704866
392,1197,5,1158706438
392,1198,4,1158705729
392,1200,5,1158705184
392,1201,5,1158712604
392,1206,5,1158705583
392,1207,5,1158707070
392,1208,5,1158705315
392,1210,5,1158704422
392,1213,4,1158704977
392,1214,5,1158704718
392,1215,5,1269076810
392,1218,5,1158712633
392,1222,4.5,1158706131
392,1235,5,1406264789
392,1240,5,1290242035
392,1246,4,1158706965
392,1247,3.5,1158706754
392,1258,5,1158705431
392,1259,5,1158705310
392,1261,5,1158713067
392,1263,4.5,1158706308
392,1265,4,1158704734
392,1266,5,1158712640
392,1270,4,1158704293
392,1274,5,1158706263
392,1276,5,1290339432
392,1287,3.5,1158712829
392,1288,5,1158706830
392,1291,4,1158704584
392,1307,3,1158705267
392,1320,3.5,1158703736
392,1370,4,1158706865
392,1374,5,1158705563
392,1377,2,1269076900
392,1387,3.5,1158705297
392,1391,4,1158705588
392,1396,4.5,1158703770
392,1407,4,1158705501
392,1485,2,1158706768
392,1500,3.5,1158706871
392,1517,5,1158705094
392,1527,2.5,1290242171
392,1544,2,1158706710
392,1552,2.5,1158706849
392,1573,3,1158705543
392,1580,2,1290241991
392,1597,3.5,1269076742
392,1610,4,1158704633
392,1617,5,1158705810
392,1625,4,1158703759
392,1639,4.5,1158703674
392,1641,3,1158705326
392,1653,5,1331889167
392,1673,4.5,1158706834
392,1676,5,1158705484
392,1682,5,1158705156
392,1704,5,1158705360
392,1721,4,1290242003
392,1732,5,1158713475
392,1747,4,1158712371
392,1748,4.5,1331889442
392,1777,5,1158706762
392,1784,4,1158704590
392,1917,3,1158704875
392,1921,4,1293093902
392,1923,5,1158704532
392,1954,4.5,1158712446
392,1961,5,1290242181
392,1968,4.5,1158704795
392,1997,4.5,1331889445
392,2000,3.5,1158705394
392,2001,4,1158706960
392,2006,3,1158706740
392,2011,4,1158705237
392,2012,4,1158705398
392,2019,5,1158712883
392,2028,5,1158705764
392,2081,4,1158703764
392,2109,5,1158713361
392,2114,5,1158713374
392,2115,4,1158705194
392,2167,5,1158712407
392,2174,4,1158705032
392,2232,4.5,1229853886
392,2268,4.5,1158706434
392,2273,3.5,1269076924
392,2288,3.5,1158712912
392,2291,4,1158705008
392,2321,4,1158703767
392,2329,5,1158706121
392,2355,3.5,1158712376
392,2395,3.5,1158705571
392,2403,3,1197031792
392,2427,5,1269077175
392,2470,1.5,1158712395
392,2542,4,1158706862
392,2571,5,1158705745
392,2572,3,1269076751
392,2580,4,1158712763
392,2594,5,1228381450
392,2599,3.5,1158706735
392,2617,3,1158705444
392,2628,0.5,1158705826
392,2640,4,1158704917
392,2683,5,1158704395
392,2692,5,1197381200
392,2699,4,1158703669
392,2700,5,1158705319
392,2701,3,1158712474
392,2706,4.5,1158704677
392,2712,4,1158705380
392,2716,4.5,1158704390
392,2762,4.5,1158704630
392,2770,4.5,1158706983
392,2797,3,1158705212
392,2804,5,1158706480
392,2810,3,1158857217
392,2858,4.5,1158705743
392,2890,4,1158706921
392,2916,5,1158704662
392,2918,3.5,1158704666
392,2947,5,1158706595
392,2951,4,1197465434
392,2959,5,1158704487
392,2985,5,1331889122
392,2987,3.5,1158704709
392,2997,4,1158704725
392,3000,3,1158712770
392,3006,4.5,1269077005
392,3018,5,1406264351
392,3052,2,1158705345
392,3088,4,1158713290
392,3114,3.5,1158704598
392,3147,4,1158704952
392,3160,5,1158707037
392,3176,3,1158705215
392,3210,4.5,1158712928
392,3253,5,1158705439
392,3255,0.5,1158712456
392,3271,4,1158706506
392,3275,0.5,1158706606
392,3285,3,1268290827
392,3421,4,1158707030
392,3461,2,1229853013
392,3471,4,1158705423
392,3481,3,1158712920
392,3499,5,1158706581
392,3527,5,1158705355
392,3535,5,1229853862
392,3556,3,1229853824
392,3578,4,1268287914
392,3681,5,1331889328
392,3702,5,1331889164
392,3723,4,1158713514
392,3751,4,1158704513
392,3752,3.5,1269076920
392,3785,5,1269076904
392,3793,4,1158705179
392,3868,5,1158713450
392,3897,3,1158704351
392,3948,4,1158705274
392,3949,5,1158706238
392,3996,5,1158704410
392,4011,4.5,1158705434
392,4025,0.5,1158706947
392,4034,5,1274386820
392,4082,5,1158706644
392,4085,4.5,1158705490
392,4102,5,1158712937
392,4105,5,1158713200
392,4178,5,1158713070
392,4226,5,1158704274
392,4235,5,1258623546
392,4239,5,1269077048
392,4262,4.5,1158706140
392,4306,4,1158705874
392,4446,4.5,1158857334
392,4571,5,1158706796
392,4643,3.5,1158712382
392,4718,5,1158707064
392,4776,5,1158712431
392,4816,4,1269076779
392,4848,4.5,1293516935
392,4878,5,1158705251
392,4881,4.5,1158706337
392,4886,4,1158704604
392,4888,2,1158713537
392,4896,4,1158704704
392,4963,4,1268287740
392,4975,3,1229853896
392,4993,4.5,1158706069
392,4995,4,1158704628
392,5010,4,1158705535
392,5015,5,1269077286
392,5072,3,1158857348
392,5146,5,1158857204
392,5225,5,1290667827
392,5299,2.5,1268287732
392,5349,4,1158703697
392,5377,4,1235470593
392,5378,0.5,1158704834
392,5388,3,1269076962
392,5418,5,1293619637
392,5445,5,1407390031
392,5464,4.5,1158706540
392,5481,3,1158706794
392,5502,1.5,1158705510
392,5608,5,1158856763
392,5618,4,1158706246
392,5630,2,1229853874
392,5669,4,1158705303
392,5679,5,1158706330
392,5682,2,1158713443
392,5782,5,1158706557
392,5816,4,1158704482
392,5902,4.5,1158705270
392,5909,5,1158713701
392,5952,4.5,1158706056
392,5954,5,1158712798
392,5959,4,1158712758
392,5989,4.5,1158704559
392,6016,5,1158856500
392,6281,4.5,1158712486
392,6287,3.5,1229853905
392,6333,4,1158706426
392,6365,4,1158704402
392,6373,2,1158706885
392,6377,3.5,1158704331
392,6378,2,1158705371
392,6436,5,1158712999
392,6502,4.5,1269076003
392,6537,3,1158705530
392,6539,4,1158704280
392,6552,3,1290339151
392,6711,3,1197544298
392,6796,5,1158706560
392,6857,5,1158712789
392,6874,5,1158706149
392,6931,3,1158704638
392,6934,0.5,1158704799
392,6953,5,1158713480
392,6986,3.5,1158713077
392,7022,5,1158712844
392,7143,3.5,1158704973
392,7153,3,1158705206
392,7160,3,1158713133
392,7235,4,1406080306
392,7361,5,1158712507
392,7401,2,1158705103
392,7438,3.5,1259127848
392,7445,1,1269077305
392,7482,5,1158712643
392,7981,2.5,1228467994
392,8157,2.5,1158857342
392,8368,4,1158704427
392,8376,1,1269076635
392,8464,4.5,1158705014
392,8622,5,1269076497
392,8636,3,1158704267
392,8641,3.5,1269077327
392,8645,5,1269586518
392,8665,5,1293581907
392,8798,4,1158705264
392,8874,3.5,1158705125
392,8917,5,1269077042
392,8949,4,1158704856
392,8950,3,1158706254
392,8957,5,1269076878
392,8961,2.5,1158706414
392,26614,5,1414746919
392,27660,4.5,1158706406
392,27727,5,1197219434
392,27773,3.5,1258892402
392,27803,5,1269606382
392,27904,3,1158706098
392,30707,5,1290667212
392,30749,4,1259319500
392,30793,3,1158704809
392,30812,4,1269077026
392,31878,4,1158712778
392,32587,4.5,1158704407
392,33166,5,1229852824
392,33493,1,1158704556
392,33794,4,1158704354
392,33880,4.5,1268287544
392,34072,3.5,1158713262
392,34162,2,1158704960
392,34542,5,1268287619
392,35836,4.5,1158705038
392,36529,1.5,1158712860
392,37733,2,1158713102
392,38600,0.5,1158706624
392,42718,5,1407390206
392,44191,3.5,1158704497
392,44195,2.5,1268287571
392,44665,3,1158706528
392,45728,3,1158712528
392,46347,3.5,1197031757
392,46578,3,1258627434
392,46723,4,1269075998
392,47725,4,1269074718
392,48394,4,1269075924
392,48516,4,1178533133
392,49272,5,1293517077
392,51662,4,1269076642
392,51939,2,1197031775
392,52281,4.5,1197031688
392,52722,1,1269076659
392,52952,5,1290677939
392,54503,4.5,1229853698
392,54995,5,1290238780
392,55247,5,1258627425
392,55555,5,1258783638
392,55721,5,1290243572
392,55765,5,1290595533
392,55820,5,1227951116
392,56782,5,1268287674
392,58351,3.5,1228381463
392,58559,5,1269075409
392,58998,4.5,1229853715
392,59315,5,1407390174
392,60069,3,1331889475
392,60684,4,1331889310
392,60766,5,1270277679
392,61132,3,1269076709
392,61240,4,1331889307
392,61323,4.5,1268287582
392,63082,5,1268287606
392,63113,5,1290667545
392,64614,5,1269076453
392,64839,5,1269075898
392,68157,4,1259727212
392,68237,5,1258627377
392,68347,5,1258723097
392,68358,3.5,1268287951
392,69122,2.5,1268287762
392,69481,4,1268287501
392,69757,5,1259127722
392,70286,5,1268287507
392,71108,1,1261381373
392,71131,5,1290239419
392,71464,4,1268287656
392,72011,0.5,1290339458
392,72714,4,1290669666
392,72998,4,1268287515
392,74458,4.5,1290238700
392,76093,3,1290243178
392,78039,3,1406079885
392,78209,2,1290238735
392,79132,4.5,1290669084
392,79720,5,1290752142
392,80219,5,1290238745
392,80463,4.5,1290238666
392,81156,4.5,1290238685
392,81562,5,1331889171
392,81591,5,1293093893
392,81847,5,1406080232
392,82459,5,1316489672
392,83134,4,1406080387
392,84152,5,1407390074
392,86882,5,1321431356
392,88129,5,1321431337
392,89745,3.5,1407390042
392,91500,3.5,1407390011
392,94959,4,1406079893
392,96610,5,1409287525
392,97921,5,1406264706
392,106100,4,1414746929
392,106920,5,1406264697
393,616,3,1335883838
393,720,4,1335883817
393,954,2,1335883895
393,1125,3,1335883899
393,1188,5,1335883856
393,1235,3,1335883841
393,1405,0.5,1335883795
393,2124,2,1335883829
393,2160,3,1335883852
393,2605,3,1335883810
393,2642,4,1335883918
393,3039,4,1335883786
393,3148,3,1335883866
393,5013,4,1335883886
393,5991,5,1335883834
394,2949,5,1414027732
395,1,5,861857630
395,3,4,861857698
395,62,3,861857632
395,79,3,861857831
395,95,5,861857632
395,141,3,861857631
395,260,5,861857698
395,376,3,861857736
395,648,4,861857630
395,661,3,861857831
395,733,5,861857698
395,736,5,861857629
395,780,4,861857629
395,805,4,861857831
395,1073,3,861857698
395,1210,4,861857930
395,1356,3,861857831
396,2762,1,941614743
396,2843,2,941614743
396,2858,1,941614743
396,2997,5,941614743
397,111,5,955075475
397,260,5,955075455
397,344,1,955075547
397,364,5,955075475
397,460,1,955075475
397,957,4,955075547
397,1210,5,955075547
397,1219,4,955075572
397,2384,4,955075475
397,2819,5,955075475
397,3543,3,955075547
398,6,2.5,1091265485
398,16,3,1091267504
398,19,2,1091267065
398,21,2.5,1091536619
398,22,2.5,1091537631
398,23,2.5,1091267368
398,29,4,1091535012
398,32,3,1091535671
398,39,1.5,1091536634
398,44,0.5,1091267599
398,47,4.5,1091536577
398,70,3,1091260799
398,95,1.5,1091536627
398,104,2,1091539269
398,110,3.5,1091265191
398,145,0.5,1091260353
398,150,2.5,1091536525
398,153,2,1091536552
398,162,4.5,1091535499
398,163,3.5,1091537592
398,165,3,1091536556
398,170,2.5,1091535715
398,172,3,1091260270
398,173,2.5,1091537475
398,175,3.5,1091538197
398,177,3,1091267161
398,185,0.5,1091539279
398,196,2,1091537502
398,208,1.5,1091536630
398,231,2,1091536600
398,253,2.5,1091264558
398,260,2.5,1091536531
398,273,3,1091704365
398,288,3,1091537294
398,292,2,1091706223
398,293,3.5,1091537350
398,296,3.5,1091267138
398,315,3,1091537527
398,316,3,1091536564
398,318,4,1091536528
398,319,3.5,1091535120
398,327,1.5,1091537896
398,328,3,1091538399
398,329,3,1091536573
398,344,2,1091267062
398,353,2.5,1091265659
398,356,3,1091536508
398,370,2.5,1091537561
398,377,2,1091536548
398,379,0.5,1091538065
398,380,2.5,1091536533
398,382,3,1091705619
398,390,3,1091262069
398,420,1,1091705751
398,434,2.5,1091536605
398,442,1.5,1091264641
398,457,3,1091536514
398,464,2,1091538220
398,480,3,1091536510
398,482,3,1091534826
398,485,1.5,1091537570
398,509,3,1091537346
398,519,1.5,1091265248
398,521,3,1091538441
398,527,4,1091536542
398,541,3.5,1091265872
398,551,4,1091704394
398,552,2,1091537615
398,555,3,1091534360
398,589,3,1091261429
398,590,3,1091536522
398,592,3.5,1091536516
398,593,3.5,1091261651
398,597,2.5,1091536590
398,599,4,1091261531
398,606,2.5,1091538680
398,611,1.5,1091265466
398,648,2.5,1091536562
398,711,2,1091538479
398,737,1,1091538007
398,741,3.5,1091260975
398,745,3.5,1091534460
398,760,3.5,1091261324
398,762,2,1091537639
398,778,3.5,1091265836
398,780,0.5,1091536536
398,786,2,1091539413
398,832,2.5,1091537505
398,849,2,1091265723
398,858,3,1091265494
398,902,3.5,1091537736
398,923,1.5,1091264634
398,924,2.5,1091704519
398,968,3,1091260832
398,996,2.5,1091703902
398,1027,2.5,1091264966
398,1036,4,1091537325
398,1047,3,1091703950
398,1061,2.5,1091535149
398,1079,3,1091267978
398,1080,3.5,1091264922
398,1089,3,1091267149
398,1090,4,1091703718
398,1091,2.5,1091538124
398,1092,3,1091537739
398,1097,2.5,1091536614
398,1100,0.5,1091265887
398,1101,2,1091709735
398,1120,3,1091708594
398,1127,2.5,1091260986
398,1128,2.5,1091703336
398,1129,3.5,1091265727
398,1130,3,1091706090
398,1136,4,1091264910
398,1148,4,1091260324
398,1173,3.5,1091535016
398,1175,4.5,1091535338
398,1178,3,1091703813
398,1193,4.5,1091537316
398,1196,3,1091536569
398,1198,4,1091536583
398,1200,3,1091260759
398,1201,5,1091261052
398,1202,4,1091265232
398,1206,3.5,1091265380
398,1208,3.5,1091535275
398,1210,3,1091539403
398,1213,4.5,1091535306
398,1214,3,1091260750
398,1215,2.5,1091260332
398,1218,4.5,1091534650
398,1219,4,1091535253
398,1220,3,1091266449
398,1221,3,1091265496
398,1222,3.5,1091266238
398,1227,3.5,1091265537
398,1232,3.5,1091265217
398,1233,4,1091261340
398,1240,3.5,1091261422
398,1241,3.5,1091266980
398,1249,3.5,1091537790
398,1250,4,1091537659
398,1252,3,1091267117
398,1255,3.5,1091266988
398,1258,3.5,1091261831
398,1259,4,1091703091
398,1261,3.5,1091537957
398,1262,3,1091265844
398,1263,3.5,1091260381
398,1265,2.5,1091537308
398,1266,4,1091260295
398,1270,3,1091536587
398,1272,3,1091535623
398,1274,3.5,1091260962
398,1275,3,1091537714
398,1283,3,1091538094
398,1288,3.5,1091535321
398,1291,3.5,1091265040
398,1320,3,1091537690
398,1321,3,1091534659
398,1327,2,1091538447
398,1333,3,1091705469
398,1337,2.5,1091534635
398,1339,3,1091265292
398,1342,3.5,1091538388
398,1343,3.5,1091537753
398,1344,3.5,1091535428
398,1345,3.5,1091534735
398,1347,2,1091534551
398,1348,2.5,1091265264
398,1350,2.5,1091261852
398,1356,3.5,1091537330
398,1370,3,1091537523
398,1374,2.5,1091535343
398,1375,2,1091260342
398,1377,3,1091537668
398,1378,2.5,1091537937
398,1387,3.5,1091266542
398,1388,2.5,1091266544
398,1391,0.5,1091262014
398,1396,2.5,1091537606
398,1407,2.5,1091266468
398,1408,4,1091539291
398,1438,2.5,1091537985
398,1464,3,1091534742
398,1483,3,1091534110
398,1485,2,1091537624
398,1499,2.5,1091538156
398,1515,2.5,1091703991
398,1527,3,1091703894
398,1544,2,1091537554
398,1552,3.5,1091537679
398,1556,1,1091703705
398,1570,2.5,1091261220
398,1573,2,1091537466
398,1580,2,1091537299
398,1586,3,1091537964
398,1587,3,1091534214
398,1589,3,1091706253
398,1590,2.5,1091261242
398,1591,2.5,1091538089
398,1603,2,1091538320
398,1608,2,1091537537
398,1619,3,1091535682
398,1653,3,1091537540
398,1665,2,1091538493
398,1672,2,1091538244
398,1676,3.5,1091537550
398,1682,2.5,1091537518
398,1687,2,1091538269
398,1690,2.5,1091260388
398,1717,2,1091266469
398,1721,1.5,1091537292
398,1722,2,1091260359
398,1729,3,1091703951
398,1732,4.5,1091534941
398,1748,2.5,1091264998
398,1752,2.5,1091538718
398,1754,3,1091538263
398,1772,2,1091266451
398,1882,2,1091537978
398,1884,4,1091266940
398,1909,2,1091260362
398,1917,2.5,1091264825
398,1918,2,1091537837
398,1921,3,1091535049
398,1923,1.5,1091267056
398,1924,3,1091538562
398,1954,3,1091267545
398,1961,3,1091539284
398,1968,4,1091535374
398,1974,2.5,1091538379
398,1975,2.5,1091538780
398,1982,2.5,1091534591
398,1994,2.5,1091537839
398,1995,2,1091538788
398,1997,3.5,1091260349
398,1998,2.5,1091261841
398,1999,2,1091261844
398,2000,3,1091537494
398,2001,0.5,1091260338
398,2002,2,1091537826
398,2003,3,1091537774
398,2004,1.5,1091538266
398,2013,4,1091538001
398,2023,3,1091265497
398,2028,4.5,1091536256
398,2058,3,1091535369
398,2076,4,1091534127
398,2094,2,1091537912
398,2115,3,1091265037
398,2116,3,1091261117
398,2118,3.5,1091261234
398,2119,2,1091538889
398,2121,3,1091538639
398,2122,3,1091265771
398,2124,3,1091537932
398,2126,1.5,1091538143
398,2143,2,1091709747
398,2159,3,1091534608
398,2160,3,1091261865
398,2167,3,1091265868
398,2174,3.5,1091537487
398,2194,2,1091260307
398,2232,3,1091533974
398,2279,1.5,1091538548
398,2288,4.5,1091534578
398,2315,1.5,1091538853
398,2328,3.5,1091261775
398,2329,4,1091261083
398,2336,3.5,1091537766
398,2338,2,1091538374
398,2340,3,1091267699
398,2373,3,1091538776
398,2378,2.5,1091265591
398,2379,2,1091265592
398,2380,2,1091265594
398,2381,1.5,1091265596
398,2382,1.5,1091265598
398,2401,2.5,1091265145
398,2402,3,1091261580
398,2404,1,1091261582
398,2405,2,1091537996
398,2406,2.5,1091537584
398,2409,2,1091267535
398,2410,2,1091267537
398,2411,2.5,1091267539
398,2412,2,1091267541
398,2420,2,1091538032
398,2421,1.5,1091538120
398,2448,2,1091538838
398,2454,3,1091534766
398,2455,2.5,1091537777
398,2459,3,1091264792
398,2460,2.5,1091264805
398,2461,2,1091264796
398,2471,1.5,1091538186
398,2476,3,1091709527
398,2478,1.5,1091708566
398,2505,3,1091538381
398,2513,3.5,1091267561
398,2514,2.5,1091267563
398,2515,2,1091265773
398,2516,0.5,1091265775
398,2524,3,1091707478
398,2529,3,1091534850
398,2533,3,1091538352
398,2539,3.5,1091537852
398,2542,2.5,1091534387
398,2571,3,1091261793
398,2580,3.5,1091537817
398,2594,2.5,1091261499
398,2598,2,1091709098
398,2605,2.5,1091267313
398,2606,3.5,1091538701
398,2617,1.5,1091537596
398,2628,2,1091537313
398,2640,2,1091537548
398,2648,3,1091704359
398,2657,2.5,1091267533
398,2664,3,1091538107
398,2683,3,1091539264
398,2688,3,1091537982
398,2699,2,1091537618
398,2700,3,1091267226
398,2706,3,1091537448
398,2710,1,1091537464
398,2716,3,1091264700
398,2717,2,1091264702
398,2722,2,1091537947
398,2726,4,1091534455
398,2728,2.5,1091264661
398,2746,2.5,1091537862
398,2762,3.5,1091537305
398,2791,2,1091537497
398,2802,2.5,1091538539
398,2805,0.5,1091262080
398,2808,1,1091538356
398,2826,2.5,1091537935
398,2858,4,1091536596
398,2862,3.5,1091706384
398,2867,1,1091265335
398,2868,0.5,1091265337
398,2871,4.5,1091537867
398,2890,3,1091537721
398,2916,3.5,1091537418
398,2922,3,1091265138
398,2944,3.5,1091267081
398,2948,3,1091535354
398,2949,3.5,1091538053
398,2950,3,1091265110
398,2951,3,1091261300
398,2959,4,1091261073
398,2974,2,1091536308
398,2976,2.5,1091706650
398,2985,4,1091265243
398,2986,2.5,1091265246
398,2987,2.5,1091537431
398,2990,3,1091538359
398,2995,2.5,1091538450
398,2997,2.5,1091265370
398,3005,2,1091261676
398,3013,3,1091704258
398,3016,2.5,1091534621
398,3018,3.5,1091534546
398,3033,2,1091537784
398,3066,3.5,1091538708
398,3081,3.5,1091264597
398,3082,3,1091537887
398,3113,2,1091538159
398,3119,3,1091705394
398,3121,3,1091265615
398,3153,3,1091264680
398,3168,3.5,1091535309
398,3198,3.5,1091265317
398,3203,3.5,1091534829
398,3253,1.5,1091260373
398,3254,2,1091538256
398,3258,3,1091538505
398,3259,2.5,1091709785
398,3262,2.5,1091261750
398,3265,3.5,1091534317
398,3267,3,1091538326
398,3272,2.5,1091534810
398,3273,1,1091266471
398,3300,3,1091534188
398,3339,3.5,1091261315
398,3354,1.5,1091538019
398,3355,2.5,1091706286
398,3386,3,1091709446
398,3409,3,1091538285
398,3418,3,1091535495
398,3421,4,1091534419
398,3444,2,1091703207
398,3448,2.5,1091537796
398,3452,2.5,1091538390
398,3481,3.5,1091535408
398,3484,2,1091538652
398,3498,3.5,1091265328
398,3508,4,1091534401
398,3527,2.5,1091261035
398,3535,2.5,1091538058
398,3555,1,1091261146
398,3556,4,1091535205
398,3578,3.5,1091537375
398,3581,3,1091535026
398,3587,3,1091534524
398,3617,3,1091703251
398,3624,1.5,1091538035
398,3649,0.5,1091703230
398,3652,2,1091707644
398,3654,3,1091267074
398,3676,3,1091534119
398,3681,3.5,1091704403
398,3682,3.5,1091534688
398,3686,3,1091705536
398,3693,3.5,1091538992
398,3694,3,1091538993
398,3695,3,1091538996
398,3696,2.5,1091265760
398,3697,2,1091261037
398,3698,2.5,1091703286
398,3702,3.5,1091265152
398,3703,3,1091265159
398,3704,2.5,1091265157
398,3705,2,1091709273
398,3717,1.5,1091537906
398,3729,3,1091267101
398,3741,2,1091706291
398,3744,1.5,1091267098
398,3751,3.5,1091708497
398,3753,3,1091537702
398,3766,1.5,1091261010
398,3767,1.5,1091261011
398,3768,1.5,1091261014
398,3769,2.5,1091709561
398,3771,3,1091264676
398,3777,2.5,1091264781
398,3781,3.5,1091267095
398,3782,2.5,1091267104
398,3785,0.5,1091538009
398,3793,2.5,1091266365
398,3807,3,1091264671
398,3825,0.5,1091709895
398,3826,1,1091538046
398,3836,3,1091709583
398,3847,2.5,1091261700
398,3863,3,1091537917
398,3868,2.5,1091265605
398,3869,3,1091538423
398,3917,3,1091265462
398,3918,2.5,1091265468
398,3919,2,1091265464
398,3930,3,1091265105
398,3949,3.5,1091534099
398,3960,2,1091708425
398,3970,3,1091261622
398,3981,2.5,1091538432
398,3984,3,1091538401
398,3985,3.5,1091534779
398,3993,4,1091538641
398,3994,2.5,1091260393
398,3997,0.5,1091265348
398,4005,2.5,1091538784
398,4008,3,1091709700
398,4011,3.5,1091262089
398,4015,1,1091538512
398,4027,3,1091537671
398,4030,2,1091265289
398,4036,3.5,1091534926
398,4084,2,1091705749
398,4085,2,1091705747
398,4105,3,1091261900
398,4124,1.5,1091266549
398,4128,3,1091538298
398,4146,2.5,1091262001
398,4148,2,1091703159
398,4214,3,1091538589
398,4223,3,1091266532
398,4226,3.5,1091537642
398,4235,4,1091264985
398,4251,3,1091534721
398,4254,2,1091706498
398,4270,1.5,1091709410
398,4329,3,1091261272
398,4336,3,1091267585
398,4367,1.5,1091265091
398,4390,2,1091703146
398,4398,1.5,1091706717
398,4403,3,1091729081
398,4437,3,1091261591
398,4442,2.5,1091267305
398,4475,2.5,1091534301
398,4480,2,1091261737
398,4493,2.5,1091706611
398,4501,3,1091703610
398,4531,2,1091709843
398,4532,2.5,1091264574
398,4533,3,1091264572
398,4541,3.5,1091265203
398,4552,3,1091261217
398,4558,1,1091709850
398,4565,2.5,1091703234
398,4571,3,1091535068
398,4577,3,1091535056
398,4580,1.5,1091709008
398,4618,2.5,1091704330
398,4624,3.5,1091267702
398,4635,2,1091709498
398,4636,2,1091706731
398,4638,2,1091267378
398,4670,2,1091706358
398,4673,2.5,1091267339
398,4699,2.5,1091265073
398,4718,2,1091703239
398,4720,3,1091261547
398,4754,2.5,1091539518
398,4776,1.5,1091538302
398,4855,4,1091267087
398,4865,3.5,1091261713
398,4874,3,1091265632
398,4876,2,1091704522
398,4878,3,1091265360
398,4901,3,1091535676
398,4934,2.5,1091265581
398,4945,3,1091534959
398,4950,3.5,1091535743
398,4951,3.5,1091261112
398,4973,3,1091537882
398,4975,2.5,1091538226
398,4993,3,1091261120
398,5010,3.5,1091706231
398,5015,3,1091262121
398,5040,2,1091534217
398,5049,2.5,1091538576
398,5054,4,1091534673
398,5107,2.5,1091703909
398,5146,3,1091261778
398,5210,1,1091770524
398,5219,2,1091538712
398,5244,2.5,1091261689
398,5254,3,1091265870
398,5269,3,1091706605
398,5293,2,1091703964
398,5301,3,1091706823
398,5349,2.5,1091266358
398,5371,3.5,1091729994
398,5406,3,1091704481
398,5418,3,1091533862
398,5433,3,1091266251
398,5445,2.5,1091706211
398,5459,1.5,1091538215
398,5479,3,1091265630
398,5489,3,1091265267
398,5502,1.5,1091267743
398,5507,1,1091538567
398,5541,2.5,1091538885
398,5569,3,1091261202
398,5570,3.5,1091261490
398,5587,2,1091703444
398,5588,3.5,1091703443
398,5608,2,1091534697
398,5630,2.5,1091265060
398,5679,2.5,1091261481
398,5717,2,1091265745
398,5747,3,1091709237
398,5754,3,1091709651
398,5785,3,1091538921
398,5810,3.5,1091534882
398,5833,3.5,1091261820
398,5853,2.5,1091266481
398,5872,3,1091538508
398,5909,3,1091261404
398,5944,2,1091264833
398,6016,3.5,1091265507
398,6040,2,1091703596
398,6078,3,1091707467
398,6185,2.5,1091703586
398,6242,2.5,1091261464
398,6250,3,1091265785
398,6263,1.5,1091703958
398,6264,0.5,1091539543
398,6280,1.5,1091705784
398,6281,2.5,1091261569
398,6289,2.5,1091260989
398,6290,3.5,1091261144
398,6333,3,1091266366
398,6365,1.5,1091261798
398,6395,3,1091705910
398,6428,3,1091709606
398,6459,3,1091267178
398,6500,1.5,1091265302
398,6502,3.5,1091264606
398,6536,3,1091264684
398,6537,1.5,1091261430
398,6539,4,1091538041
398,6542,3,1091262142
398,6564,0.5,1091265084
398,6602,3.5,1091534561
398,6618,3.5,1091534758
398,6646,2.5,1091264946
398,6652,3.5,1091534703
398,6659,3,1091264754
398,6662,3,1091535317
398,6664,0.5,1091534232
398,6707,3.5,1091264928
398,6721,2.5,1091265541
398,6731,3.5,1091260817
398,6754,2.5,1091604854
398,6755,3,1091534567
398,6774,3,1091261455
398,6782,3,1091539776
398,6800,1.5,1091264649
398,6807,3.5,1091534377
398,6812,2.5,1091709506
398,6820,3,1091534643
398,6874,4,1091264619
398,6880,2,1091264802
398,6909,2,1091267524
398,6934,2.5,1091261796
398,6947,2.5,1091535452
398,6952,2,1091703265
398,6953,2,1091706258
398,6958,1.5,1091708430
398,6966,3,1091703595
398,6979,3,1091535197
398,6989,3.5,1091535281
398,7001,3,1091706334
398,7017,2.5,1091706763
398,7022,3,1091267512
398,7024,2.5,1091705490
398,7029,2.5,1091962883
398,7042,4.5,1091534997
398,7046,3.5,1091703319
398,7076,3.5,1091535138
398,7115,3,1091534505
398,7123,3.5,1091534706
398,7143,3,1091535039
398,7153,2.5,1091261122
398,7160,3,1091262114
398,7193,3,1091706562
398,7235,3.5,1091261396
398,7254,3,1091267469
398,7307,3,1091703213
398,7310,2,1091709832
398,7360,2.5,1091260795
398,7362,0.5,1091261661
398,7373,3,1091265853
398,7387,3.5,1091260796
398,7389,3.5,1091262006
398,7438,3,1091264621
398,7482,2.5,1091267297
398,7562,3,1091534818
398,7570,2.5,1091707509
398,7704,2,1091266438
398,7781,2,1091703981
398,7817,3.5,1091729181
398,7842,3,1091534583
398,7886,2,1091265295
398,7894,3,1091261298
398,7951,3.5,1091266268
398,7980,3.5,1091534349
398,7984,3,1091534532
398,8019,3,1091539017
398,8035,1.5,1091539426
398,8045,3,1091267187
398,8093,3.5,1091534986
398,8118,1.5,1091266441
398,8142,3,1091261377
398,8225,2.5,1091260835
398,8340,3,1091534315
398,8369,0.5,1091265897
398,8493,3,1091265014
398,8501,3,1091534611
398,8589,3,1091262153
398,8596,3,1091534654
398,8604,2,1091534617
398,8680,3.5,1091708663
399,1013,3.5,1400321325
399,1347,2.5,1400321207
399,2581,4,1400321213
399,6218,3,1400321243
400,1,3,850385998
400,2,3,851347705
400,3,3,850386288
400,6,3,850386288
400,7,3,850386288
400,11,4,850400158
400,16,3,850400325
400,21,4,851347379
400,24,3,851347426
400,25,5,850385999
400,26,4,851347355
400,27,2,851347673
400,32,3,850385998
400,36,4,850386288
400,47,3,850400229
400,48,3,851347740
400,57,4,851347673
400,60,3,851347355
400,62,5,850385998
400,74,4,851347673
400,86,4,851347479
400,89,3,851347932
400,94,3,851347794
400,95,3,850385998
400,100,3,851347877
400,112,3,850386288
400,140,3,851347740
400,141,4,850385998
400,150,5,850400157
400,151,3,850400519
400,161,4,850400229
400,168,3,851347673
400,186,3,850400459
400,195,3,851347904
400,205,4,851347530
400,207,4,851347506
400,222,4,851009976
400,223,5,850400325
400,229,2,851010476
400,230,3,851010476
400,231,1,851009976
400,235,5,850400459
400,236,3,850400459
400,237,3,850400519
400,238,3,851347956
400,252,3,851347506
400,253,3,851347639
400,256,3,851347740
400,257,3,851347851
400,260,5,851347355
400,266,4,850400459
400,273,3,851347932
400,276,3,851347583
400,280,4,850400519
400,281,5,850400519
400,282,4,850400459
400,289,3,851347583
400,292,3,850400459
400,293,3,851347768
400,296,5,850400157
400,300,4,850400158
400,317,4,851347506
400,318,4,850400157
400,319,4,851347768
400,329,4,850400459
400,337,3,850400229
400,339,3,851347768
400,340,3,851347794
400,344,3,851010008
400,351,3,851347768
400,354,4,851347820
400,356,5,850400158
400,357,3,850400325
400,361,3,851347479
400,362,3,851347403
400,364,4,850400325
400,368,3,851347794
400,371,3,851347583
400,376,3,850386288
400,378,3,851347852
400,380,4,850400229
400,383,3,851347904
400,428,3,851347355
400,431,3,851347820
400,440,4,850400325
400,448,3,851347673
400,450,3,851347705
400,457,3,851347877
400,471,3,851347583
400,474,3,851347705
400,475,3,850400230
400,480,5,851347379
400,490,3,851347705
400,491,3,851347322
400,494,3,850386288
400,497,4,851347299
400,500,4,850400325
400,508,3,850400158
400,514,3,851347673
400,516,3,851347932
400,524,3,851347403
400,527,4,850400157
400,529,3,850400519
400,538,4,851347426
400,539,4,850400230
400,541,5,851347453
400,550,3,851347768
400,551,1,851347530
400,552,3,851347956
400,553,4,851347506
400,555,4,851347453
400,585,3,851347932
400,587,5,851010008
400,588,4,850400325
400,589,3,851347479
400,590,4,850400229
400,592,2,850400519
400,593,5,850400158
400,594,4,851009976
400,595,4,851009976
400,597,4,851347453
400,610,4,851347403
400,616,4,851347531
400,628,4,851347583
400,635,4,851347227
400,648,3,850385998
400,653,1,851347479
400,700,3,851347985
400,707,3,851347932
400,708,3,850400519
400,719,4,851347820
400,736,3,850385998
400,780,3,850385998
400,786,3,851347794
400,799,3,851009914
400,802,5,850400459
400,835,3,851347985
400,912,4,851347639
400,919,4,851347904
400,924,4,851347985
400,1012,3,851347639
400,1019,4,851347673
400,1022,4,851347453
400,1025,3,851347820
400,1027,1,851347639
400,1028,4,851347355
400,1029,4,851347453
400,1032,4,851347740
400,1035,5,851009977
400,1036,3,851347506
400,1073,5,851347299
400,1077,3,851347820
400,1079,5,851010476
400,1080,3,851347379
400,1081,4,851347852
400,1084,4,851347531
400,1089,3,851347877
400,1090,4,851347956
400,1097,5,851347322
400,1101,3,851347904
400,1136,5,851347583
400,1196,4,851347985
400,1197,5,851347852
400,1198,5,851347794
400,1246,5,851347956
400,1391,3,851347227
400,1393,4,851009914
401,7,4,1038633500
401,52,4,1038633567
401,352,3,1038633500
401,745,3,1038633646
401,858,5,1038633524
401,1244,4,1038633567
401,1961,4,1038633549
401,2248,4,1038633549
401,2858,5,1038633646
401,2997,4,1038633646
401,4855,3,1038633500
401,5155,5,1038633500
401,5367,4,1038633524
402,1221,3,988707217
402,1961,5,988338517
402,2328,4,988338409
402,2628,3,988338325
402,4020,2,988706259
402,4069,2,988707086
402,4155,3,988338482
402,4161,5,988707218
403,1,4,1444713415
403,260,4,1444713428
403,293,5,1444720221
403,356,4,1444713403
403,480,2.5,1444713408
403,593,4,1444713405
403,1270,2,1444713411
403,1625,5,1444717156
403,2571,2.5,1444713413
403,2770,4,1444713889
403,55820,4.5,1444717345
403,68237,4,1444713684
403,73321,4,1444717227
403,87485,1,1444713661
403,94864,1,1444713981
403,109487,5,1444713925
403,114180,0.5,1444717751
403,120466,1,1444714028
403,132128,3,1444717125
404,17,4,1090600760
404,19,4,1090600114
404,32,3.5,1090600769
404,50,3,1090602401
404,149,4,1090601936
404,151,3,1090600750
404,233,3.5,1090601381
404,235,4,1090600708
404,256,2,1090601352
404,260,4,1090600419
404,296,4,1090600400
404,299,3,1090601341
404,344,4,1090602376
404,356,3.5,1090600424
404,435,2,1090600283
404,446,4,1090601334
404,497,4,1090600315
404,508,3,1090600030
404,509,3,1090600035
404,589,3,1090602349
404,592,2.5,1090600436
404,594,3.5,1090600256
404,750,4.5,1090600289
404,785,3.5,1090600652
404,900,4,1090601317
404,919,3.5,1090600063
404,923,4,1090600617
404,924,3.5,1090599991
404,1017,4,1090601266
404,1019,3,1090601262
404,1080,4,1090600638
404,1101,1,1090600555
404,1103,3.5,1090601256
404,1175,4,1090601271
404,1185,4,1090601283
404,1199,3.5,1090600520
404,1202,4,1090601870
404,1208,3.5,1090600583
404,1210,4,1090600392
404,1213,4,1090600014
404,1225,4,1090600277
404,1232,4.5,1090602333
404,1258,3,1090600576
404,1279,4,1090601838
404,1280,4,1090601234
404,1291,3.5,1090600568
404,1293,3.5,1090601207
404,1304,4.5,1090600587
404,1305,4,1090601844
404,1307,4,1090600058
404,1320,3,1090600591
404,1339,4,1090601211
404,1348,4,1090601223
404,1374,2.5,1090600544
404,1375,2.5,1090600546
404,1380,3.5,1090600488
404,1411,4,1090601182
404,1438,2.5,1090601168
404,1527,3.5,1090600266
404,1580,3,1090600473
404,1584,3,1090600171
404,1658,3.5,1090601841
404,1721,3.5,1090600480
404,1848,3,1090601814
404,1923,3.5,1090600497
404,2028,3.5,1090602277
404,2112,4,1090601129
404,2145,3,1090601125
404,2243,4,1090601120
404,2285,3,1090602273
404,2324,4.5,1090600493
404,2352,4,1090601096
404,2371,3.5,1090601093
404,2378,2.5,1090601077
404,2390,4,1090601083
404,2396,3.5,1090602244
404,2407,3,1090601074
404,2467,3.5,1090601040
404,2533,3,1090601026
404,2671,3,1090600471
404,2683,2,1090600233
404,2707,3,1090601044
404,2716,3.5,1090600386
404,2732,4.5,1090601697
404,2745,4,1090601705
404,2788,4,1090601035
404,2858,4.5,1090602208
404,2951,4,1090600991
404,2968,3,1090600988
404,2970,4,1090601699
404,2997,4.5,1090600000
404,3020,2.5,1090600982
404,3079,4.5,1090601680
404,3104,3.5,1090600999
404,3160,4.5,1090602845
404,3174,3,1090602724
404,3320,4,1090602181
404,3354,2,1090602712
404,3386,3,1090602716
404,3408,3.5,1090602734
404,3418,3.5,1090602720
404,3438,1.5,1090600934
404,3448,4,1090600956
404,3471,2.5,1090600379
404,3476,4,1090600951
404,3504,4,1090600916
404,3578,4,1090600247
404,3623,3,1090600889
404,3671,4,1090602693
404,3702,3,1090600898
404,3763,3.5,1090602688
404,3788,4,1090601590
404,3967,3.5,1090600832
404,4027,4,1090602659
404,4117,4,1090601561
404,4246,3.5,1090600853
404,4280,4,1090601545
404,4291,3.5,1090601518
404,4308,3,1090600863
404,4361,3.5,1090600841
404,4467,4.5,1090601523
404,4571,3,1090602622
404,4799,3,1090601472
404,4835,4,1090601486
404,4886,4,1090600799
404,4896,3,1090602587
404,4941,3.5,1090601479
404,4973,4.5,1090600789
404,4979,4,1090600808
404,5013,4.5,1090600802
404,5060,4,1090600409
404,5074,4,1090602091
404,5147,3.5,1090602083
404,5218,3,1090600815
404,5459,2.5,1090602544
404,5528,3,1090601445
404,5669,4,1090600806
404,5752,4,1090602039
404,5810,2.5,1090601456
404,5816,3,1090602523
404,5878,4.5,1090601451
404,5890,4,1090602045
404,5989,4,1090602501
404,6239,3.5,1090602009
404,6305,4,1090602022
404,6659,4,1090601417
404,6711,4.5,1090602477
404,6791,4,1090601984
404,6807,4.5,1090601411
404,6991,3.5,1090602451
404,7132,4,1090601979
404,7386,4,1090601956
404,8183,4,1090602433
404,8623,4,1090602423
405,480,1,1008530045
405,912,4,1008529084
405,1079,3,1008530045
405,1099,4,1008529268
405,1197,3,1008529111
405,1198,3,1008529181
405,1210,3,1008529130
405,1270,3,1008529245
405,2671,4,1008529033
405,3489,3,1008529084
405,3536,5,1008529507
405,3882,5,1008529609
405,3948,5,1008529634
405,3977,4,1008529609
405,4025,4,1008529688
405,4168,5,1008529796
405,4228,3,1008529796
405,4447,5,1008529672
405,4728,4,1008529634
405,4816,4,1008529609
406,2083,4.5,1350771754
406,2137,4,1350771657
406,2139,3.5,1350771684
406,2545,0.5,1350774132
406,3483,5,1350771938
406,3615,3,1350771900
406,4912,2,1350772819
406,5422,5,1350773889
406,26133,5,1350772812
406,32289,3.5,1350773925
406,56949,3.5,1350771944
406,59784,5,1350771756
406,71264,4,1350772840
406,73854,4.5,1350773740
406,81535,0.5,1350774089
407,333,3.5,1233171245
407,524,4,1233171296
407,596,4.5,1233171199
407,616,4.5,1233171302
407,673,3.5,1233171259
407,1013,4,1233171490
407,1015,3,1233171542
407,1302,2,1233171222
407,2302,4,1233171180
407,2371,5,1233171336
407,2713,1,1233171515
407,2722,2.5,1233171317
407,2763,4.5,1233171227
407,3039,5,1233171276
407,3869,5,1233171485
408,36,5,1116856863
408,266,2.5,1116856614
408,350,3,1116856604
408,368,1,1116856616
408,410,0.5,1116856569
408,442,1.5,1116856607
408,509,4,1116856585
408,594,3,1116856766
408,708,2,1116856768
408,919,4.5,1116856599
408,1060,5,1116856837
408,1089,4,1116856621
408,1213,5,1116856583
408,1307,4.5,1116856594
408,1527,3,1116856581
408,1584,3,1116856606
408,1610,1.5,1116856610
408,1923,5,1116856589
408,1961,5,1116856587
408,2683,3.5,1116856573
408,2987,1.5,1116856770
408,2997,4,1116856577
408,4262,5,1116856833
408,5669,2,1116856850
408,5954,4.5,1116856861
408,6870,5,1116856840
408,7160,5,1116856845
408,8366,2,1116856866
408,8376,3.5,1116856960
408,8464,2,1116856847
408,27873,1,1116856952
409,546,3,1323036367
409,1013,3,1323036414
409,2722,2,1323036335
409,2986,2.5,1323036386
409,3157,3,1323036405
409,3608,2,1323036363
409,3624,2.5,1323036328
409,4643,0.5,1323036312
410,45,4.5,1102290837
410,105,3,1102290828
410,198,3.5,1102290864
410,272,4,1102290901
410,345,4.5,1102290823
410,480,4,1102291096
410,585,5,1102290886
410,903,5,1102290841
410,904,5,1102318021
410,908,5,1102318048
410,916,4.5,1102318036
410,919,5,1102317891
410,922,5,1102318011
410,926,5,1102318005
410,930,5,1102317935
410,942,5,1102317939
410,1084,5,1102290853
410,1103,5,1102318043
410,1192,5,1102291371
410,1285,4.5,1102290895
410,1320,2.5,1102290849
410,1673,5,1102290855
410,1674,4.5,1102290873
410,1777,3.5,1102290905
410,2019,4.5,1102318025
410,2353,3,1102290831
410,2699,2.5,1102291059
410,2700,5,1102291065
410,2710,5,1102291073
410,2731,5,1102318032
410,2763,4,1102291102
410,2797,3.5,1102291068
410,2918,4,1102291107
410,2940,5,1102317943
410,3101,5,1102290859
410,3176,4.5,1102291080
410,3239,3.5,1102317408
410,3253,4,1102291105
410,3317,5,1102317234
410,3325,2,1102317456
410,3435,5,1102317931
410,3471,4,1102291092
410,3646,3.5,1102317492
410,3867,3,1102317773
410,3897,3,1102291062
410,3911,4,1102317239
410,3967,4,1102317627
410,3977,4,1102290890
410,3983,4.5,1102317584
410,3993,4.5,1102317647
410,4021,5,1102317598
410,4034,4,1102290868
410,4065,4,1102291386
410,4077,4.5,1102317337
410,4144,4.5,1102317568
410,4226,5,1102317550
410,4308,5,1102317853
410,4641,4,1102317280
410,4643,1.5,1102317717
410,4903,4,1102317577
410,4973,4.5,1102317241
410,4979,5,1102317252
410,5013,5,1102317301
410,5074,3,1102317362
410,5136,2,1102317687
410,5225,5,1102317266
410,5673,2.5,1102317288
410,5675,0.5,1102317390
410,5812,4.5,1102317591
410,5878,4.5,1102317326
410,5881,4,1102317735
410,5902,4.5,1102317259
410,5945,4,1102317613
410,5952,4,1102290898
410,5991,4.5,1102317271
410,5992,4.5,1102317635
410,6016,5,1102317546
410,6031,5,1102317996
410,6295,1.5,1102317447
410,6370,3.5,1102317297
410,6535,3.5,1102317468
410,6552,4.5,1102317528
410,6568,4.5,1102317859
410,6596,4,1102317728
410,6620,4,1102317536
410,6711,3.5,1102317274
410,6870,3,1102317606
410,6874,5,1102317581
410,7080,5,1102317896
410,7116,5,1102317998
410,7151,3,1102317621
410,7158,3,1102317603
410,7361,3,1102317227
410,7438,5,1102317562
410,7728,5,1102317960
410,8062,3,1102317742
410,8361,4,1102317817
410,8373,1.5,1102317720
410,8531,3,1102317489
410,8645,5,1102317512
410,8667,2.5,1102317532
410,8870,4,1102317796
410,8873,4.5,1102317520
410,8949,5,1102317221
410,8966,4.5,1102317516
410,8977,1.5,1102317758
411,70,5,974602830
411,110,5,974602662
411,551,4,974602748
411,589,4,974602690
411,1025,3,974602468
411,1259,5,974602662
411,1580,4,974602748
411,1961,5,974602468
411,2088,3,974602506
411,2291,3,974602713
411,2628,4,974602426
411,2791,5,974602426
411,2858,5,974602662
411,3249,4,974602468
411,3327,5,974602662
411,3450,4,974602815
411,3555,4,974602748
411,3753,3,974602748
411,3897,4,974603104
411,3916,5,974603167
411,3948,5,974603167
412,16,4.5,1479333858
412,32,4.5,1478893420
412,47,5,1478893423
412,50,5,1478893341
412,110,4,1482850397
412,111,3.5,1479502519
412,288,4,1478981977
412,293,4.5,1478981852
412,296,4.5,1478893414
412,318,5,1478893338
412,364,4.5,1482850419
412,588,4.5,1492896996
412,608,4,1493326610
412,750,5,1479333803
412,778,3.5,1479333871
412,858,5,1478893340
412,903,4,1482850207
412,924,5,1478893472
412,1080,5,1479502738
412,1089,5,1478893432
412,1136,4.5,1480101046
412,1193,4,1478893356
412,1203,3.5,1479333862
412,1206,5,1478893524
412,1214,4.5,1478981886
412,1221,5,1478893347
412,1222,4.5,1479333813
412,1258,4.5,1478981889
412,1263,4.5,1480101161
412,1265,4,1478981029
412,1278,4,1480369276
412,1408,5,1482850569
412,1464,4.5,1478981177
412,1466,4.5,1479073207
412,1617,4.5,1478981883
412,1619,3.5,1479073196
412,1645,4,1478981368
412,1653,4,1478893479
412,1721,3.5,1479072975
412,1729,4.5,1480101097
412,1732,4.5,1482618539
412,1735,3.5,1480713958
412,1784,4.5,1478893588
412,1884,3.5,1478981236
412,1921,3.5,1478893580
412,2023,4,1482850605
412,2076,4.5,1478981216
412,2194,3.5,1482850234
412,2232,2.5,1478893573
412,2313,4.5,1479073200
412,2329,4.5,1479333823
412,2542,4,1479244295
412,2594,4.5,1478981506
412,2791,4,1492897001
412,2858,4.5,1482850205
412,2959,3,1478893353
412,3006,3.5,1479073027
412,3081,3.5,1482850535
412,3176,3.5,1482850526
412,3252,4,1482850223
412,3362,3.5,1479072964
412,3408,3.5,1479503097
412,3535,4,1478982114
412,3676,4.5,1478981228
412,3730,4.5,1479244520
412,3735,3.5,1479073077
412,3897,3,1482850466
412,3949,5,1478893517
412,4011,4.5,1480195248
412,4226,5,1478893428
412,4239,4.5,1479073054
412,4262,4.5,1478981891
412,4326,4.5,1479503202
412,4720,4,1480195242
412,4848,4.5,1478980954
412,4963,3.5,1478981910
412,4973,4.5,1478980961
412,4975,4,1478981022
412,4979,4,1482850539
412,5608,3.5,1479073056
412,5679,3,1478982111
412,5878,4.5,1478893595
412,5995,4.5,1479333836
412,6016,4.5,1479072920
412,6378,3.5,1478982082
412,6711,3,1480101169
412,6870,3,1479333891
412,6953,3.5,1479502179
412,7147,4,1478981026
412,8950,4.5,1478981638
412,8984,3.5,1478982099
412,26246,4.5,1479502404
412,27773,4.5,1478981272
412,27803,4,1479072987
412,34437,4,1478981521
412,42632,4,1478981714
412,44665,3.5,1479244502
412,46578,4,1479244292
412,48385,4.5,1493408448
412,48394,4.5,1478980952
412,48774,4,1478980883
412,48780,4.5,1478981903
412,51540,4,1478981942
412,55820,5,1478981929
412,56782,4.5,1479333841
412,61323,4,1482618580
412,63082,4,1479333953
412,68237,3,1478980906
412,69757,3.5,1479502701
412,70286,4,1478982012
412,71156,3,1479502879
412,77307,4,1493408285
412,79357,4,1478980991
412,81591,4,1478986204
412,88163,3.5,1479334193
412,96821,3,1479334221
412,97304,3.5,1478982060
412,97938,4,1480101193
412,99114,4.5,1479333986
412,108729,4,1479502212
412,109848,3.5,1479502354
412,112183,4,1478981218
412,128360,4.5,1480101089
412,133771,4,1478981360
412,139385,4.5,1482850214
412,139644,4.5,1492896902
412,142222,4,1484946866
412,149334,4,1493326807
412,152077,3,1478893675
412,155509,3,1484946882
412,157200,3.5,1484946898
412,158238,4.5,1479244552
412,158966,4,1484946830
412,161580,3,1493326859
412,162606,4,1484946826
412,164200,3.5,1493326844
412,166643,4,1493327029
412,166705,4.5,1493326824
412,168612,4,1493326817
413,1,4,854738338
413,6,4,854738380
413,14,3,854738404
413,17,4,854738338
413,25,5,854738338
413,36,3,854738380
413,41,5,854738464
413,100,4,854738465
413,112,3,854738380
413,141,2,854738338
413,608,5,854738380
413,628,3,854738426
413,648,2,854738338
413,784,3,854738404
413,805,3,854738426
413,832,4,854738465
414,150,4,1189480405
414,180,4,1189480036
414,223,4.5,1189480450
414,318,4,1189479850
414,527,4,1189479852
414,750,4,1189479766
414,849,2,1189478859
414,858,4.5,1189479773
414,1198,4,1189479824
414,1223,4,1189478895
414,1500,4.5,1189480127
414,2064,4,1189478849
414,2115,4,1189480535
414,2572,3,1189479428
414,2581,2,1189478884
414,2618,4.5,1189480446
414,2641,3,1189478851
414,2716,3.5,1189480485
414,2761,4,1189480143
414,2858,4.5,1189479741
414,2918,4.5,1189480481
414,2959,5,1189479768
414,3107,4,1189478871
414,3148,4,1189481315
414,3429,4,1189479751
414,3578,3.5,1189480490
414,3624,3.5,1189478887
414,4251,4,1189479953
414,4886,4,1189480581
414,4963,4,1189480162
414,4973,4.5,1189479739
414,4993,4.5,1189479784
414,5010,4,1189480241
414,5103,4,1189480064
414,5151,2,1189479539
414,5349,3.5,1189480071
414,5377,2.5,1189480411
414,5418,5,1189480102
414,5445,4,1189480575
414,5618,5,1189479856
414,5669,4.5,1189481290
414,5810,2,1189479586
414,5989,4.5,1189481297
414,6283,4,1189480454
414,6383,0.5,1189479473
414,6502,5,1189479496
414,6539,4,1189480339
414,6857,4.5,1189480709
414,7099,4.5,1189479817
414,7153,4,1189479786
414,8464,4.5,1189480210
414,8580,4.5,1189480141
414,8622,4.5,1189480258
414,8636,3.5,1189480206
414,8665,4.5,1189480246
414,8874,5,1189480349
414,8957,4,1189480720
414,8981,4.5,1189480451
414,27660,4.5,1189480214
414,27801,4,1189480325
414,27879,4,1189480255
414,31878,4.5,1189480542
414,33794,3.5,1189480416
414,35836,4,1189479541
414,40278,4.5,1189480532
414,40955,3.5,1189481294
414,44195,5,1189480374
414,44761,5,1189480423
414,44974,5,1189480492
414,45210,5,1189480380
414,45950,4.5,1189480291
414,48385,4.5,1189480243
414,48774,5,1189481312
414,49272,3.5,1189480444
414,49530,3.5,1189480419
414,51255,5,1189480136
414,51662,4.5,1189479100
414,52241,4.5,1189480569
414,52245,1,1189479399
414,52973,4.5,1189479918
414,53000,4.5,1189479500
414,54286,4.5,1189479092
415,1,5,978555994
415,10,5,978147137
415,17,4,978554393
415,32,4,982190271
415,34,3,978556367
415,47,4,978554124
415,76,1,978300170
415,110,4,978555662
415,111,4,982125019
415,165,5,978147253
415,198,3,978557492
415,223,5,983074267
415,260,3,978146799
415,318,4,994556598
415,329,5,978299588
415,330,4,978555441
415,356,4,978556909
415,364,3,978556036
415,368,2,978147113
415,377,4,978147137
415,380,4,978147271
415,405,1,983124158
415,420,4,978299698
415,457,3,978146863
415,480,4,982190693
415,527,3,978146727
415,588,4,978556083
415,589,4,982190992
415,592,4,978555732
415,593,5,978146713
415,594,3,978556036
415,595,3,978556083
415,596,4,978556129
415,648,3,978147357
415,720,5,978555994
415,733,5,978147210
415,741,2,978555994
415,785,4,979429334
415,842,2,978555404
415,858,4,978555606
415,879,1,982190857
415,919,4,978555814
415,940,4,978555732
415,1022,3,978556177
415,1025,3,978556129
415,1029,4,978556129
415,1036,5,978299725
415,1073,5,978555881
415,1080,3,978556835
415,1090,3,978300207
415,1097,3,978557204
415,1127,3,978555732
415,1148,4,982381689
415,1188,5,978556835
415,1193,5,982730936
415,1196,5,978146799
415,1197,4,978146863
415,1198,4,978146799
415,1200,3,978555633
415,1206,4,978557204
415,1210,4,978146747
415,1214,2,978146863
415,1215,5,980824980
415,1219,5,978555104
415,1220,5,978147137
415,1234,5,994556636
415,1240,3,978146863
415,1258,5,978555104
415,1259,4,978147476
415,1261,5,978147253
415,1262,3,982190630
415,1265,4,978556955
415,1270,5,978557301
415,1275,5,983124158
415,1277,4,978146882
415,1278,5,978556399
415,1282,3,978556177
415,1291,4,978146984
415,1301,3,978557301
415,1307,4,978554335
415,1321,4,978555222
415,1327,2,978555404
415,1334,3,978555404
415,1339,4,978555441
415,1340,3,978555317
415,1345,3,978555317
415,1350,4,978554892
415,1356,5,978299588
415,1370,4,978147137
415,1371,2,978147395
415,1372,4,978147232
415,1373,2,978299588
415,1374,5,978299588
415,1375,3,978147192
415,1376,3,978147210
415,1387,5,978555141
415,1407,4,978300170
415,1431,2,983124187
415,1527,3,982190563
415,1552,3,978147313
415,1573,4,978557492
415,1580,5,978147192
415,1584,3,978557438
415,1597,3,978147099
415,1608,3,978147373
415,1610,2,978147043
415,1644,3,978299555
415,1645,4,978555360
415,1650,1,978554433
415,1655,1,982190791
415,1682,4,978299817
415,1717,2,978300170
415,1722,4,978299479
415,1753,3,978554208
415,1756,4,978555553
415,1772,4,978299844
415,1792,3,978147395
415,1909,4,978299520
415,1911,3,979429033
415,1918,5,978299673
415,1961,5,982381393
415,1974,3,982190602
415,1982,5,978555258
415,1994,5,978555173
415,1997,5,978555141
415,2000,4,978299673
415,2001,5,978147099
415,2002,5,978299673
415,2004,2,982190660
415,2021,3,978557357
415,2028,4,978146863
415,2064,3,978556835
415,2078,5,978556177
415,2080,4,978556129
415,2081,3,978556083
415,2085,4,978556129
415,2087,4,978556036
415,2089,3,978556129
415,2094,2,978147334
415,2096,3,978556036
415,2103,2,978555881
415,2115,3,978146747
415,2137,3,978556083
415,2139,4,978556036
415,2160,2,978555141
415,2195,3,978554246
415,2296,3,978299920
415,2321,4,978299636
415,2324,5,978556331
415,2336,2,982190530
415,2338,2,978299555
415,2353,3,978147253
415,2355,5,978556083
415,2366,4,978146910
415,2367,2,982190694
415,2376,4,978147165
415,2393,3,978147017
415,2394,5,978556129
415,2414,3,978147292
415,2423,5,978556909
415,2428,1,982190563
415,2454,4,978555517
415,2455,3,978555222
415,2490,2,978147395
415,2502,4,979429593
415,2527,3,978146700
415,2529,3,978147099
415,2568,3,979429449
415,2571,4,978146984
415,2574,3,982190791
415,2599,4,978556779
415,2600,1,982191045
415,2622,5,978300144
415,2628,3,978147137
415,2633,3,978555317
415,2638,4,978555104
415,2640,3,978147266
415,2644,4,978555222
415,2646,2,978555104
415,2647,2,978555104
415,2648,4,978555104
415,2649,1,982190917
415,2653,1,982190917
415,2662,3,978147043
415,2683,4,979428881
415,2687,4,978556129
415,2692,5,978146863
415,2694,4,978299903
415,2699,1,978147232
415,2700,4,978554164
415,2707,4,979428881
415,2710,3,978555360
415,2713,2,982190719
415,2716,4,978299947
415,2717,5,978299947
415,2719,3,979429270
415,2720,1,982190694
415,2746,4,978555317
415,2761,2,978556036
415,2762,5,979427947
415,2770,3,979428956
415,2782,2,982190791
415,2789,3,978554929
415,2790,3,978554969
415,2836,4,982295349
415,2841,5,978300188
415,2858,5,982210072
415,2860,5,978554075
415,2888,2,982190530
415,2918,4,982190563
415,2947,4,978146939
415,2948,5,978146939
415,2949,4,978146939
415,2959,5,979429125
415,2976,5,978850058
415,2987,4,978555881
415,2989,4,978147099
415,2990,3,982190719
415,2991,5,978146910
415,2993,4,978146910
415,3081,4,978555317
415,3082,5,978147292
415,3114,4,978147462
415,3174,4,979429390
415,3175,3,982190630
415,3176,2,978554289
415,3208,3,978147313
415,3213,3,978556036
415,3264,4,978555553
415,3273,3,978300170
415,3325,2,979429594
415,3409,2,982190602
415,3421,3,983074250
415,3461,4,978555914
415,3471,2,978557164
415,3510,5,979429182
415,3527,4,978147210
415,3552,3,978556909
415,3596,5,978299860
415,3623,2,979429449
415,3624,5,978146984
415,3633,5,978147017
415,3635,5,978146939
415,3638,4,978147060
415,3639,4,978146984
415,3701,3,978557438
415,3717,4,978147410
415,3744,4,978147373
415,3752,4,979429390
415,3793,4,978299772
415,3863,4,978554522
415,3889,3,983124158
415,3928,2,978555222
415,3930,3,978555317
415,3948,4,983074230
415,3959,5,978555842
415,3964,3,978556083
415,3984,4,978147017
415,3986,2,978147334
415,3994,5,979427866
415,3996,5,979427786
415,4005,5,978299416
415,4022,3,978553860
415,4105,4,980824946
415,4148,5,982454027
415,4167,4,985210924
415,4306,5,994556439
415,4623,3,994556529
416,11,4,831920474
416,150,5,831920333
416,151,4,831920474
416,158,3,831920526
416,165,4,831920364
416,168,5,831920526
416,185,4,831920404
416,208,3,831920404
416,224,1,831920526
416,225,5,831920419
416,227,2,831920587
416,231,4,831920383
416,277,3,831920573
416,292,5,831920404
416,333,3,831920560
416,349,5,831920351
416,367,3,831920771
416,380,4,831920333
416,420,4,831920454
416,434,5,831920383
416,457,5,831920676
416,592,3,831920333
416,593,5,831920711
417,266,4.5,1488669554
417,318,5,1487292920
417,352,4.5,1487296785
417,500,3.5,1487297479
417,551,4,1487552567
417,590,4.5,1487552619
417,1073,4.5,1487552628
417,1097,4,1487293042
417,1172,4,1487293423
417,1197,3.5,1487292957
417,1230,4,1487294198
417,1244,4,1487293420
417,1246,4,1487297072
417,1259,4,1487293002
417,1271,4,1487293118
417,1394,4.5,1487297361
417,1704,3,1487292984
417,1721,3,1487297472
417,1732,4.5,1487552950
417,2174,4,1487297295
417,2291,4,1487293993
417,2691,4.5,1487293650
417,2762,2.5,1487297099
417,2858,5,1487293900
417,2918,3.5,1487293060
417,2959,4,1487292997
417,3081,2.5,1487297562
417,3253,5,1487552775
417,3408,2,1487297495
417,3424,5,1487293508
417,3481,3,1487552543
417,3911,4,1487552781
417,4226,2,1487296834
417,4246,3.5,1487297517
417,4973,5,1487292993
417,4979,3.5,1487294091
417,5618,3.5,1487296821
417,5902,5,1487293888
417,6711,5,1487293928
417,6942,4,1487293152
417,6993,4,1487294022
417,7147,4,1487293169
417,7361,5,1487293050
417,8969,4,1487552836
417,30793,1.5,1487297154
417,55814,5,1487293486
417,60950,4,1487293380
417,86882,3.5,1487552576
417,96966,5,1488682745
417,102800,5,1487294068
417,103984,4,1487296966
417,106920,4,1487293066
417,110461,4,1487293752
417,134853,5,1487297605
418,1,3,855403185
418,3,3,855403224
418,6,3,855403223
418,17,5,855403185
418,29,5,855403349
418,32,4,855403185
418,52,4,855403247
418,82,4,855403361
418,95,3,855403185
418,100,3,855403291
418,141,5,855403185
418,260,5,855403268
418,494,3,855403224
418,608,5,855403223
418,648,3,855403185
418,661,4,855403268
418,707,4,855403311
418,708,4,855403247
418,719,3,855403291
418,733,4,855403224
418,737,3,855403291
418,762,3,855403268
418,778,5,855403291
418,780,4,855403185
418,786,3,855403247
418,836,3,855403407
418,1050,4,855403492
418,1051,3,855403515
418,1356,5,855403268
418,1357,5,855403465
418,1393,3,855403378
419,22,5,898530703
419,296,4,898530537
419,593,5,898530703
419,1183,3,898530921
419,1219,5,898530703
419,1258,5,898530735
419,1261,4,898530615
419,1320,4,898530678
419,1321,5,898530703
419,1327,5,898530735
419,1331,4,898530678
419,1333,5,898530703
419,1337,4,898530735
419,1339,4,898530678
419,1340,3,898530615
419,1341,4,898530678
419,1342,4,898530678
419,1343,4,898530615
419,1345,4,898530615
419,1346,4,898530615
419,1347,5,898530703
419,1348,5,898530703
419,1350,3,898530537
419,1387,4,898530537
419,1388,3,898530678
419,1407,4,898530898
419,1438,5,898530703
419,1453,3,898529814
419,1468,1,898529869
419,1474,5,898529736
419,1485,4,898529664
419,1515,4,898529905
419,1584,4,898529479
419,1586,3,898529525
419,1588,5,898529664
419,1590,4,898529905
419,1591,4,898530031
419,1592,3,898530031
419,1595,4,898530360
419,1597,5,898530703
419,1603,3,898529905
419,1606,2,898529986
419,1608,4,898529525
419,1623,4,898530360
419,1625,4,898529698
419,1641,2,898530921
419,1644,3,898529948
419,1645,4,898529621
419,1653,2,898529479
419,1654,3,898530220
419,1658,4,898529525
419,1665,1,898530129
419,1667,3,898529621
419,1672,5,898530898
419,1677,2,898530129
419,1681,1,898530072
419,1682,5,898529337
419,1687,3,898529986
419,1688,4,898529621
419,1690,4,898529869
419,1702,4,898529869
419,1704,4,898530921
419,1707,3,898530360
419,1710,3,898530268
419,1711,3,898529736
419,1713,4,898530268
419,1717,5,898529869
419,1718,4,898530320
419,1721,5,898530921
419,1722,3,898529566
419,1739,2,898530320
419,1749,2,898530129
419,1754,3,898529814
419,1756,4,898530129
419,1760,1,898530220
419,1772,4,898530320
419,1779,4,898530129
419,1801,4,898529621
419,1804,3,898529814
419,1806,4,898530268
419,1816,3,898529948
419,1822,3,898530183
419,1831,3,898530031
419,1837,4,898530183
419,1839,4,898530183
419,1840,2,898529337
420,231,5,1459277209
420,1580,4,1459277148
420,2572,5,1459277259
420,2706,4.5,1459276362
420,3481,3,1459276448
420,3617,5,1459276608
420,3882,5,1459276839
420,4447,4.5,1459276538
420,4718,4,1459276365
420,5299,4,1459276517
420,5349,4,1459276417
420,6373,5,1459276519
420,6936,5,1459276818
420,7360,5,1459276882
420,7451,5,1459276798
420,7541,4,1459276343
420,8528,5,1459276773
420,8529,5,1459276995
420,8641,5,1459276761
420,8644,5,1459276499
420,8874,5,1459276482
420,30825,5,1459276827
420,33615,4,1459277002
420,33679,5,1459276592
420,38038,4,1459277356
420,39715,4,1459276368
420,41569,4.5,1459276669
420,49272,4,1459276466
420,50189,5,1459276373
420,51662,4,1459276487
420,52722,5,1459276800
420,54272,5,1459276673
420,54503,5,1459276598
420,56174,5,1459276588
420,59429,4,1459276371
420,60756,5,1459277216
420,61024,5,1459277248
420,68954,4,1459276468
420,69122,5,1459277128
420,69757,5,1459276613
420,70286,4,1459276508
420,71535,5,1459276624
420,72998,5,1459276469
420,73106,4,1459276375
420,79091,5,1459277318
420,84152,5,1459276872
420,91500,5,1459276665
420,93510,5,1459277344
420,95441,5,1459277317
420,106782,5,1459276795
420,109487,2,1459276526
420,115617,5,1459276867
420,119145,5,1459277250
420,131013,4.5,1459277382
420,135861,5,1459277321
420,135887,5,1459277294
421,1,5,936724169
421,2,5,936723610
421,7,4,936724318
421,10,4,936723534
421,11,4,936725375
421,34,5,936724228
421,39,4,936725414
421,44,3,936723796
421,60,3,936723534
421,107,2,936723796
421,110,1,922234297
421,141,4,936725375
421,158,4,936723649
421,160,2,936723796
421,173,3,936723796
421,208,3,936723796
421,260,5,922234140
421,316,5,936723748
421,339,4,936725331
421,349,5,936723610
421,356,5,936724228
421,377,5,922234297
421,380,5,936723610
421,440,4,936725331
421,455,4,936723928
421,457,5,922234356
421,471,4,936725331
421,480,5,936723534
421,497,4,936724318
421,546,2,936723928
421,577,4,936723610
421,588,4,936724270
421,589,5,922234296
421,597,5,936725375
421,648,4,936723748
421,653,3,936723837
421,673,2,936723928
421,688,2,936723941
421,733,5,922234207
421,736,3,936723837
421,754,3,936723748
421,836,3,936723928
421,1036,5,922234246
421,1196,4,922234246
421,1197,4,922234246
421,1198,4,922234140
421,1210,5,922234246
421,1233,4,922234246
421,1240,4,922234356
421,1265,2,936724270
421,1356,5,922234328
421,1359,3,936723928
421,1527,5,922234297
421,1544,2,936723837
421,1552,5,922234297
421,1566,2,936723662
421,1580,2,922234297
421,1591,3,936723874
421,1608,5,922234297
421,1610,4,922234155
421,1641,3,936724270
421,1667,2,922234197
421,1676,1,936723796
421,1721,4,922234140
421,1784,5,936724169
421,1848,4,936723534
421,1923,5,936724169
421,2006,3,936723748
421,2046,4,936723748
421,2094,4,936723702
421,2153,2,936724024
421,2273,2,922234197
421,2302,4,936724228
421,2396,4,936724169
421,2429,3,936723874
421,2528,3,922234297
421,2628,4,936723534
421,2687,2,936723434
422,50,3,846686342
422,165,3,846686142
422,296,4,846686114
422,318,3,846686341
422,357,2,846686450
422,457,3,846686222
422,480,2,846686450
422,527,5,846686342
422,588,3,846686142
422,592,2,846686114
423,103,4,969752403
423,110,5,969753447
423,197,3,969752403
423,948,3,969752403
423,1090,4,969753447
423,1197,5,969752403
423,1263,4,969752403
423,1387,5,969753447
423,1426,3,969752403
423,2355,4,969753447
423,2529,5,969753447
423,2550,3,969752403
423,3078,4,969753079
423,3079,3,969753080
423,3083,3,969753080
423,3117,4,969753080
423,3124,3,969753333
423,3127,3,969753333
423,3129,3,969753155
423,3146,4,969753217
423,3147,5,969752403
423,3148,5,969753183
423,3149,4,969753333
423,3155,4,969753155
423,3160,3,969753155
423,3163,3,969753217
423,3173,4,969753183
423,3176,4,969753183
423,3179,3,969753155
423,3181,3,969753080
423,3189,4,969753183
423,3190,2,969753023
423,3225,3,969753183
423,3239,3,969753305
423,3273,4,969753183
423,3276,2,969753217
423,3285,4,969753305
423,3287,3,969753217
423,3298,4,969753155
423,3299,3,969753217
423,3301,4,969753183
423,3302,3,969753217
423,3316,4,969753155
423,3318,5,969753305
423,3322,3,969753305
423,3324,4,969753333
423,3325,3,969753155
423,3326,4,969753333
423,3327,3,969753183
423,3328,3,969753080
423,3354,3,969753023
423,3355,3,969753217
423,3408,4,969753080
423,3452,4,969753183
423,3453,4,969753155
423,3481,5,969753183
423,3515,2,969753305
423,3534,4,969753155
423,3535,3,969753217
423,3538,3,969753155
423,3566,3,969753080
423,3579,2,969753305
423,3735,3,969752403
423,3751,4,969752510
423,3752,5,969752568
423,3753,5,969752510
423,3755,5,969752510
423,3785,5,969752510
423,3793,5,969752510
423,3811,3,969753416
423,3827,4,969752510
423,3831,5,969752534
423,3863,4,969752568
423,3865,4,969752534
423,3867,3,969753080
423,3893,4,969752510
423,3897,4,969752510
423,3901,5,969752535
424,2366,2,1228490962
424,4006,4,1228491052
424,5941,3.5,1228491246
424,8807,3.5,1228491089
424,44974,4,1228491277
424,49278,4.5,1228491168
424,60074,4.5,1228491261
425,110,4,1322428446
425,145,4.5,1322428629
425,296,4,1322428144
425,316,4,1322428476
425,318,4,1322428169
425,367,1,1322428527
425,380,3.5,1322428297
425,480,3.5,1322428261
425,592,2.5,1322428300
425,597,3.5,1322428732
425,648,3.5,1322428367
425,780,4.5,1322428312
425,858,4,1322428051
425,914,4,1322426889
425,916,4,1322427014
425,1049,4.5,1322427031
425,1276,4,1322427828
425,1385,3.5,1322426996
425,1408,4,1322428965
425,1580,3.5,1322428258
425,1721,3.5,1322428240
425,2028,4.5,1322428496
425,2296,0.5,1322427236
425,2324,0.5,1322428078
425,2353,4,1322428601
425,2490,3,1322426922
425,2571,4,1322428104
425,2826,4,1322427847
425,2858,2,1322428001
425,2959,3.5,1322428048
425,3452,4,1322427083
425,3484,3.5,1322427219
425,3578,4.5,1322428285
425,3686,1.5,1322427107
425,3978,3.5,1322428634
425,3996,4.5,1322428339
425,4018,3.5,1322426934
425,4235,1.5,1322429217
425,4306,4.5,1322428344
425,4699,4,1322427479
425,4958,3.5,1322427180
425,4963,3.5,1322428899
425,4973,0.5,1322427997
425,4975,1.5,1322426961
425,4993,4,1322428090
425,5010,4.5,1322428940
425,5107,3.5,1322427390
425,5418,5,1322428399
425,5445,3.5,1322428253
425,5903,3.5,1322429384
425,5952,4,1322428096
425,5989,4,1322428490
425,6539,4,1322428275
425,6548,4,1322428622
425,7143,4,1322428931
425,7153,4,1322428094
425,7254,4.5,1322427787
425,8360,3.5,1322428517
425,8644,4.5,1322428604
425,8665,5,1322428397
425,27831,5,1322427636
425,31685,5,1322428608
425,33162,4,1322429182
425,36529,5,1322427697
425,41566,5,1322427799
425,45517,4,1322429145
425,49272,4.5,1322428582
425,51037,4,1322429036
425,51412,4.5,1322427674
425,51662,3.5,1322429397
425,54001,3.5,1322429042
425,54286,5,1322428395
425,56174,4.5,1322428614
425,58559,4,1322428035
425,59315,3.5,1322428879
425,59501,4.5,1322427805
425,60074,4,1322428626
425,61108,4,1322427981
425,63113,4,1322429157
425,64114,5,1322430943
425,64614,5,1322431335
425,64716,5,1322428611
425,66130,3.5,1322429007
425,72998,4.5,1322428350
425,79132,4,1322428068
425,82169,5,1322427802
425,84601,4,1322431051
425,84954,4,1322427492
426,1,4,943221731
426,6,1,942965177
426,21,3,942965417
426,70,4,942965758
426,89,2,942966242
426,145,2,942966197
426,153,2,942966283
426,163,4,942966198
426,165,3,942966198
426,173,3,942966337
426,198,3,942966198
426,260,5,942965228
426,288,3,942966546
426,303,4,942966546
426,349,2,942966083
426,353,4,942966083
426,364,4,943221785
426,376,3,942966197
426,377,4,942965984
426,380,4,942965984
426,434,2,942967255
426,442,3,942966198
426,457,3,942965228
426,466,3,942966512
426,474,3,942965620
426,480,3,942965620
426,504,2,942966663
426,555,5,942965714
426,588,4,943221785
426,589,4,942965417
426,590,4,942967029
426,592,4,942966129
426,594,5,943221827
426,595,4,943221785
426,610,4,942965758
426,674,4,942967362
426,733,2,942965714
426,736,3,942966476
426,780,3,942966029
426,786,2,942966476
426,836,2,942966699
426,849,2,942966699
426,858,5,942965177
426,919,5,942966961
426,1009,4,942967283
426,1022,5,943221873
426,1025,4,943221914
426,1029,4,943221873
426,1030,4,942967255
426,1031,4,942967173
426,1032,5,943221914
426,1036,4,942965361
426,1037,3,942966284
426,1073,4,942967029
426,1101,4,942965935
426,1127,3,942965470
426,1196,5,942965228
426,1197,5,942965228
426,1198,4,942965177
426,1200,3,942965360
426,1210,5,942965361
426,1214,4,942965470
426,1215,3,942965714
426,1220,5,942965714
426,1221,3,942965177
426,1222,4,942965620
426,1240,4,942965470
426,1242,4,942965228
426,1259,5,942967109
426,1264,4,942965561
426,1275,4,942965620
426,1282,4,943221827
426,1291,4,942965292
426,1304,4,942965292
426,1356,3,942965561
426,1370,3,942966198
426,1374,2,942965292
426,1377,4,942966512
426,1378,3,942966130
426,1387,4,942965561
426,1391,4,942966083
426,1405,4,943221972
426,1480,3,942966242
426,1488,2,942966401
426,1527,2,942965511
426,1544,1,942966401
426,1562,1,942966777
426,1573,1,942965511
426,1580,4,942965511
426,1590,4,942966574
426,1608,2,942965620
426,1676,3,942965417
426,1690,2,942966130
426,1866,3,942965853
426,1876,3,942965853
426,1912,4,942965985
426,1954,4,942965360
426,2000,4,942965470
426,2001,4,942965360
426,2005,4,942967225
426,2018,5,943221914
426,2023,3,942965935
426,2028,4,942965228
426,2033,4,943221914
426,2081,4,943221785
426,2085,4,943221914
426,2087,5,943221785
426,2088,3,942967472
426,2094,3,942966337
426,2096,4,943221914
426,2105,3,942966337
426,2115,4,942965984
426,2116,4,943221785
426,2133,4,942967143
426,2137,4,943221731
426,2138,4,943221731
426,2139,4,943221873
426,2153,1,942966800
426,2161,3,942967068
426,2193,2,942965714
426,2194,4,942965714
426,2288,4,942965361
426,2294,3,943221873
426,2344,3,942965361
426,2376,3,942965888
426,2393,4,942966029
426,2405,4,942965853
426,2406,4,942965561
426,2409,3,942965800
426,2411,2,942966436
426,2427,4,942965758
426,2450,2,942967426
426,2470,3,942966994
426,2477,3,942967472
426,2490,2,942965292
426,2528,4,942965561
426,2571,5,942965361
426,2617,3,942965853
426,2628,3,942965360
426,2640,4,942965853
426,2641,4,942966436
426,2642,3,942965800
426,2699,3,942965292
426,2700,3,943222000
426,2802,3,942965853
426,2857,4,943221827
426,2858,5,942964758
426,2890,4,942964847
426,2916,4,942965417
426,2956,4,942966337
426,2959,3,942964847
426,2968,4,942967553
426,2985,4,942966637
426,2987,3,942966961
426,2997,3,942964758
426,3020,2,942966574
426,3052,4,942964936
426,3070,4,942966994
426,3104,4,942965417
426,3107,2,942966876
427,1,3.5,1192820602
427,60,3,1192819963
427,110,4,1192820510
427,150,4,1192820629
427,260,2,1192820447
427,296,1.5,1192820478
427,307,4.5,1192819982
427,318,3.5,1192820638
427,356,2.5,1192820499
427,457,3.5,1192820495
427,480,3,1192820673
427,491,3,1192819970
427,532,2,1192819928
427,588,3.5,1192820518
427,589,4,1192820522
427,590,3.5,1192820675
427,592,3,1192820556
427,593,3.5,1192820599
427,780,2.5,1192820456
427,830,3,1192819919
427,899,3,1206542587
427,905,4,1206542403
427,911,4,1206542396
427,933,4,1206542446
427,940,3.5,1206542470
427,954,4,1206542338
427,969,5,1206542553
427,1196,4,1192820708
427,1198,4,1192820588
427,1224,4,1206542400
427,1242,4,1206542331
427,1253,4,1206542474
427,1269,4,1192819906
427,1293,5,1206542478
427,1296,4,1192819926
427,1321,2,1192819899
427,1378,2.5,1192819985
427,1617,4,1192820693
427,1721,2.5,1192820612
427,1931,4,1206542584
427,1949,5,1206542525
427,1957,4.5,1192819954
427,2028,4.5,1192820570
427,2109,2.5,1192819966
427,2145,2,1192819922
427,2243,3.5,1192819910
427,2571,3.5,1192820463
427,2716,3.5,1192820681
427,2858,3.5,1192820434
427,2944,3.5,1192819914
427,3148,3.5,1192819957
427,3196,4,1206542327
427,3338,3.5,1206542521
427,3654,4.5,1206542567
427,3811,3.5,1206542426
427,4095,3.5,1206542518
427,4187,4,1206542407
427,4306,3,1192820491
427,4338,4,1206542547
427,4886,3.5,1192820607
427,4993,4.5,1192820584
427,5349,3.5,1192820542
427,5445,2.5,1192820459
427,5644,3.5,1206542489
427,5747,4.5,1206542346
427,5952,4.5,1192820547
427,5995,4.5,1206542349
427,6254,3.5,1206542359
427,6377,3.5,1192820439
427,6780,4.5,1206542506
427,6984,4,1206542500
427,7070,4,1206542492
427,7121,3.5,1206542355
427,7153,5,1192820538
427,7311,4,1206542566
427,7762,3.5,1206542352
427,7834,3,1206542367
427,8128,4.5,1206542434
427,8337,4.5,1206542373
427,8645,3.5,1206542486
427,25850,3,1206542335
427,25868,2.5,1206542318
427,26111,5,1206542308
427,27815,4,1206542510
427,31116,3,1206542312
427,31260,3,1192820633
427,31903,3,1206542413
427,32160,3.5,1206542550
427,32587,2.5,1192820647
427,33639,4,1206542578
427,45722,3.5,1192820691
427,49272,4,1192820566
427,50872,4.5,1206542409
428,203,4.5,1298740817
428,954,5,1298740807
428,1019,4.5,1298740717
428,1103,5,1298740771
428,2109,4,1298740681
428,2313,4.5,1298740721
428,2739,4.5,1298740796
428,2872,4.5,1298740725
428,2944,4.5,1298740684
428,3148,4.5,1298740672
428,3424,4.5,1298740778
428,3450,4.5,1298740800
428,3555,3,1298740677
428,3798,3,1298740766
428,4019,5,1298740802
429,1,4,1415620192
429,2,3,1415620403
429,10,2.5,1415620275
429,15,2,1415621785
429,19,2,1453049471
429,29,3,1415620919
429,32,4,1415620219
429,34,3,1415620352
429,47,4.5,1415620227
429,70,3,1415707767
429,95,2.5,1415620373
429,104,2.5,1415620449
429,110,3,1415620188
429,145,2.5,1415707770
429,150,3,1415620196
429,153,2,1475232195
429,161,3,1415707701
429,165,3,1415620328
429,173,1.5,1423491769
429,185,2,1415620368
429,208,1.5,1415620290
429,231,2,1415877704
429,253,3,1415620283
429,260,4.5,1415615916
429,293,4.5,1415790151
429,296,4.5,1415616066
429,300,3,1415620415
429,316,2.5,1415620341
429,318,3.5,1415615811
429,344,2.5,1415620231
429,349,3,1415620349
429,353,2.5,1415707705
429,355,2,1415620829
429,356,4.5,1415620183
429,357,3,1453049453
429,367,2,1415877707
429,370,3,1415707718
429,377,3,1415620235
429,380,3.5,1415620216
429,434,2.5,1415620307
429,442,3,1415620455
429,454,2.5,1415620361
429,457,3,1415620198
429,466,2.5,1415620581
429,474,3,1415620452
429,480,3,1415620185
429,485,2,1415620649
429,509,3,1475232346
429,517,3,1469914313
429,520,2.5,1475232377
429,522,3,1415622495
429,527,4,1415615822
429,541,5,1415615941
429,548,2,1415708009
429,552,2.5,1453049589
429,586,2,1415620288
429,589,4,1415620202
429,590,2,1423492296
429,593,3.5,1415615953
429,595,2.5,1415620243
429,648,4,1415620237
429,718,4,1415707026
429,733,4,1415620344
429,736,2,1415620338
429,741,2,1415621127
429,743,2,1423491896
429,745,4,1415881952
429,750,4.5,1415616087
429,760,3,1423743886
429,778,3.5,1423492336
429,780,3,1415620222
429,784,2,1423491776
429,786,2.5,1415620485
429,798,2,1415707988
429,830,2,1423552287
429,832,3,1415707724
429,836,2,1415707869
429,849,2,1475234246
429,858,4,1453049680
429,908,4,1415773936
429,910,3,1415790774
429,912,4.5,1415616123
429,920,3.5,1415620514
429,923,5,1415620461
429,924,4,1415620379
429,991,3,1415621901
429,1036,4.5,1499327281
429,1042,3,1415878826
429,1047,3,1415620937
429,1073,2.5,1475232234
429,1079,4,1415627140
429,1080,4,1423683595
429,1089,3,1415620301
429,1090,3,1415620536
429,1093,3,1475234312
429,1094,3,1415620748
429,1101,3.5,1415620414
429,1127,2.5,1415620497
429,1129,3.5,1415627175
429,1136,4.5,1423683608
429,1147,3.5,1415621591
429,1178,4.5,1417091532
429,1193,4,1475183326
429,1196,4.5,1415615927
429,1198,5,1415615809
429,1200,3.5,1415615949
429,1201,3.5,1415620593
429,1206,3,1415620386
429,1208,2.5,1415627680
429,1210,3,1415620212
429,1212,4.5,1415789780
429,1214,3,1415627674
429,1219,3.5,1415867087
429,1220,3.5,1415627145
429,1221,3,1415962091
429,1222,3.5,1415620425
429,1231,4.5,1415789926
429,1232,4,1415622274
429,1233,4,1415773955
429,1234,5,1415616003
429,1240,4.5,1415620347
429,1242,3.5,1415620707
429,1246,3.5,1415620440
429,1249,5,1415620876
429,1250,3,1415773589
429,1252,5,1415789752
429,1258,3.5,1415868183
429,1263,3,1415620811
429,1265,3,1415709012
429,1266,4,1415790786
429,1270,4.5,1415789918
429,1272,3.5,1415620969
429,1275,4,1415620785
429,1276,3,1415620764
429,1279,3.5,1415621959
429,1281,4,1415621580
429,1284,5,1477774314
429,1288,3.5,1415620517
429,1291,4,1415620268
429,1293,3.5,1415620817
429,1303,3.5,1423553131
429,1304,3.5,1415620510
429,1320,2,1415620656
429,1333,3,1415867093
429,1370,3,1415620545
429,1387,2.5,1415620408
429,1391,3,1415620499
429,1393,3,1415620400
429,1396,4.5,1415789954
429,1405,2,1423552073
429,1416,2.5,1415621196
429,1438,2,1415621153
429,1485,2.5,1415620465
429,1499,1,1415707836
429,1517,3,1415706612
429,1527,5,1415620297
429,1544,2,1423491788
429,1552,2,1415620589
429,1556,1.5,1415621221
429,1562,1.5,1475234134
429,1573,3.5,1415620468
429,1580,4,1415620336
429,1584,3,1415706622
429,1586,2,1415707815
429,1587,3.5,1415621108
429,1597,3,1415620797
429,1608,3,1415620572
429,1610,3.5,1415620428
429,1619,3,1415621316
429,1625,4,1415620533
429,1641,3.5,1423683622
429,1665,2.5,1415621665
429,1673,3.5,1453049569
429,1674,3,1415868315
429,1676,4.5,1415620549
429,1682,4,1415620388
429,1687,2,1415621369
429,1693,2.5,1415621322
429,1704,3.5,1415620284
429,1713,2,1415879291
429,1721,2.5,1423492305
429,1722,2.5,1415620731
429,1726,2,1415622051
429,1732,3.5,1415790780
429,1784,3.5,1453049482
429,1876,2,1415620704
429,1909,2,1415620715
429,1917,2.5,1415706619
429,1923,3,1415620370
429,1927,3.5,1415621870
429,1952,3,1415621145
429,1953,4.5,1415620891
429,1954,3,1415620575
429,1957,4,1415621049
429,1959,3,1415868970
429,1961,3.5,1415620303
429,2000,4.5,1415620492
429,2001,3,1415627154
429,2002,2.5,1415620861
429,2009,3,1423744262
429,2011,3.5,1415627143
429,2012,2.5,1415620438
429,2019,4.5,1415616117
429,2028,3.5,1415620240
429,2058,3,1415620895
429,2060,2,1415621862
429,2115,2.5,1415620424
429,2118,3,1415621694
429,2122,2,1415621911
429,2126,2,1423491936
429,2153,2,1415706845
429,2167,3,1415620771
429,2194,4.5,1415620528
429,2232,3,1415706737
429,2268,3.5,1453049622
429,2278,2.5,1415620827
429,2288,2.5,1423552144
429,2291,2.5,1415620431
429,2300,3.5,1475234483
429,2324,4,1415616106
429,2329,3.5,1415615982
429,2340,2.5,1415621268
429,2353,3,1415707716
429,2355,3,1415887183
429,2371,3,1415627235
429,2376,3.5,1415621619
429,2378,3,1415621180
429,2379,2,1415627300
429,2380,1,1415621760
429,2381,1,1415621799
429,2402,2,1415621329
429,2403,4.5,1487227078
429,2404,1,1415621564
429,2406,2.5,1415620585
429,2409,3,1423552533
429,2411,2.5,1415621319
429,2424,2.5,1415878774
429,2427,2,1415620914
429,2454,2,1423553075
429,2455,2,1415627163
429,2467,4.5,1415789967
429,2470,3,1415620687
429,2471,2.5,1475234672
429,2490,3.5,1415620954
429,2501,3.5,1415621003
429,2502,4,1423492355
429,2505,3,1474823632
429,2524,3.5,1415622091
429,2529,3,1415620682
429,2542,4,1415620558
429,2561,2.5,1415622568
429,2571,4,1499327272
429,2617,3,1415707709
429,2628,1.5,1415620265
429,2683,3,1415620364
429,2694,2.5,1415620865
429,2700,3,1415620457
429,2701,0.5,1415620799
429,2706,2.5,1415620391
429,2712,2.5,1415620551
429,2713,1,1415706777
429,2716,4,1415620280
429,2722,2,1415621006
429,2750,3,1415622016
429,2762,3,1415616017
429,2763,3.5,1415620699
429,2770,2.5,1415620806
429,2791,3,1415620478
429,2803,2,1415707885
429,2805,2,1423552761
429,2858,3.5,1415616125
429,2890,3,1415620695
429,2908,3,1475234283
429,2916,4,1415706501
429,2944,4,1415621077
429,2947,3.5,1415620770
429,2948,3.5,1415621046
429,2949,3.5,1415621056
429,2951,3.5,1415621133
429,2959,3,1415615918
429,2985,4,1415620595
429,2987,3,1415627137
429,2989,3,1415621499
429,2990,2.5,1415621452
429,2991,3.5,1415621343
429,2993,3.5,1415790166
429,2997,3,1415620299
429,3020,2.5,1423552405
429,3033,2.5,1415620776
429,3037,3,1415621509
429,3039,3,1475234144
429,3060,3,1415621274
429,3062,4,1415773644
429,3081,2.5,1422795538
429,3082,2.5,1415620910
429,3108,4,1475234391
429,3113,1.5,1415707856
429,3114,3.5,1415877717
429,3146,2.5,1475235085
429,3147,4,1415620433
429,3157,2.5,1415621307
429,3175,4,1415620635
429,3176,3,1415620653
429,3197,3,1415622513
429,3223,4,1423683706
429,3252,3,1415709402
429,3253,4,1415877779
429,3254,3,1415621264
429,3256,3,1415620850
429,3258,2.5,1415621635
429,3267,3,1415621415
429,3275,3.5,1415621034
429,3285,3,1415617017
429,3300,3,1415621093
429,3307,4,1415869471
429,3310,3.5,1415869958
429,3354,2,1415621110
429,3355,3,1423553169
429,3386,3,1423552235
429,3418,2.5,1415620718
429,3430,3,1415622600
429,3441,3,1415621811
429,3448,3,1415620778
429,3450,3,1415621184
429,3462,4,1415709026
429,3470,3.5,1415627835
429,3471,3,1475232404
429,3481,3.5,1415620540
429,3489,2.5,1475234232
429,3503,4,1415622057
429,3519,3,1415622678
429,3527,3,1415620578
429,3578,3.5,1415615847
429,3593,0.5,1415621479
429,3623,2.5,1415616722
429,3624,2.5,1415878865
429,3629,3.5,1415622097
429,3633,3,1415621833
429,3635,3,1415621444
429,3638,2.5,1415627708
429,3639,3.5,1415621533
429,3654,4,1415621628
429,3681,3.5,1415621429
429,3697,1,1415707851
429,3698,4,1415621102
429,3702,3.5,1415791246
429,3703,4,1415620906
429,3704,2,1415621227
429,3717,2.5,1423551339
429,3740,3,1415621315
429,3744,2,1415621449
429,3751,3,1415616717
429,3752,2.5,1415878859
429,3753,2,1415620669
429,3755,3,1415616812
429,3766,2,1415622944
429,3768,2,1415627599
429,3793,3,1415615858
429,3826,2,1475234401
429,3827,3.5,1415617012
429,3863,2,1415706685
429,3868,3,1415621043
429,3869,2.5,1415621359
429,3896,3,1415617669
429,3917,2,1415627348
429,3946,1,1415617956
429,3947,4,1415627856
429,3950,3,1415617822
429,3959,4,1415791002
429,3967,3.5,1415616885
429,3972,2.5,1415707998
429,3977,2.5,1415616711
429,3981,2,1415707957
429,3984,3.5,1415621407
429,3985,3.5,1415622995
429,3994,3.5,1415620664
429,3996,3,1415615856
429,4005,3,1415622112
429,4008,3,1415621486
429,4011,4,1415616725
429,4015,1.5,1415879021
429,4018,2.5,1475234123
429,4022,3.5,1415616703
429,4025,2.5,1415616824
429,4045,3,1415628069
429,4084,2.5,1415627270
429,4085,3.5,1415868890
429,4167,2.5,1415617611
429,4223,3.5,1415616926
429,4226,3.5,1415615853
429,4238,2,1415708006
429,4239,4,1415616917
429,4246,3,1415616759
429,4254,2,1415617628
429,4262,3,1415620841
429,4270,3,1415616888
429,4306,3.5,1415615844
429,4308,3,1415616793
429,4310,1.5,1415773605
429,4340,1,1415617729
429,4367,3,1415616923
429,4369,2.5,1475234346
429,4370,3,1415616818
429,4383,3.5,1415622898
429,4396,2.5,1415622236
429,4447,2.5,1415878835
429,4487,2,1415627362
429,4489,2.5,1415869006
429,4506,3,1415708273
429,4572,4,1415627448
429,4643,2,1475234169
429,4681,3,1415621992
429,4719,3.5,1415617961
429,4776,3,1415616882
429,4826,4,1415773755
429,4855,3.5,1415621245
429,4874,3,1415616947
429,4896,2.5,1415626485
429,4963,4.5,1415790001
429,4973,4.5,1415615959
429,4993,3,1415615837
429,4995,4,1415616689
429,5010,2.5,1415707783
429,5040,2.5,1415622165
429,5060,3,1415627685
429,5093,2.5,1415617666
429,5110,4,1415617348
429,5152,3,1415617244
429,5218,3.5,1415616796
429,5292,4,1415886390
429,5313,2,1423553449
429,5323,0.5,1415618084
429,5329,3,1415618037
429,5349,3,1415626478
429,5377,3,1475234137
429,5378,2,1415706636
429,5418,4,1415616698
429,5420,2,1423743873
429,5445,3.5,1415616678
429,5459,3,1415706661
429,5464,2,1423552213
429,5481,3,1415616872
429,5500,3,1415621883
429,5502,3,1415616802
429,5507,2.5,1415617102
429,5530,2,1415706940
429,5541,2.5,1423553362
429,5617,3,1423552935
429,5618,4,1415616115
429,5621,2.5,1415617727
429,5669,3,1415616757
429,5678,3,1415708484
429,5694,2,1415627549
429,5785,2,1415617307
429,5796,2.5,1415622871
429,5816,2,1475232311
429,5853,2.5,1415622719
429,5872,2.5,1415707874
429,5881,3,1415617323
429,5952,2.5,1415615840
429,5989,3,1415616731
429,5995,4,1453049637
429,6078,3,1415708444
429,6104,3.5,1415627345
429,6264,0.5,1415617626
429,6281,2.5,1415617069
429,6286,4,1415783500
429,6333,2,1423744163
429,6350,4,1415621678
429,6365,2.5,1415706630
429,6377,3,1415616683
429,6482,1.5,1415617761
429,6502,3,1415616784
429,6503,1.5,1415879097
429,6534,2,1415706762
429,6537,2,1415706697
429,6539,3.5,1415616676
429,6541,2.5,1415617111
429,6550,3,1415617580
429,6564,2.5,1415617346
429,6659,2.5,1423553245
429,6664,4,1415622252
429,6784,3,1415628003
429,6800,2,1415623074
429,6807,3,1415620979
429,6808,3.5,1415622536
429,6863,2.5,1415616839
429,6867,4,1415617254
429,6874,3,1415616694
429,6934,2.5,1415616775
429,6947,3,1415616933
429,6979,4,1415621402
429,6996,2,1415622547
429,7022,3.5,1415617099
429,7042,4,1423683673
429,7046,3,1415627385
429,7076,3,1415622244
429,7143,3,1415773600
429,7153,2.5,1415615850
429,7254,3.5,1415616868
429,7345,1,1415708652
429,7361,3,1415616691
429,7373,3.5,1415707194
429,7438,3,1415616706
429,7445,3,1415617091
429,7454,2,1415707960
429,7458,1.5,1415773616
429,7475,3.5,1415783747
429,7569,3,1415622036
429,7570,3,1415622395
429,7649,3,1415622687
429,7698,3,1415622735
429,7810,2.5,1415707250
429,7811,2,1415707315
429,7812,2.5,1415707299
429,8207,4.5,1455658830
429,8340,4,1415621950
429,8360,3,1453048866
429,8361,2,1415616985
429,8368,2.5,1415616752
429,8371,2.5,1415707979
429,8372,1,1415879754
429,8464,3,1415878884
429,8528,2,1415886452
429,8529,3.5,1415617055
429,8576,2.5,1415708538
429,8581,3.5,1415622699
429,8589,4,1415773418
429,8622,2.5,1423552210
429,8633,3,1415622386
429,8640,1.5,1453049000
429,8641,3,1423552771
429,8644,2.5,1415616828
429,8665,3,1415616745
429,8666,1,1415617773
429,8781,3,1415617364
429,8783,2.5,1415617120
429,8798,4.5,1415616911
429,8807,3,1415617224
429,8810,1,1415617196
429,8860,2,1415617831
429,8865,2.5,1415617275
429,8866,2.5,1415886499
429,8874,3,1453048884
429,8907,2,1415708112
429,8914,3.5,1415617378
429,8949,4.5,1415616899
429,8957,2.5,1423552714
429,8958,3,1415617170
429,8969,2,1415617481
429,8972,2,1453048930
429,8984,3,1415616990
429,8985,2,1415617470
429,26007,4.5,1415709342
429,26249,3,1415628026
429,26344,3.5,1415867025
429,26398,3.5,1415627941
429,26444,4,1415707425
429,26560,3,1415783587
429,26614,3,1415621720
429,27112,3,1415783672
429,27478,2,1415618745
429,27482,2,1415618554
429,27611,4.5,1415706492
429,27641,3.5,1415789507
429,27643,2.5,1415783875
429,27660,2.5,1415617330
429,27706,2.5,1415617233
429,27773,3,1415707844
429,27808,3.5,1415617452
429,30707,3,1415616861
429,30812,3,1415616992
429,31410,3.5,1415616021
429,31658,4,1415617032
429,31696,2.5,1415617151
429,31804,2.5,1415617930
429,32029,3,1415708221
429,32213,1,1423744219
429,32263,3,1415783860
429,32296,2,1415618171
429,32587,4,1415708822
429,32596,2.5,1415617862
429,33004,3,1415706734
429,33162,3,1415617390
429,33166,3.5,1415616857
429,33493,2.5,1415616772
429,33615,3,1415617257
429,33679,2.5,1415616956
429,33794,3.5,1415616736
429,34048,2.5,1415616951
429,34150,1.5,1453048949
429,34319,2,1415617158
429,34405,3,1415616904
429,34530,2,1415618507
429,34532,2.5,1415617967
429,36401,1.5,1415879397
429,36529,4,1415616993
429,37380,0.5,1423744227
429,37733,2,1415617187
429,37741,3,1415617229
429,38038,3.5,1415617128
429,38061,4,1415617078
429,39052,2,1415707282
429,39446,2,1415617419
429,40586,3.5,1415783676
429,40815,2.5,1475233965
429,40819,2.5,1423552453
429,41285,2.5,1415617251
429,41569,2.5,1415617000
429,41571,3,1415617532
429,41997,3,1415617094
429,42738,1.5,1415706891
429,43376,3,1415715356
429,43836,3,1415618291
429,44022,2.5,1423553482
429,44191,4,1415707751
429,44555,4,1415626385
429,44665,3,1423552518
429,44685,3,1415783869
429,45186,3,1415617296
429,45210,2.5,1415617615
429,45447,2.5,1423552781
429,45517,2.5,1423552899
429,45672,2,1415879347
429,45722,2.5,1423551915
429,45732,2,1415881622
429,46965,2,1415617607
429,46970,1.5,1415879316
429,46972,2.5,1415708049
429,46974,2,1415618393
429,46976,3.5,1474834834
429,47200,3.5,1415617558
429,47610,3,1415616962
429,47810,1,1453049251
429,48304,3,1415617356
429,48385,4,1415616906
429,48738,3,1415617154
429,48774,3.5,1415616864
429,48780,4,1415616807
429,48783,2.5,1415773696
429,48833,2,1415783788
429,48877,1,1453049021
429,48997,3,1415617710
429,49272,4,1475150203
429,49274,2.5,1415879515
429,49278,2.5,1415790909
429,50068,2.5,1415708054
429,50794,3,1453049071
429,50872,3.5,1415886880
429,51077,1.5,1415708159
429,51255,4.5,1415616901
429,51540,3,1415617190
429,51562,3,1415707530
429,51662,2.5,1415616805
429,51935,3,1415617518
429,51937,1.5,1415619533
429,52245,2.5,1415617565
429,52281,2.5,1474835953
429,52604,3.5,1415617658
429,52694,2.5,1452990661
429,52858,3,1415886410
429,53000,3,1415617211
429,53121,3,1415887575
429,53125,3,1415617047
429,53207,2,1452990671
429,53322,2,1415617200
429,53464,1.5,1453048982
429,53519,2,1415708042
429,53906,4,1415783724
429,53972,3,1415707942
429,53996,2,1415706745
429,54001,2.5,1415616982
429,54272,3,1415887194
429,54286,3,1453048875
429,54881,3.5,1415617715
429,54995,2.5,1451682762
429,54999,3.5,1415790069
429,55232,2,1415617813
429,55247,2,1453048919
429,55269,2.5,1415617319
429,55282,3,1415617779
429,55577,1,1415618073
429,55768,2.5,1415618164
429,56156,1.5,1415618166
429,56171,2,1415617595
429,56174,2.5,1415616965
429,56367,3,1415790840
429,56775,2.5,1415617562
429,56782,2.5,1415617072
429,56788,3.5,1415879376
429,56801,1,1452990520
429,56949,2,1415617473
429,57274,2.5,1415618049
429,57368,2,1415617248
429,57526,2,1415619497
429,57528,3.5,1415617859
429,57532,0.5,1415618472
429,57640,3,1415617448
429,58025,2,1415617541
429,58293,2,1415617524
429,58315,1.5,1415886478
429,58559,3,1415708799
429,59315,4,1415616798
429,59369,4,1415617115
429,59501,2,1415617734
429,59615,2.5,1415617142
429,59725,2,1415879709
429,59784,3,1415886970
429,59900,3.5,1415879724
429,60037,2.5,1415706982
429,60040,2.5,1415707198
429,60069,3.5,1415616790
429,60072,2.5,1415617417
429,60074,2.5,1415617283
429,60126,3,1415617655
429,60397,2,1415617946
429,60405,3,1415783843
429,60514,1.5,1415707221
429,60684,4,1415617044
429,60760,2.5,1415618339
429,61132,2.5,1415879203
429,61248,2.5,1415618197
429,61323,2.5,1415879119
429,61567,3,1415788390
429,62081,2,1415708242
429,62394,2,1415708368
429,62729,3,1415783858
429,62733,2,1415619402
429,62849,3.5,1415617800
429,62999,2.5,1415887324
429,63062,2.5,1423749397
429,63072,4,1415617786
429,63082,3,1415616027
429,63113,2,1415617288
429,63189,2,1415783772
429,63436,0.5,1415618492
429,63853,2.5,1415618119
429,64285,3.5,1415881991
429,64497,1.5,1452990508
429,64575,2.5,1452986850
429,64620,3.5,1415617505
429,64622,3,1452990446
429,64839,3,1415617179
429,64957,3.5,1474835930
429,64969,2.5,1415879449
429,64983,3,1415617984
429,65243,2.5,1415783850
429,65939,3,1415783682
429,66097,3,1415886965
429,66798,2,1475225604
429,67255,4,1415708761
429,68135,2,1415879610
429,68157,3.5,1415616845
429,68194,3,1451762916
429,68205,2.5,1415618282
429,68319,1.5,1415706851
429,68511,3,1415789454
429,68554,2,1475225119
429,68791,2,1415617497
429,68793,2,1415618404
429,68954,3.5,1415616035
429,69118,3,1475231285
429,69140,2.5,1415619697
429,69275,2.5,1415619459
429,69306,2.5,1415618467
429,69481,3.5,1415617183
429,69524,4,1451682472
429,69526,1,1475225128
429,69757,4,1415616967
429,69784,2,1415879654
429,69844,2,1423552962
429,70286,3.5,1427581871
429,71106,2.5,1415706589
429,71135,2.5,1415618158
429,71254,1.5,1415618438
429,71379,1.5,1415617994
429,71530,2.5,1415617890
429,71535,3.5,1415617053
429,71899,4,1452990425
429,72129,1,1415618799
429,72167,2.5,1415618891
429,72378,1,1415617436
429,72479,3,1415619693
429,72998,3,1415616833
429,73017,4,1415617028
429,73268,3,1415791291
429,73321,3.5,1415617644
429,73323,3.5,1441542216
429,73829,0.5,1475231244
429,74156,3,1423652874
429,74275,3,1415618504
429,74458,4,1415617037
429,74510,3,1441542165
429,74530,1.5,1415618623
429,74685,2.5,1475225347
429,74868,2,1415619855
429,74948,3.5,1415618872
429,76077,2.5,1423744394
429,76093,3,1451682729
429,76175,1.5,1415618135
429,76251,3,1415617109
429,76763,3,1415619956
429,77561,3.5,1415617177
429,77629,3.5,1415783612
429,77729,4,1478198716
429,77866,2,1415618126
429,78041,2.5,1415619706
429,78088,2,1452990682
429,78105,2,1452990466
429,78174,0.5,1415619350
429,78266,2,1415618632
429,78469,3.5,1415617851
429,78499,4,1415886919
429,78893,1.5,1415618637
429,79008,3.5,1415618216
429,79132,4.5,1415615961
429,79185,3,1415618261
429,79293,1.5,1415617782
429,79536,3.5,1415783799
429,79695,3.5,1415617825
429,79702,3.5,1415707969
429,80219,2.5,1436041587
429,80454,3,1415783190
429,80463,3.5,1415617076
429,80615,2.5,1415619599
429,81417,2,1415619544
429,81512,2.5,1415619439
429,81516,2.5,1475225906
429,81535,1,1415619828
429,81562,3,1415617421
429,81591,3.5,1441542030
429,81731,3.5,1475226096
429,81782,2.5,1452990610
429,81834,2.5,1415617213
429,81845,3.5,1415615975
429,82242,4,1415619485
429,82461,2,1415617692
429,83086,2.5,1475225590
429,83369,2,1431866030
429,83613,2.5,1415618295
429,83760,2.5,1415788384
429,84772,3,1415618107
429,84944,3.5,1415618010
429,85131,1.5,1415618458
429,85397,1.5,1415619646
429,85414,3,1415617300
429,85510,1.5,1415708395
429,86190,4,1415618149
429,86332,2,1415617443
429,86548,2.5,1415619411
429,86835,1.5,1415707396
429,86880,2.5,1415708256
429,87232,3,1415707161
429,87306,2.5,1423744149
429,87483,3,1475225628
429,87485,2.5,1415618447
429,87522,3.5,1415715214
429,88125,2.5,1415617208
429,88129,3.5,1415617359
429,88140,3,1415707148
429,89118,3.5,1415618761
429,89190,2,1415619976
429,89470,3,1415618161
429,89745,2.5,1415706527
429,89753,4,1439631313
429,90345,2,1415619873
429,90403,1.5,1475225640
429,90405,2.5,1424015282
429,90469,1.5,1415620046
429,90522,3,1415620118
429,90600,4,1415619369
429,90690,3,1415773438
429,90746,2.5,1415708262
429,90866,3,1475225112
429,91227,2.5,1415783835
429,91485,2,1475225231
429,91488,3.5,1415886961
429,91500,1.5,1415617280
429,91529,2,1415708814
429,91535,2,1475225139
429,91542,3,1415617488
429,91630,3,1415707191
429,91658,4,1415708764
429,91976,2.5,1415618819
429,91983,2.5,1415783866
429,92058,1,1475226039
429,92259,5,1472855201
429,92687,3,1415783693
429,93014,2.5,1415783687
429,93805,2.5,1415619443
429,93838,2.5,1475225256
429,93840,2.5,1415617722
429,93970,3.5,1415783665
429,94018,1,1423744521
429,94478,3,1415618784
429,94677,3,1415618747
429,94777,3,1415707063
429,94813,2,1475226169
429,94864,1,1415617573
429,94985,2.5,1475225572
429,95032,2,1415783820
429,95170,2.5,1415887529
429,95207,2,1475225389
429,95441,4,1415618209
429,95591,2.5,1415783720
429,95875,1.5,1415618477
429,96079,3.5,1415617409
429,96110,2.5,1415882171
429,96610,4,1415617399
429,96737,2,1423744491
429,96861,3,1475225265
429,96863,2.5,1498383956
429,97186,3,1415783600
429,97752,4,1415706955
429,97923,2.5,1415618371
429,98193,3,1475231432
429,98239,3,1475225948
429,98585,3,1415620114
429,98629,3,1415783622
429,98809,3,1415617402
429,98961,3,1425244082
429,99112,3,1415618805
429,99114,3,1415616012
429,99795,3.5,1475231687
429,100010,1,1475231879
429,100498,2.5,1415619732
429,100556,3.5,1415615989
429,100581,3,1475226211
429,101350,4,1415783695
429,101864,2,1433017597
429,102125,3.5,1415617697
429,102903,3,1473242348
429,103249,3,1415618358
429,103306,4,1498331897
429,103772,2,1415618655
429,104243,2.5,1415619968
429,104841,3,1475234497
429,105844,3,1415618308
429,105911,3,1415783711
429,106002,3.5,1423811131
429,106438,4,1493543784
429,106487,2,1475234713
429,106489,2,1415617921
429,106782,4,1475234429
429,107348,2,1415619842
429,107406,2,1415619671
429,109374,4,1424517087
429,109487,4.5,1427581781
429,110673,3.5,1495987576
429,111362,3,1429459883
429,111468,3,1415783579
429,111759,3.5,1423431085
429,112175,2.5,1453048791
429,112183,3,1449359920
429,112552,3.5,1441541456
429,112556,3.5,1425824025
429,112852,3,1422795492
429,114007,3.5,1465472030
429,114935,3.5,1439590662
429,115210,3,1469558620
429,115781,2.5,1415783534
429,116797,3.5,1443949275
429,116821,4,1415884592
429,117176,3,1482009110
429,119145,4,1436044652
429,122882,3,1451682733
429,122886,3,1465333995
429,122904,3.5,1480969542
429,128360,2,1468153505
429,134130,3.5,1456007826
429,134256,2.5,1433017680
429,134853,4,1468702794
429,135536,2,1488488022
429,136020,2,1456527036
429,139385,4,1465332538
429,141749,3,1497048490
429,142492,4,1492206585
429,148626,4,1476639106
430,1,3,850710257
430,3,3,850710318
430,5,3,850710860
430,6,5,850710318
430,7,5,850710318
430,9,5,850710488
430,12,3,850710544
430,14,5,850710419
430,17,2,850710257
430,18,5,850710791
430,32,5,850710257
430,36,4,850710318
430,41,5,850710544
430,52,5,850710419
430,64,3,850710860
430,65,5,850710544
430,66,3,850710544
430,74,4,850710544
430,79,5,850710488
430,86,4,850710628
430,88,4,850710791
430,94,4,850710791
430,95,3,850710257
430,100,4,850710544
430,102,4,850710860
430,107,5,850710544
430,112,5,850710628
430,135,5,850710488
430,140,5,850710488
430,141,4,850710257
430,156,4,850710791
430,376,2,850710318
430,467,4,850710791
430,494,5,850710318
430,608,3,850710318
430,627,3,850710860
430,628,5,850710544
430,637,5,850710488
430,639,4,850710860
430,648,5,850710257
430,653,3,850710419
430,661,5,850710488
430,663,4,850710791
430,667,4,850710628
430,671,5,850710790
430,704,4,850710628
430,707,4,850710628
430,708,2,850710419
430,719,4,850710791
430,724,5,850710544
430,725,4,850710860
430,728,3,850710860
430,732,3,850710672
430,733,5,850710318
430,736,5,850710257
430,737,5,850710488
430,743,5,850710544
430,748,4,850710628
430,761,3,850710672
430,762,5,850710488
430,765,5,850710791
430,778,5,850710488
430,780,5,850710257
430,784,3,850710419
430,785,4,850710860
430,786,5,850710419
430,788,5,850710488
430,798,3,850710629
430,830,4,850710860
430,839,4,850710628
430,1004,4,850710629
430,1042,3,850710791
430,1047,5,850710628
430,1102,3,850710672
430,1167,3,850710860
430,1352,1,850710672
431,1,4,833058442
431,6,4,833058704
431,10,3,833058428
431,11,4,833058545
431,17,5,833058557
431,34,5,833058465
431,39,4,836906043
431,40,5,833059219
431,50,5,833058475
431,95,4,833058545
431,105,3,833058633
431,110,5,836905999
431,112,3,833058866
431,125,3,833059070
431,150,4,833058355
431,153,3,833058390
431,161,4,833058428
431,163,5,833058714
431,165,3,833058390
431,171,4,833058784
431,186,3,833058557
431,198,5,833058929
431,203,4,833058843
431,215,4,833058980
431,222,4,833058843
431,223,4,833058645
431,246,5,833058685
431,249,4,833058885
431,253,3,833058442
431,256,3,833058621
431,265,5,833058611
431,273,4,833058704
431,281,5,833058875
431,282,4,833058575
431,293,5,833058599
431,296,5,833058355
431,300,4,833058442
431,303,5,833058856
431,307,5,833058929
431,315,5,833058518
431,316,3,833058414
431,318,5,833058414
431,329,4,833058414
431,339,3,833058428
431,345,5,833058775
431,348,3,833058704
431,349,4,833058390
431,356,4,833059029
431,357,4,836906137
431,364,4,833058633
431,377,4,836906063
431,380,4,833058355
431,435,3,833058489
431,440,5,833058714
431,442,4,833058843
431,454,3,833058645
431,457,4,833058489
431,468,4,833058704
431,475,4,833059235
431,480,4,833059045
431,497,5,833059219
431,509,4,833058733
431,515,5,833058894
431,527,5,833059235
431,529,4,833059190
431,539,3,836906092
431,551,4,833058866
431,553,3,833058545
431,585,3,833058905
431,587,3,836906093
431,588,4,833058390
431,589,5,836906063
431,590,4,833058355
431,592,4,833058354
431,593,4,833058489
431,595,4,833058414
431,597,3,836906141
431,610,3,833058905
431,736,4,833058938
431,780,5,836905940
432,14,4,839943784
432,17,5,845908481
432,31,3,839943597
432,32,4,842254057
432,36,4,839943607
432,46,3,840002446
432,47,3,839943264
432,50,4,839943306
432,94,3,847613370
432,105,4,839943607
432,141,5,839943557
432,150,4,839943176
432,159,3,850995059
432,165,4,839943196
432,194,3,839943793
432,203,3,839943673
432,260,5,848133374
432,261,3,839943571
432,280,3,843573103
432,296,2,840117177
432,318,5,839943223
432,329,3,839943212
432,339,4,839943235
432,350,3,839943358
432,356,5,839943250
432,357,3,839943348
432,364,3,839943263
432,372,3,839943769
432,377,3,839943294
432,440,3,839943348
432,454,3,839943264
432,457,4,839943223
432,474,4,839943571
432,475,4,839943739
432,480,4,839943250
432,500,3,839943315
432,508,5,839943582
432,511,3,840003002
432,515,2,839943626
432,517,3,853846182
432,527,5,839943329
432,534,4,840003323
432,539,3,839943348
432,586,3,839943329
432,587,3,839943329
432,588,5,839943196
432,589,4,839943294
432,590,3,839943176
432,592,3,839943176
432,593,4,839943212
432,594,3,839943663
432,595,4,839943212
432,596,3,839943750
432,597,5,839943329
432,605,3,853845952
432,628,3,856690041
432,720,3,848224434
432,733,4,839943470
432,778,2,853846209
432,780,3,840117189
432,788,4,853845883
432,805,3,839943470
432,919,4,850980456
432,924,3,850994591
432,953,4,850980415
432,1013,3,850989104
432,1017,3,850994962
432,1028,3,848224500
432,1035,4,848224482
432,1036,4,848224365
432,1088,4,848134047
432,1090,5,848133497
432,1097,5,848134001
432,1101,3,848133899
432,1120,4,854370042
432,1127,3,850989028
432,1136,4,848224046
432,1183,4,856689984
432,1196,5,848133408
432,1197,3,848134162
432,1198,5,850980851
432,1200,4,850980552
432,1210,5,848133441
432,1213,3,850988871
432,1214,4,850980552
432,1220,3,850988945
432,1221,4,849292479
432,1225,3,850988774
432,1240,4,853846001
432,1242,5,848133682
432,1246,5,848133465
432,1265,3,850988961
432,1270,4,850980505
432,1271,5,850980572
432,1285,3,850989078
432,1291,5,850980505
432,1302,5,850980532
432,1304,3,850980505
432,1307,5,848133528
432,1343,3,848133555
432,1356,3,853846244
432,1370,4,850989078
432,1371,3,853846182
432,1372,3,850994703
432,1373,3,850995200
432,1374,3,850980572
432,1375,4,850989160
432,1376,4,850988919
432,1380,4,850989197
432,1387,3,850980587
432,1393,3,853845861
432,1405,2,853845926
433,50,5,1426469625
433,260,4,1426469630
433,318,4,1426469756
433,524,3.5,1426469211
433,1198,5,1426469627
433,1296,4,1426469262
433,1438,4,1426469274
433,1556,4,1426469330
433,1672,4.5,1426469415
433,1711,5,1426469360
433,2134,5,1426469291
433,2145,5,1426469236
433,2413,5,1426469376
433,2571,4,1426469634
433,2881,4.5,1426469217
433,3210,4,1426469189
433,3578,4,1426469807
433,3897,4.5,1426469848
433,4128,5,1426469328
433,4226,4.5,1426469809
433,4361,5,1426469192
433,4963,3,1426469828
433,4993,5,1426469801
433,4995,4.5,1426469837
433,5418,4,1426469841
433,5445,4,1426469822
433,5952,4,1426469803
433,6539,4.5,1426469820
433,6936,3,1426469403
433,7153,4,1426469646
433,7361,4.5,1426469834
433,8972,5,1426469378
433,46976,4,1426469687
433,56174,4,1426469679
434,2,2,1165618246
434,18,3,1165627527
434,21,3,1165617732
434,25,4,1165613727
434,29,4,1165612409
434,32,3.5,1165612838
434,45,3.5,1167000199
434,47,4.5,1165612948
434,50,4.5,1165616915
434,70,3.5,1165627573
434,97,4.5,1165613693
434,110,3.5,1165614375
434,123,4,1165613859
434,152,3,1165626131
434,153,2,1165616256
434,161,3.5,1165617738
434,170,3,1165626940
434,172,2,1165633099
434,175,4,1165626817
434,235,4,1165613202
434,247,3,1165612884
434,253,3,1165625508
434,260,4,1165614342
434,280,3.5,1165612499
434,288,3.5,1165617870
434,290,4,1165613366
434,296,4.5,1165613383
434,300,3.5,1165618198
434,307,3,1165613824
434,318,5,1165614063
434,319,3.5,1165612951
434,332,2.5,1165619011
434,356,2,1165614649
434,412,4,1165628505
434,474,3.5,1165618136
434,475,3.5,1165613893
434,480,4,1165616447
434,485,3.5,1165626378
434,522,3.5,1165613113
434,527,4,1165614235
434,541,4,1165613026
434,551,3,1165613089
434,567,3.5,1165628392
434,590,4,1165616184
434,592,3,1165614756
434,593,4,1165614754
434,599,3.5,1165613998
434,610,2.5,1165621763
434,648,3.5,1165616192
434,665,4,1165614245
434,714,3.5,1165612872
434,717,3.5,1165627306
434,741,3.5,1165620101
434,750,3.5,1165613436
434,765,1.5,1165628460
434,778,4.5,1165612835
434,799,2.5,1165612494
434,807,3.5,1165627191
434,851,4,1165627857
434,903,4,1165614083
434,904,3.5,1165614155
434,910,4,1165614519
434,923,3.5,1165614018
434,924,4.5,1165613408
434,968,3.5,1165613754
434,991,3.5,1165625488
434,996,3.5,1165633030
434,1059,3,1165620737
434,1061,2.5,1165627353
434,1080,3.5,1165613363
434,1082,3.5,1165632296
434,1089,3.5,1165612939
434,1090,3.5,1165613763
434,1094,3.5,1165618579
434,1111,3.5,1165614408
434,1120,3.5,1165613759
434,1129,3.5,1165618998
434,1136,4,1165613749
434,1175,4,1165613033
434,1178,3.5,1165614136
434,1196,4,1165614162
434,1198,3.5,1165614227
434,1199,4.5,1165613028
434,1200,3.5,1165617764
434,1201,4.5,1165613467
434,1206,4,1165612866
434,1208,4,1165613008
434,1209,3.5,1165613103
434,1210,4,1165614519
434,1213,4,1165613884
434,1214,5,1165613143
434,1215,3,1165621332
434,1222,4.5,1165613043
434,1228,3.5,1165613935
434,1241,4.5,1165621273
434,1244,2.5,1165614331
434,1251,3.5,1165614180
434,1255,3.5,1165621275
434,1258,3.5,1165612826
434,1261,4,1165621323
434,1266,4,1165613980
434,1273,3,1167267909
434,1274,3.5,1165620075
434,1277,3.5,1165628340
434,1280,4,1165614230
434,1288,3.5,1165614079
434,1289,4,1165626201
434,1320,3.5,1165618565
434,1345,4.5,1166282146
434,1348,3.5,1166281957
434,1377,4,1165620548
434,1393,3,1165617949
434,1394,3,1165613940
434,1405,3,1165625637
434,1464,4,1165613078
434,1466,4,1165620581
434,1483,3.5,1165619880
434,1485,2,1165618056
434,1500,3,1165618103
434,1513,1.5,1165629452
434,1517,3.5,1165617757
434,1527,4,1165617820
434,1545,3.5,1165619553
434,1562,1.5,1165626044
434,1588,3,1165627995
434,1590,3.5,1165621237
434,1591,2,1165620758
434,1617,4.5,1165613724
434,1625,3.5,1165618287
434,1627,3.5,1165620819
434,1653,4,1165613879
434,1673,4,1165613174
434,1676,2,1165618158
434,1690,3.5,1165617385
434,1701,3,1165625901
434,1704,3,1165614293
434,1729,4,1165613342
434,1732,4,1165613166
434,1747,2.5,1165618654
434,1748,3.5,1165612870
434,1754,3.5,1165624218
434,1757,3.5,1165614290
434,1779,2,1165627388
434,1784,3,1165617782
434,1809,4,1165612880
434,1831,2,1165628085
434,1844,4,1165628366
434,1883,3.5,1165612489
434,1884,4,1165620258
434,1904,3,1165628419
434,1909,3.5,1165618516
434,1916,3.5,1165628276
434,1917,3,1165616483
434,1921,4,1165612424
434,1923,4,1165616331
434,1960,4,1165623756
434,1980,1.5,1165632414
434,1982,2.5,1165613888
434,1994,3,1165617628
434,1997,3,1165613302
434,2006,3.5,1165618196
434,2010,4,1166142740
434,2019,3.5,1170719572
434,2020,3.5,1165628226
434,2021,2.5,1165612395
434,2028,3.5,1165614427
434,2058,4,1165620417
434,2076,3.5,1165612404
434,2126,3,1165625709
434,2153,1.5,1165632905
434,2160,4,1165612471
434,2167,4,1165618562
434,2174,3.5,1165616507
434,2176,3.5,1165614157
434,2232,3.5,1165630173
434,2273,3,1165628027
434,2278,3,1165632949
434,2288,3.5,1165618991
434,2291,3,1165613440
434,2311,3,1165630078
434,2313,4,1165613039
434,2318,3.5,1165613049
434,2324,3,1165614404
434,2325,2.5,1165627922
434,2328,3.5,1165618972
434,2329,5,1165612991
434,2334,3,1165624360
434,2353,3,1165618023
434,2356,3,1165625921
434,2391,3.5,1165612449
434,2395,4,1165618139
434,2427,4,1165612427
434,2440,3.5,1165626826
434,2441,3,1165628210
434,2455,3.5,1165619876
434,2459,4,1165617596
434,2467,4,1165613534
434,2483,3.5,1165617143
434,2488,3.5,1172004755
434,2492,1,1165624791
434,2505,4,1165626021
434,2529,4,1165618214
434,2541,2.5,1165612415
434,2561,3.5,1165620903
434,2571,5,1165613914
434,2572,2,1165698551
434,2594,4.5,1165613370
434,2600,4,1165619841
434,2628,2.5,1165614747
434,2641,1.5,1165620361
434,2660,3.5,1165675745
434,2683,3.5,1165616227
434,2692,4.5,1165613119
434,2700,4.5,1165617768
434,2701,1.5,1165618781
434,2702,4,1165620710
434,2706,2.5,1165616309
434,2710,4,1165616490
434,2712,3.5,1165618329
434,2713,3,1165625014
434,2719,2,1165632782
434,2732,3.5,1165614315
434,2761,3.5,1165613713
434,2762,4,1165614066
434,2769,3,1165630329
434,2788,2.5,1173131526
434,2826,2,1165612462
434,2858,5,1165613146
434,2890,4,1165613402
434,2951,3.5,1165613309
434,2959,4,1165612707
434,2966,3,1165613800
434,2976,3.5,1165624121
434,2995,3,1165632808
434,2997,4,1167346680
434,3000,3.5,1165612712
434,3005,3,1165624350
434,3006,3.5,1165613711
434,3018,3.5,1165621295
434,3052,2,1165617959
434,3053,3,1165630011
434,3075,3.5,1165613110
434,3081,4,1165618294
434,3114,3.5,1165616223
434,3115,3,1165626032
434,3146,2,1165625191
434,3147,3.5,1165614388
434,3160,4,1165612933
434,3173,4,1165620816
434,3174,3,1165627063
434,3178,3,1165624289
434,3181,3,1165613962
434,3198,3,1165632313
434,3204,3.5,1165620231
434,3285,3,1165623862
434,3289,3.5,1165624945
434,3300,3.5,1165630600
434,3317,3.5,1165612474
434,3320,2.5,1165632851
434,3328,4,1165613312
434,3355,3.5,1165620626
434,3386,4,1165613903
434,3462,3,1165624418
434,3481,3.5,1165613488
434,3503,4,1165620161
434,3510,3,1165630772
434,3521,3.5,1166471857
434,3527,3.5,1165618003
434,3535,4,1165624493
434,3539,4,1165613305
434,3553,3,1165620454
434,3556,3,1165612977
434,3578,4,1165614489
434,3617,2.5,1165630544
434,3623,3.5,1165616460
434,3676,4,1165613210
434,3677,3.5,1165613850
434,3681,3.5,1165613460
434,3693,3,1165625364
434,3717,2.5,1165618637
434,3740,4,1165618994
434,3744,2.5,1165627873
434,3745,3.5,1165620746
434,3751,3.5,1165616565
434,3752,2.5,1165630658
434,3753,2,1165618321
434,3785,3.5,1165630572
434,3793,4,1165616288
434,3825,1,1165624185
434,3826,3,1165630707
434,3858,2,1165626873
434,3863,3.5,1165618801
434,3897,4.5,1165616503
434,3898,3,1165632659
434,3916,2.5,1165624297
434,3917,2,1165679235
434,3949,4,1165612715
434,3968,2.5,1165966943
434,3977,3.5,1165617744
434,3981,3,1165625756
434,3986,3,1165630816
434,3993,3,1165613773
434,3994,3.5,1165617924
434,3996,4.5,1165613429
434,4011,4,1165618062
434,4020,3,1165621335
434,4022,3,1165616480
434,4025,2,1165618492
434,4034,3.5,1165613977
434,4036,3.5,1166210886
434,4077,3,1165630748
434,4105,3,1165621326
434,4144,2.5,1165613067
434,4148,3,1165628728
434,4157,3.5,1165624064
434,4223,3,1165625401
434,4226,4.5,1165612807
434,4235,3.5,1165612848
434,4237,3.5,1165619808
434,4255,2.5,1165625316
434,4288,2.5,1165632868
434,4299,3,1165624571
434,4306,4,1165614340
434,4308,3.5,1165618039
434,4310,2,1165618666
434,4340,1.5,1165625174
434,4344,3.5,1165620491
434,4366,2.5,1165631149
434,4367,2,1165627001
434,4369,3,1165630637
434,4370,3.5,1165618072
434,4388,2,1165630577
434,4446,3,1165618840
434,4448,2,1165630946
434,4552,3.5,1170542713
434,4624,4,1165621278
434,4639,1,1165627267
434,4640,3.5,1165617662
434,4641,3,1165613045
434,4642,3.5,1165613485
434,4643,3,1165618447
434,4658,3,1165612948
434,4701,3,1165628024
434,4718,1.5,1165618500
434,4720,4,1165612421
434,4728,2.5,1165630995
434,4734,2.5,1165623538
434,4744,3.5,1165630510
434,4757,3,1165630975
434,4776,4,1165618595
434,4846,3,1165621063
434,4848,4,1165612810
434,4874,3.5,1165618920
434,4878,4,1165612692
434,4881,4,1170439188
434,4886,4,1165614131
434,4887,1.5,1165619761
434,4889,2.5,1165631086
434,4890,3,1165630680
434,4896,3,1165616325
434,4901,3,1165630918
434,4902,3.5,1165713509
434,4963,3.5,1165616136
434,4973,4.5,1165612845
434,4975,2.5,1165618601
434,4979,4.5,1165613117
434,4993,4.5,1165613500
434,4995,2.5,1165614364
434,5010,3.5,1165618105
434,5014,3.5,1165625438
434,5025,2.5,1165631328
434,5026,4,1165623648
434,5064,3,1165626539
434,5073,3.5,1165630890
434,5074,3,1165630276
434,5094,2,1165626410
434,5108,3,1165624343
434,5128,2,1165631308
434,5134,2,1165631048
434,5137,3.5,1165616993
434,5152,3,1165631188
434,5171,1.5,1165626544
434,5218,2.5,1165618142
434,5219,3.5,1165621211
434,5254,3,1165625584
434,5265,3,1165631488
434,5266,3.5,1165618534
434,5298,3,1165624090
434,5349,2.5,1165614744
434,5378,3,1165616129
434,5379,3,1165613169
434,5388,4,1165618443
434,5390,3.5,1165629438
434,5418,3,1165616281
434,5420,3.5,1165631215
434,5445,3.5,1165614762
434,5449,2.5,1165631363
434,5463,2.5,1165631288
434,5464,4,1165618112
434,5481,2.5,1165618380
434,5502,4.5,1165617865
434,5508,3.5,1165630225
434,5528,3.5,1165631344
434,5530,3,1165631240
434,5570,3.5,1165612664
434,5613,2.5,1165631602
434,5618,4,1165612830
434,5630,2.5,1165628709
434,5632,3,1165631545
434,5633,3,1165631442
434,5643,3.5,1165626214
434,5666,3.5,1165624526
434,5669,4,1165612861
434,5671,2,1165628309
434,5673,3,1165613765
434,5679,4,1165612445
434,5690,3.5,1165612739
434,5770,2.5,1165626147
434,5778,2.5,1165616423
434,5784,2,1165631468
434,5785,2.5,1165631396
434,5792,3.5,1165631259
434,5810,3,1165631586
434,5833,2,1165623953
434,5878,3.5,1165614072
434,5881,4,1165620159
434,5902,3.5,1165612986
434,5903,3,1165629398
434,5909,3.5,1165617288
434,5915,3,1165626088
434,5949,3.5,1165631073
434,5952,3.5,1165613506
434,5954,4,1165612843
434,5989,3.5,1165616207
434,5992,3.5,1165631418
434,5995,3,1165616986
434,6008,3.5,1165619823
434,6016,3.5,1165612775
434,6058,2.5,1165624765
434,6063,3.5,1165624393
434,6157,2,1165631953
434,6187,3,1165620402
434,6197,3,1165613798
434,6214,3.5,1165613495
434,6242,4.5,1165612941
434,6263,3,1165626399
434,6281,3.5,1165626014
434,6290,2,1165630488
434,6333,3.5,1165616440
434,6365,2.5,1165616166
434,6370,3,1165631568
434,6377,3,1165614030
434,6440,4,1165612769
434,6502,3.5,1165612984
434,6534,3,1165631855
434,6538,3,1165631617
434,6539,2.5,1165614150
434,6541,2.5,1165631779
434,6550,3,1165631821
434,6618,4,1165617084
434,6620,3.5,1165612995
434,6645,3.5,1165625783
434,6668,4,1165624928
434,6695,3,1165630512
434,6707,3,1165631510
434,6708,3.5,1165613912
434,6709,2.5,1165620629
434,6711,3.5,1165613349
434,6713,4,1170439143
434,6721,2,1165619721
434,6731,3,1165626276
434,6734,3,1165619008
434,6754,3,1165631686
434,6772,3.5,1165614244
434,6773,3.5,1165631703
434,6786,3,1165628107
434,6790,3,1165623807
434,6807,3,1165613086
434,6870,3.5,1165613531
434,6872,1,1165617403
434,6873,3,1165675574
434,6874,4,1165612897
434,6880,2.5,1165617592
434,6890,3,1165631934
434,6909,3,1165621113
434,6932,3,1165631728
434,6934,2.5,1165617885
434,6945,3,1165631755
434,6947,3,1165618042
434,6952,2,1165617475
434,6953,3.5,1165612982
434,7003,3,1165626311
434,7007,3,1165630039
434,7022,4,1165612668
434,7029,3.5,1165619867
434,7044,3.5,1165621374
434,7090,4,1165612791
434,7123,3,1165619870
434,7143,3,1165618272
434,7150,3,1167662164
434,7153,4,1165613504
434,7235,4,1165619595
434,7254,3,1165618334
434,7265,3.5,1165623806
434,7318,3.5,1165632070
434,7323,3,1165613316
434,7325,3,1165625111
434,7347,2.5,1165620632
434,7361,4.5,1165612735
434,7362,2.5,1165626997
434,7367,3,1174780071
434,7373,3,1165618623
434,7387,3.5,1165612701
434,7419,3.5,1165612767
434,7438,4,1165612898
434,7581,2,1165675701
434,7637,3.5,1165627712
434,7827,3.5,1165630199
434,7889,3.5,1165632330
434,7981,3,1165612799
434,7982,2.5,1165614722
434,8014,3,1165612696
434,8019,4,1165613432
434,8134,4,1165625963
434,8142,3,1165617316
434,8327,2.5,1165613199
434,8360,3,1165616501
434,8361,2.5,1165618807
434,8370,3,1165613138
434,8371,2.5,1165630630
434,8376,3.5,1165618547
434,8477,4,1165616919
434,8528,2,1165618687
434,8607,3.5,1172879360
434,8622,3.5,1165613684
434,8640,2,1165632155
434,8644,3,1165617951
434,8783,3.5,1165620696
434,8784,3,1170004677
434,8798,4,1165618396
434,8810,1.5,1165621201
434,8874,4,1165612963
434,8917,2.5,1165627939
434,8949,4,1165613955
434,8950,3.5,1165612804
434,8957,2.5,1165629959
434,8961,3,1165613708
434,8966,3,1165632145
434,8970,3,1165613878
434,8981,2.5,1165613862
434,8983,3,1165613333
434,8984,3,1165618845
434,8985,2,1165625590
434,26171,4,1165624440
434,26629,2,1165624683
434,26840,4.5,1165612759
434,27266,3,1165633147
434,27317,4.5,1165612674
434,27563,4,1165617278
434,27592,3.5,1166828220
434,27608,2,1165623576
434,27660,4,1165624597
434,27721,3,1172190377
434,27741,3.5,1165620965
434,27772,2.5,1165620000
434,27773,4,1165612744
434,27797,3,1165631870
434,27803,3,1165612720
434,27839,2.5,1165628158
434,27865,3,1165631970
434,30707,3,1165613916
434,30810,4,1165613728
434,30820,4,1165613136
434,31410,3.5,1165612875
434,31424,1,1165617432
434,31696,3,1165632248
434,31878,3.5,1165617194
434,32587,3,1165612748
434,33166,3,1165614021
434,33493,3.5,1165616443
434,33683,3.5,1165630457
434,33834,3,1165620734
434,33896,4,1165617283
434,34162,3,1165617906
434,34319,2.5,1165623888
434,35836,3,1165617838
434,36529,3,1169402049
434,37380,1.5,1165624036
434,37729,3.5,1165620589
434,37731,3.5,1174160997
434,38038,3,1165613996
434,39231,2.5,1165632219
434,39292,3.5,1165613882
434,39398,3,1165627780
434,39444,3,1169402068
434,39446,2.5,1165628972
434,40278,3.5,1165613072
434,40412,3,1165630237
434,40819,3,1174160979
434,41569,3,1165617824
434,41997,3.5,1165613528
434,42718,2.5,1165617158
434,44974,3.5,1165627611
434,45210,2,1168382611
434,45666,3,1173353753
434,46530,3.5,1165617982
434,47200,2.5,1167948072
434,48142,2.5,1167662144
434,48678,3,1167953873
434,48997,3,1171137790
435,180,3.5,1246502159
435,296,5,1246502396
435,318,5,1246503269
435,435,3,1246344125
435,520,4,1246344129
435,886,3,1246344843
435,912,3,1246503160
435,1089,5,1246502380
435,1321,2,1246344344
435,1799,5,1246344763
435,2028,4.5,1246502362
435,2329,4.5,1246503273
435,2501,4.5,1246344335
435,2502,4,1246502445
435,2571,5,1246502694
435,2959,5,1246502043
435,3107,4,1246344320
435,3253,4,1246502145
435,3275,4.5,1246502561
435,3703,3.5,1246344311
435,3704,1.5,1246344447
435,3959,4.5,1246344671
435,4006,4.5,1246344650
435,4069,3.5,1246344578
435,4262,5,1246502729
435,4816,4.5,1246502197
435,4855,3.5,1246502100
435,4878,4,1246502127
435,6874,4,1246502528
435,7361,4,1246502644
435,7438,3.5,1246502531
435,7802,4,1246502209
435,8369,4,1246502072
435,8371,3.5,1246344710
435,27773,4.5,1246502242
435,32587,3.5,1246502347
435,33794,4.5,1246502712
435,42725,4.5,1246502086
435,44191,5,1246502311
435,44665,5,1246502176
435,48394,3.5,1246502723
435,48516,4.5,1246502615
435,48780,5,1246502705
435,52458,4.5,1246502480
435,52973,3.5,1246502457
435,53000,3,1246344801
435,53972,4.5,1246502508
435,54256,4,1246502489
435,54503,4.5,1246502333
435,55290,5,1246502657
435,56367,4,1246503219
435,56805,4,1246502297
435,58559,5,1246502608
435,59315,4,1246502719
435,61132,3,1246344881
435,63131,3.5,1246502424
435,64614,5,1246502618
435,68205,4,1246345012
436,1,3.5,1144819495
436,32,4.5,1229117557
436,39,3,1229117866
436,47,2.5,1229118906
436,50,1.5,1229119090
436,110,4.5,1229117775
436,125,2.5,1229118187
436,150,3,1229117665
436,170,2.5,1229118265
436,180,2.5,1229118598
436,198,3,1229119011
436,215,5,1201244047
436,223,4,1144820442
436,247,2.5,1229118280
436,260,3,1229119000
436,293,3,1229118595
436,318,3.5,1108623006
436,356,3.5,1236246467
436,357,3.5,1233729432
436,377,3.5,1144819461
436,380,3.5,1144819487
436,441,2,1229117928
436,457,4,1094557316
436,480,4,1094557300
436,482,2,1229118473
436,494,3.5,1136608590
436,501,1,1229118730
436,527,1.5,1236246347
436,529,2.5,1229118894
436,537,3,1229118941
436,541,1.5,1229117739
436,555,2.5,1229119066
436,588,3,1229117622
436,589,4,1090329155
436,608,2,1229118164
436,671,2.5,1229118723
436,733,4,1136174270
436,750,4,1231392330
436,780,3,1229118383
436,781,2.5,1233452675
436,838,2,1233972598
436,858,1.5,1236246190
436,866,2.5,1229117752
436,924,1.5,1229117569
436,1036,3.5,1144819253
436,1041,3,1229118901
436,1092,3,1229117703
436,1136,2,1229118676
436,1197,4.5,1229118803
436,1199,1,1229117786
436,1203,4,1214620748
436,1230,2.5,1236246531
436,1236,3,1229119072
436,1240,3.5,1146642000
436,1246,2.5,1229118028
436,1265,3.5,1201691660
436,1270,4.5,1229117699
436,1291,4,1108724248
436,1307,3,1233729393
436,1354,1,1229117790
436,1396,3.5,1099697859
436,1413,1.5,1229119139
436,1464,2,1230413246
436,1500,2.5,1229118258
436,1517,3,1229117691
436,1527,4,1137928974
436,1552,3.5,1137929301
436,1573,3,1236246713
436,1580,2.5,1229118646
436,1584,5,1233140475
436,1608,4,1225488737
436,1617,2.5,1229118502
436,1625,3.5,1226744706
436,1635,2.5,1229118331
436,1639,2.5,1229117827
436,1653,3,1233359607
436,1673,2.5,1229117744
436,1682,4,1229119069
436,1704,2.5,1229118244
436,1721,4.5,1229119055
436,1727,2.5,1229118311
436,1729,2.5,1229118421
436,1732,1.5,1229117728
436,1735,2.5,1233452793
436,1748,2.5,1229117913
436,1755,2.5,1229118924
436,1784,3,1229117678
436,1845,2.5,1239091797
436,1873,3.5,1137929462
436,1897,2.5,1229118295
436,1909,3.5,1144819583
436,1917,3.5,1201244625
436,2000,3,1229118542
436,2006,3,1233729211
436,2028,2.5,1233313615
436,2081,4,1099191626
436,2083,3,1229118692
436,2125,2.5,1229118125
436,2140,2,1236246576
436,2144,3,1229118947
436,2232,3,1229117900
436,2248,5,1229118869
436,2273,3.5,1204930549
436,2292,3,1229118757
436,2324,2,1233452879
436,2329,3,1229117649
436,2424,2.5,1229119176
436,2443,3,1229118786
436,2502,3.5,1201692203
436,2541,4,1144819064
436,2563,2.5,1229117907
436,2571,4.5,1229118624
436,2580,4,1107560701
436,2600,3.5,1226745581
436,2617,4,1137929063
436,2622,2,1229118649
436,2624,3,1229117615
436,2671,3,1233357350
436,2672,3.5,1136173704
436,2687,3.5,1092140853
436,2692,4.5,1229118836
436,2706,3.5,1233400794
436,2712,3,1229118140
436,2761,4,1229118400
436,2771,3.5,1106991297
436,2858,3.5,1226745941
436,2913,3,1229118615
436,2916,3.5,1233729325
436,2959,4,1091617953
436,3000,2.5,1229118806
436,3008,3,1229118529
436,3020,3,1231023050
436,3079,2.5,1229118606
436,3081,2,1229118956
436,3114,3.5,1144819497
436,3147,3.5,1201691675
436,3176,1.5,1229119026
436,3275,2.5,1229117748
436,3285,4.5,1229117710
436,3353,1.5,1229117863
436,3358,3.5,1236945478
436,3476,3.5,1098784756
436,3481,3,1229118298
436,3510,4.5,1229118207
436,3536,2.5,1229118463
436,3578,4.5,1229118232
436,3623,4,1137928371
436,3743,2.5,1229117772
436,3793,4,1229119148
436,3827,2.5,1229118974
436,3897,4,1137927685
436,3949,3.5,1137929551
436,3969,3,1236246806
436,3983,2,1233401265
436,3986,3,1229117596
436,3993,2,1229118812
436,3994,3.5,1230712354
436,3996,3.5,1108210454
436,4011,2,1229118959
436,4014,3.5,1136173779
436,4052,3.5,1226745958
436,4157,3.5,1144819413
436,4226,3.5,1201691980
436,4248,2.5,1229118431
436,4270,3.5,1144819387
436,4306,4,1136253122
436,4308,2,1229118680
436,4310,3.5,1091620806
436,4334,3,1229119171
436,4372,3,1201691085
436,4389,2.5,1229118567
436,4447,2.5,1229118538
436,4639,3,1229117641
436,4701,3.5,1204930550
436,4718,3.5,1233400790
436,4720,3,1229118753
436,4823,4,1231326044
436,4848,2.5,1230413224
436,4874,3,1229118451
436,4878,4.5,1229118059
436,4880,3.5,1226744738
436,4886,3.5,1091703711
436,4896,4,1144819094
436,4903,2,1236246603
436,4963,3.5,1091620785
436,4973,3,1237029212
436,4975,4,1137927994
436,4979,1.5,1229118833
436,4992,3.5,1144819346
436,4993,4.5,1229118558
436,4995,3,1229117714
436,5010,4,1099193908
436,5013,2.5,1231023029
436,5046,4,1229118355
436,5064,3,1229117887
436,5218,3.5,1091620616
436,5219,2.5,1229118826
436,5266,2.5,1233391685
436,5299,3,1229118709
436,5349,3.5,1137929558
436,5377,3,1233357402
436,5378,3.5,1091620924
436,5380,2.5,1233452685
436,5391,2.5,1233401058
436,5418,3.5,1144819237
436,5445,4.5,1229118656
436,5481,2.5,1229117686
436,5502,2.5,1229118933
436,5507,2.5,1229119165
436,5530,2.5,1229118936
436,5574,3,1236246723
436,5577,2,1229118337
436,5617,3,1229118897
436,5618,2.5,1229118992
436,5620,2.5,1229119022
436,5669,2.5,1229117768
436,5673,2,1229118809
436,5679,2.5,1229118829
436,5816,3.5,1144819294
436,5881,2.5,1229118971
436,5902,3,1229117611
436,5903,3.5,1226745561
436,5952,5,1229118562
436,5954,3,1229168915
436,5970,3,1233729493
436,5989,3.5,1144819242
436,5991,2,1233452826
436,5995,4.5,1231758663
436,6006,2.5,1229118443
436,6016,1,1231644370
436,6058,3.5,1144819270
436,6059,3.5,1228563621
436,6155,2.5,1229118317
436,6157,3,1229117910
436,6159,2,1236246564
436,6214,1,1229118405
436,6266,3,1229119130
436,6281,3,1230712357
436,6294,2.5,1229117800
436,6322,2.5,1229117880
436,6323,4,1137930451
436,6333,4,1229119158
436,6341,3.5,1106893145
436,6365,3,1229118618
436,6373,2.5,1229117796
436,6377,4,1136200706
436,6378,3.5,1144819331
436,6385,3,1226743791
436,6502,2,1229117581
436,6534,2.5,1229118319
436,6537,3,1229119038
436,6539,3,1229118783
436,6565,2.5,1229118890
436,6586,3.5,1226745535
436,6593,2.5,1229118200
436,6618,3.5,1091620889
436,6711,5,1229118589
436,6754,3.5,1144819505
436,6765,3,1229119080
436,6770,2.5,1229118719
436,6790,2.5,1229117695
436,6863,2.5,1229118873
436,6867,3.5,1236246683
436,6870,2.5,1233452701
436,6873,3,1233402006
436,6874,4.5,1229118467
436,6875,3,1229118064
436,6879,4,1099735347
436,6881,3.5,1108623759
436,6934,3,1229118621
436,6942,4.5,1229118583
436,6947,3.5,1201691990
436,6953,4,1229117578
436,7090,4.5,1229118291
436,7123,1,1229118732
436,7139,3,1229118359
436,7143,4.5,1229118532
436,7147,4.5,1229117724
436,7153,5,1090328150
436,7163,3.5,1108805336
436,7199,2.5,1229118639
436,7254,4,1233354826
436,7263,2.5,1229118659
436,7293,3,1226744540
436,7318,3.5,1099216908
436,7346,3,1226745825
436,7347,2.5,1230811059
436,7352,3,1233728923
436,7361,4.5,1229118122
436,7373,3,1236246697
436,7380,4,1229118113
436,7438,3.5,1107598928
436,7444,2.5,1229117563
436,7445,3,1236246593
436,7451,3,1233357479
436,7454,2.5,1229119101
436,7458,3,1226743907
436,7541,2.5,1229117554
436,7739,3,1229119107
436,7827,4.5,1229117903
436,7841,4.5,1229117835
436,7842,3.5,1091874202
436,7880,2.5,1239091772
436,8254,2,1229117669
436,8360,4,1107598874
436,8361,3.5,1226744980
436,8368,3.5,1226744712
436,8376,2,1231398502
436,8464,4,1136173894
436,8529,4,1225488571
436,8533,4,1229118739
436,8581,2.5,1229118780
436,8622,3.5,1226745584
436,8636,3.5,1144819463
436,8638,5,1201244050
436,8644,4,1144820479
436,8665,3.5,1136607409
436,8781,2.5,1236246670
436,8783,3.5,1230712425
436,8784,3,1229118216
436,8798,4.5,1229117874
436,8800,3,1233359616
436,8836,4,1199760962
436,8860,3,1229117819
436,8866,3,1226743674
436,8874,2.5,1229118918
436,8907,3,1233354851
436,8908,2.5,1229118513
436,8910,3.5,1226744716
436,8917,3.5,1201245059
436,8939,3,1229118172
436,8949,4.5,1236246245
436,8950,3.5,1236246296
436,8957,3.5,1108284609
436,8961,4,1136201451
436,8966,3.5,1236246399
436,8970,2.5,1229118182
436,8981,3,1229117856
436,8983,3.5,1226744949
436,27788,4,1226228009
436,27790,2.5,1233745849
436,27866,3.5,1225488391
436,27904,2,1236945489
436,30707,3.5,1236246435
436,30822,3,1229118371
436,31807,3.5,1224289044
436,31878,3.5,1236246449
436,32031,2.5,1231320102
436,32291,3,1233357505
436,32587,3.5,1230712386
436,33004,3,1226745844
436,33166,4,1146286399
436,33437,2.5,1229119086
436,33493,4,1116676071
436,33794,3.5,1137989268
436,33817,2.5,1236246744
436,34162,2.5,1229119125
436,34319,3.5,1226744735
436,34338,1.5,1233375188
436,34405,3.5,1136412721
436,34523,2.5,1229117850
436,34532,3.5,1161603180
436,35836,4.5,1229117585
436,36517,3,1239091806
436,36525,3.5,1231241072
436,37382,1.5,1230811182
436,38038,3.5,1146286390
436,38061,3.5,1136253076
436,39427,3,1231152420
436,40629,5,1229118799
436,40732,3,1229118053
436,40815,4,1136174013
436,40851,3,1229119180
436,41285,3.5,1195208253
436,41566,4.5,1229117846
436,43744,4,1229118344
436,43987,3,1230811063
436,44191,4.5,1229119093
436,44195,4,1236246269
436,44199,3,1236334841
436,45186,3.5,1233729601
436,45668,3,1229118520
436,45730,3,1233355011
436,46578,3.5,1236246410
436,46723,4,1236512078
436,46976,4,1236246374
436,47610,3.5,1216708632
436,47970,4,1236246475
436,47997,2.5,1236246257
436,48043,4.5,1229118196
436,48082,3,1229118876
436,48342,4.5,1236246552
436,48394,3,1229118763
436,48516,2,1230874042
436,48696,3,1236246586
436,48774,3.5,1232880595
436,48780,5,1229118789
436,49272,4,1225527257
436,49278,4.5,1229118044
436,49284,3.5,1230413204
436,49530,3.5,1199760004
436,49772,3,1236246658
436,50068,2.5,1233313628
436,50601,3,1232971671
436,50685,2.5,1229119114
436,50872,4,1229118815
436,50912,3.5,1224289159
436,51084,4,1229118695
436,51255,2.5,1233354339
436,51412,4.5,1236246612
436,51540,2.5,1233391671
436,51660,3,1229119078
436,51694,4,1236246364
436,51925,2.5,1236246649
436,52328,4.5,1229119014
436,52722,3,1233451176
436,52973,3,1229118480
436,53121,3.5,1225578488
436,53123,3.5,1201243927
436,53318,3,1229117806
436,53519,3,1233459797
436,53769,3.5,1236246732
436,53972,3,1233402164
436,54001,4,1200103640
436,54116,2.5,1229118185
436,54259,4,1200103427
436,54272,3.5,1212490792
436,54286,4,1224289102
436,54503,3,1233402077
436,54648,2.5,1229118851
436,54736,3,1239091735
436,54995,2.5,1233459787
436,55052,3.5,1201243900
436,55118,2.5,1236246782
436,55247,3.5,1239091595
436,55267,3.5,1236246493
436,55280,4,1214621329
436,55814,5,1236246207
436,55820,3,1233357487
436,55872,3.5,1236246501
436,55908,4,1233354615
436,56003,1.5,1230811218
436,56152,4,1229118115
436,56171,3,1229118241
436,56174,3.5,1236246637
436,56251,3.5,1228045642
436,56367,3,1229118439
436,56389,3.5,1224289033
436,56908,3,1229118036
436,57669,4,1229118364
436,58025,3.5,1217591436
436,58047,3.5,1225488385
436,58103,4.5,1233139940
436,58105,3.5,1226744823
436,58154,3,1230118274
436,58347,3,1239091743
436,58559,4.5,1229117920
436,58803,3,1226743007
436,58998,4,1225488395
436,59018,4,1229119110
436,59118,3.5,1237029222
436,59126,3,1236246792
436,59315,4.5,1233139931
436,59369,4.5,1231758644
436,59387,3,1226745813
436,59501,3,1229117842
436,59615,2.5,1229118388
436,59784,4,1227783072
436,59810,3.5,1227906114
436,60037,3,1236246424
436,60040,3.5,1227177518
436,60069,5,1229119121
436,60072,3,1230712389
436,60126,4,1229118226
436,60397,2.5,1233452710
436,60418,2.5,1232748515
436,60647,4,1236246286
436,60950,4.5,1236246113
436,61132,2.5,1233139296
436,61240,4,1239091724
436,61323,3.5,1236246225
436,61729,4,1232880661
436,62081,3,1230712315
436,62155,4,1236246543
436,62344,4,1239091632
436,62374,3,1236512088
436,62434,3,1233965299
436,62956,3,1230118340
436,63062,4,1236246767
436,63082,3,1239091788
436,63113,3.5,1239091752
436,63436,2.5,1236246138
436,63859,3.5,1232319762
436,63992,3.5,1239091759
436,64285,4,1236246626
436,64716,3,1239091814
436,65642,4.5,1236246755
436,66297,2.5,1239091618
437,1210,5,986355027
437,1923,5,986355108
437,2028,3,986355108
437,2497,3,986355088
437,2803,3,986355088
438,44,3,1225227218
438,180,4.5,1225227342
438,661,4,1225227211
438,849,3,1225227337
438,1061,4.5,1225227310
438,1120,3.5,1225227249
438,1261,4,1225226267
438,1690,3.5,1225227202
438,2420,3.5,1225227391
438,2580,4,1225227263
438,2761,4,1225227380
438,3107,4,1225227375
438,3210,4.5,1225227380
438,3252,4,1225226504
438,3703,4.5,1225227348
438,4321,3,1225226488
439,58,1.5,1054828020
439,145,4.5,1054828308
439,151,3,1054828027
439,246,3,1054828036
439,252,3,1054828038
439,303,3.5,1054828422
439,304,2.5,1054828528
439,315,2,1054828052
439,349,3.5,1054828106
439,376,2.5,1054827986
439,432,0.5,1054828568
439,435,1,1054827966
439,445,4,1054828562
439,486,0.5,1054828575
439,589,5,1054828124
439,590,4,1054828132
439,726,3,1054828537
439,784,0.5,1054828031
439,934,0.5,1054828212
439,1010,2,1054828500
439,1019,2,1054828297
439,1208,3.5,1054827995
439,1215,1.5,1054828164
439,1234,2.5,1054828055
439,1247,1,1054828013
439,1304,4,1054828008
439,1378,4,1054828356
439,1394,1.5,1054828024
439,1396,4,1054828137
439,1407,3,1054828049
439,1527,3.5,1054827975
439,1580,3,1054828205
439,1610,4,1054828121
439,1784,0.5,1054827953
439,1968,3,1054828129
439,2000,4,1054828040
439,2355,3,1054828005
439,2683,3,1054827959
439,2706,5,1054827991
439,2710,0.5,1054827997
439,2745,2,1054828252
439,2747,0.5,1054828503
439,2987,2,1054828202
439,3104,3,1054828111
439,3256,3.5,1054828102
439,3477,3.5,1054828388
439,3480,0.5,1054828173
439,3977,2,1054828383
439,4369,4.5,1054828450
439,4534,2.5,1054828399
439,4936,0.5,1054828332
439,5010,4,1054828118
439,5246,1.5,1054828677
439,5459,1.5,1054828416
439,5507,4.5,1054828413
439,5574,3,1054828540
439,5784,3.5,1054828660
439,5803,4,1054828508
439,5810,5,1054828326
439,5816,3,1054828180
439,5872,5,1054828406
439,5944,1.5,1054828531
439,5993,0.5,1054828228
439,6059,4,1054828349
439,6102,2.5,1054828516
439,6271,2,1054828191
439,6315,2,1054828554
439,6351,0.5,1054828396
439,6423,3.5,1054828628
439,6428,4,1054828353
440,327,2.5,1176065162
440,356,5,1176065419
440,383,2.5,1176065198
440,593,4.5,1176065667
440,1041,2.5,1176065160
440,1321,2,1176065139
440,1333,1.5,1176065084
440,1556,1.5,1176065218
440,1690,3,1176065069
440,1965,3,1176065178
440,2428,1,1176065205
440,2581,2,1176065146
440,2722,4,1176065142
440,2826,1.5,1176065130
440,2840,3,1176065229
440,3317,2.5,1176065168
440,3421,2,1176065073
440,39444,3,1176065529
441,593,5,942263486
441,1721,5,942263295
442,35,2,907356135
442,110,3,907356135
442,527,4,907355992
442,590,5,907355992
442,866,4,907356135
442,954,4,907356038
442,982,4,907356083
442,1085,4,907356038
442,1148,4,907356228
442,1193,5,907356083
442,1203,4,907356083
442,1207,5,907356083
442,1225,3,907356135
442,1272,2,907356135
442,1286,3,907356038
442,1721,4,907356083
442,1923,4,907355762
442,1968,4,907356038
442,2025,2,907355846
442,2028,4,907355762
442,2125,3,907355796
442,2268,4,907356083
442,2289,4,907356135
443,1,5,1217110617
443,47,5,1217110683
443,50,4.5,1219357505
443,110,4,1234304346
443,150,5,1217110608
443,235,4,1217111102
443,288,2,1217110851
443,296,4,1217110563
443,318,4.5,1305239381
443,356,5,1217110581
443,357,4,1217110772
443,377,3.5,1217110655
443,380,4.5,1217110638
443,457,4.5,1217110598
443,469,4,1217110023
443,480,3.5,1217110585
443,500,4,1217110727
443,508,5,1217110988
443,527,4.5,1217110643
443,587,3.5,1217110760
443,589,4,1234304357
443,593,5,1217110576
443,608,5,1217110651
443,648,3.5,1217110668
443,778,2.5,1217110973
443,780,4,1217110621
443,923,4,1217111105
443,924,4,1217110901
443,1079,4,1217111006
443,1097,4,1217110744
443,1127,4,1217111128
443,1198,5,1217110673
443,1225,5,1217111009
443,1246,4.5,1217111086
443,1258,4,1217110995
443,1270,4,1217110687
443,1291,4,1217110803
443,1307,4,1217110909
443,1391,3,1217111112
443,1527,4,1217110874
443,1580,5,1217110748
443,1584,4,1217110964
443,1610,4,1217110928
443,1641,4,1217111159
443,1682,4,1217111001
443,1961,4,1217110868
443,1971,3.5,1217109922
443,2000,4.5,1217111123
443,2054,3,1217111115
443,2174,3.5,1217111020
443,2269,3,1217109740
443,2571,5,1217110679
443,2616,3,1217109569
443,2683,3.5,1217110881
443,2706,3.5,1217110921
443,2716,4,1217110823
443,2762,5,1217110718
443,2797,3.5,1217111047
443,2858,5,1217110676
443,2916,3.5,1217111016
443,2987,3,1217110915
443,2997,4.5,1217110853
443,3105,4.5,1217109538
443,3114,4,1217110950
443,3257,3,1217109563
443,3510,4,1219348735
443,3578,4,1343397129
443,3623,3,1217111163
443,3707,4,1217109957
443,4084,4,1217109659
443,4132,4,1217109910
443,4226,4.5,1217110941
443,4305,3.5,1219349005
443,4306,5,1217110835
443,4720,5,1217111491
443,4886,4.5,1217111066
443,4963,4,1217111117
443,4973,4,1218316980
443,4995,5,1217111152
443,5319,5,1217110183
443,5418,4.5,1217111449
443,5445,4,1217111035
443,5480,2,1217110431
443,5530,4,1217110094
443,5693,3.5,1217109813
443,6323,4.5,1217111446
443,6377,4,1217111148
443,6870,4.5,1343397060
443,7254,4.5,1218317051
443,8665,4,1306105184
443,8916,3.5,1219348977
443,8961,3.5,1239490391
443,27002,5,1270224496
443,32296,3.5,1217110483
443,33893,4,1270224461
443,40614,4,1218317308
443,44191,4.5,1343397105
443,44555,4.5,1270224628
443,50872,4,1239490403
443,53322,4,1217109975
443,54286,4,1306105187
443,58559,5,1306103785
443,59387,4,1306105222
443,60069,5,1230053251
443,69122,3.5,1343397118
443,71033,5,1271606419
443,72554,3,1306103771
443,74156,4,1271606742
443,74458,4,1271606755
443,74789,3.5,1270224367
443,79091,4,1380550604
443,79132,4,1292722248
443,80463,4.5,1292722215
443,80489,3.5,1292722500
443,81229,4,1380550725
443,81788,4.5,1306103870
443,81845,4,1305239410
443,85736,3,1306103668
443,86882,4,1380550572
443,91529,3.5,1361728363
443,92259,5,1380550598
443,94070,4,1343396844
444,1955,3,1396194823
444,3301,5,1396194776
445,1,5,994511665
445,2,3,994975072
445,3,3,994698806
445,4,3,994698972
445,19,3,994699351
445,24,1,994975456
445,34,3,994511665
445,39,3,994698185
445,48,4,994975220
445,110,4,1005565477
445,141,4,994698369
445,153,3,994699043
445,158,3,994974990
445,186,3,994698951
445,203,3,994698884
445,223,4,994698141
445,239,3,994975344
445,256,3,994699119
445,260,5,1005565431
445,317,3,994511753
445,339,3,994698369
445,342,3,994698185
445,355,3,994699351
445,356,4,994698141
445,357,4,994698278
445,362,3,994974918
445,364,5,994511665
445,377,4,1005565534
445,410,2,994698767
445,432,3,994699179
445,435,2,994699043
445,440,3,994698241
445,457,3,1005565534
445,480,4,1005565554
445,491,3,994510914
445,500,5,994698340
445,520,3,994698861
445,531,3,994974852
445,539,4,994698278
445,542,3,994698665
445,551,3,994511724
445,558,3,994975220
445,585,3,994698884
445,586,3,994511753
445,587,3,994698439
445,588,5,994511665
445,592,4,1005565554
445,593,4,994510914
445,594,3,994974776
445,595,5,994511665
445,596,3,998346722
445,597,4,994698439
445,637,3,994699307
445,673,3,994975297
445,691,2,994699179
445,765,3,994699015
445,783,1,994974956
445,784,3,994698951
445,818,2,994510914
445,830,4,994698783
445,837,3,994974990
445,858,5,1005565431
445,919,3,994974776
445,986,4,994511753
445,1007,3,994975297
445,1013,4,998346816
445,1015,4,994511724
445,1022,4,994974852
445,1023,3,994974813
445,1025,3,994974852
445,1028,3,994974813
445,1029,3,994974880
445,1032,4,994974852
445,1064,3,994975031
445,1073,3,994974852
445,1097,5,994974776
445,1101,4,1005565577
445,1126,3,994699327
445,1135,4,994708250
445,1196,3,1005565431
445,1197,4,994699656
445,1210,4,1005565458
445,1221,3,1005565431
445,1257,4,994705787
445,1259,5,994699656
445,1270,4,994699656
445,1282,4,994974776
445,1353,3,994698931
445,1367,3,994698931
445,1378,3,994707267
445,1381,3,994708945
445,1387,4,1005565458
445,1391,3,994699217
445,1409,4,994698590
445,1410,3,994698911
445,1441,4,994698633
445,1457,3,994698462
445,1473,3,994699157
445,1476,3,994698340
445,1513,3,994698665
445,1526,2,994699217
445,1566,2,994511779
445,1569,4,994698497
445,1580,3,994698300
445,1614,3,994698300
445,1641,3,994698215
445,1654,3,994975100
445,1688,4,994511753
445,1702,3,994699307
445,1713,3,994698590
445,1769,3,994974603
445,1777,3,994698185
445,1784,4,994698241
445,1806,3,998346785
445,1810,4,994974690
445,1839,3,994699307
445,1855,2,994699238
445,1875,4,994698394
445,1894,1,994698861
445,1907,5,994511665
445,1911,3,994699076
445,1923,4,994698115
445,2005,3,994974880
445,2011,3,994708117
445,2018,4,994974813
445,2028,5,1005565431
445,2033,1,994975031
445,2048,3,994974990
445,2052,3,994975272
445,2059,4,994974956
445,2072,2,994708454
445,2078,4,994974852
445,2080,4,994974776
445,2081,5,994705787
445,2083,4,994511724
445,2085,3,994974852
445,2089,3,994974880
445,2096,4,994974776
445,2100,4,994708052
445,2123,3,994975031
445,2124,4,994698665
445,2137,4,994974813
445,2138,3,994974880
445,2139,3,994974918
445,2140,4,994974956
445,2141,4,994708117
445,2145,3,994708250
445,2146,4,994974626
445,2161,4,994974880
445,2169,3,994698996
445,2174,4,994706050
445,2241,3,994510914
445,2294,2,994511724
445,2296,3,994699439
445,2301,4,994708354
445,2321,3,994698413
445,2324,3,994698095
445,2335,2,994699238
445,2354,2,994699457
445,2355,4,994511724
445,2369,3,994708421
445,2385,1,994699197
445,2413,2,994708333
445,2416,3,994708454
445,2423,3,994706050
445,2424,3,994698534
445,2431,3,994699077
445,2450,3,994975364
445,2478,3,994708549
445,2506,3,994698394
445,2518,4,994705787
445,2539,3,994698608
445,2571,3,1005565458
445,2581,3,994698685
445,2598,2,994698996
445,2671,4,994698497
445,2683,4,994698735
445,2687,2,994511724
445,2694,3,994698899
445,2709,3,994974813
445,2716,4,994699656
445,2717,3,994708549
445,2724,3,994698861
445,2736,3,994708250
445,2751,3,994705717
445,2794,3,994708577
445,2795,4,994706050
445,2797,4,994699656
445,2798,3,994699351
445,2804,4,994699619
445,2846,4,994974990
445,2858,3,994698095
445,2886,3,994699119
445,2907,3,994698972
445,2953,3,994699307
445,2961,2,994698665
445,3033,3,994708117
445,3034,4,994974813
445,3041,2,994709177
445,3042,1,994709177
445,3048,3,994708485
445,3114,5,994511665
445,3146,3,994699327
445,3147,4,994510914
445,3157,3,994511779
445,3159,3,994511724
445,3174,4,994698462
445,3185,3,994511270
445,3189,3,994511270
445,3210,3,994705717
445,3243,2,994699119
445,3247,4,994698735
445,3253,3,994698141
445,3254,2,994698702
445,3261,3,994698340
445,3287,3,994511582
445,3299,3,994698000
445,3308,4,994708250
445,3317,3,994511133
445,3391,3,994708979
445,3396,4,994974776
445,3397,4,994705787
445,3398,3,994707267
445,3399,3,994708549
445,3418,3,1005565516
445,3438,3,994975220
445,3450,3,994698514
445,3524,3,994708333
445,3525,3,994708454
445,3534,3,994511335
445,3556,3,994511158
445,3578,4,994511050
445,3591,4,994708052
445,3608,3,994707267
445,3615,3,994511180
445,3618,2,994511298
445,3646,2,994511444
445,3751,2,1005565373
445,3752,3,994697979
445,3755,2,994511270
445,3785,1,994697979
445,3793,2,994511202
445,3820,3,994511600
445,3821,2,994698034
445,3893,1,994697917
445,3896,2,994511478
445,3897,4,994697855
445,3948,3,994511223
445,3967,4,994511133
445,3977,3,994511243
445,3978,3,994511158
445,3988,2,994511478
445,4003,4,994708549
445,4016,4,994511582
445,4018,3,994697947
445,4022,5,994511070
445,4025,3,994511407
445,4027,5,994697917
445,4034,4,994511050
445,4036,4,994511298
445,4039,3,994974956
445,4052,1,994511223
445,4080,3,994708250
445,4091,3,994708202
445,4128,4,994707267
445,4205,3,994698825
445,4219,3,994706095
445,4232,3,1005565601
445,4306,4,994510962
445,4317,2,994699119
445,4321,4,994698439
445,4333,3,994708202
445,4366,2,1005565373
445,4471,3,994708979
445,4519,3,994974956
445,4527,3,994709177
445,4571,3,994705717
445,4578,3,994708250
445,4621,4,994708421
445,4623,3,994705787
445,4643,2,997217698
445,4867,4,1005565735
445,4886,3,1005565373
446,39,3,953403011
446,110,5,953403011
446,511,3,953403011
446,542,2,953403011
446,1918,3,953403011
447,110,5,1175117271
447,318,4.5,1175117266
447,524,4,1175116874
447,1025,3.5,1175116950
447,1416,3.5,1175116932
447,1704,5,1175117261
447,2300,4,1175116912
447,2571,5,1175117276
447,3271,2.5,1175117229
447,3452,3,1175117007
447,3871,2.5,1175117170
447,4033,4,1175117024
447,4890,3,1175116992
447,4995,4.5,1175117236
447,5267,3.5,1175117154
447,5418,4,1175117220
447,5419,3.5,1175117165
447,7254,4.5,1175116967
447,30749,5,1175117016
447,31696,4,1175117126
447,46578,5,1175117109
447,49272,4.5,1175117118
448,597,4,1008884417
448,858,5,1008884695
448,912,5,1008884602
448,1210,2,1008884306
448,1329,2,1008884848
448,1617,5,1008884504
448,2023,5,1008884328
448,2028,5,1008884791
448,2986,5,1008884828
448,3246,4,1008884489
448,4718,2,1008884848
448,4878,2,1008885000
448,4963,5,1008885000
448,4993,3,1008885000
449,2762,4,939665312
450,1,2.5,1091629775
450,29,3.5,1091630691
450,32,3.5,1091897414
450,111,4.5,1091897508
450,123,4,1091898059
450,194,4,1091897911
450,196,1,1091597286
450,198,2.5,1091595989
450,247,3.5,1091596104
450,260,5,1091596512
450,293,3,1091897384
450,296,2,1091630792
450,306,4,1091897901
450,307,4,1091897979
450,308,4,1091897955
450,349,2,1091630749
450,428,2.5,1091898266
450,431,2.5,1091897728
450,457,2,1091598183
450,527,3,1091630361
450,541,4.5,1091596327
450,589,2.5,1091596537
450,590,0.5,1091598177
450,592,3,1091897844
450,594,3,1091994095
450,595,3,1091629840
450,596,3,1091595967
450,602,3,1091630251
450,608,3,1091897492
450,750,3.5,1091630699
450,849,2,1091597342
450,858,5,1091897393
450,968,3.5,1091596365
450,1025,3,1091629828
450,1028,4,1091993641
450,1073,3.5,1091597592
450,1090,3,1091630370
450,1095,4,1091897694
450,1096,3,1091898067
450,1127,3,1091596588
450,1129,4,1091596615
450,1136,3,1091994077
450,1147,4,1091630114
450,1172,3.5,1091897927
450,1175,4,1091596397
450,1178,3.5,1091630433
450,1193,4,1091897401
450,1196,5,1091596485
450,1197,3,1091898481
450,1198,4,1091898445
450,1210,5,1091596553
450,1211,3.5,1091898077
450,1213,3,1091897375
450,1214,4,1091898448
450,1215,3,1091596200
450,1221,4.5,1091897389
450,1222,3.5,1091630356
450,1245,4,1091897585
450,1256,3.5,1091630415
450,1258,3.5,1091992592
450,1259,3,1091992071
450,1261,2.5,1091898511
450,1267,4,1091994004
450,1270,2,1091596532
450,1279,3.5,1091897798
450,1282,3,1091629728
450,1288,2.5,1091897499
450,1291,3.5,1091898516
450,1299,3,1091630410
450,1302,0.5,1091596249
450,1320,2,1091898919
450,1339,1,1091992880
450,1350,3.5,1091992719
450,1374,2.5,1091596584
450,1552,1.5,1091596220
450,1580,2.5,1091597123
450,1590,2,1091597254
450,1690,2.5,1091597082
450,1734,3,1091898100
450,1759,3.5,1091898033
450,1777,2,1091596216
450,1788,4,1091897939
450,1831,1.5,1091597334
450,1834,3.5,1091897800
450,1862,1,1091993330
450,1909,2,1091993976
450,1912,1.5,1091596124
450,1944,3.5,1091630448
450,1965,3.5,1091596279
450,1967,2.5,1091992160
450,1968,2.5,1091898253
450,1982,3,1091992693
450,1997,3,1091596030
450,2005,3.5,1091597678
450,2009,4,1091630688
450,2011,2,1091596700
450,2012,2,1091596868
450,2033,3,1091629898
450,2064,3.5,1091630074
450,2093,3.5,1091597198
450,2105,2.5,1091596118
450,2115,2.5,1091898582
450,2116,3.5,1091596742
450,2133,2,1091992306
450,2161,3,1091597695
450,2193,3,1091597689
450,2194,1.5,1091596229
450,2248,3,1091596108
450,2278,4,1091898650
450,2288,3.5,1091596352
450,2289,3,1091596062
450,2321,2.5,1091596011
450,2328,3,1091993128
450,2427,4,1091630509
450,2454,2.5,1091596282
450,2527,4,1091596624
450,2528,2,1091596681
450,2529,4,1091596369
450,2530,3,1091597186
450,2531,3.5,1091597219
450,2532,4.5,1091597193
450,2533,3.5,1091597161
450,2540,2,1091898973
450,2571,4,1091596507
450,2628,1.5,1091596765
450,2672,2.5,1091596930
450,2677,3,1091630231
450,2686,2,1091897617
450,2692,2.5,1091993981
450,2710,2,1091992975
450,2716,3,1091992660
450,2720,1.5,1091992531
450,2797,2.5,1091597635
450,2804,2,1091897406
450,2858,2.5,1091897426
450,2918,2.5,1091630732
450,2959,2.5,1091897354
450,2968,3.5,1091596373
450,2985,2.5,1091596407
450,2986,2,1091597402
450,3032,4,1091596639
450,3033,2,1091596192
450,3052,1.5,1091596224
450,3108,4,1091897809
450,3156,1.5,1091597212
450,3175,1.5,1091992128
450,3246,3.5,1091897478
450,3253,1,1091596235
450,3256,1.5,1091898685
450,3265,3.5,1091898474
450,3300,2,1091596692
450,3317,2.5,1091898247
450,3328,4.5,1091897706
450,3362,4,1091897432
450,3424,4,1091897714
450,3452,2.5,1091899002
450,3521,4,1091897685
450,3556,2.5,1091898397
450,3679,3.5,1091630092
450,3700,4,1091596731
450,3726,4,1091898555
450,3730,4.5,1091897654
450,3735,3.5,1091897522
450,3740,2.5,1091898664
450,3751,1.5,1091629723
450,3793,3,1091596560
450,3826,1,1091993295
450,3863,1.5,1091596851
450,3983,3,1091897666
450,3989,4,1091630156
450,3996,4,1091992065
450,3997,1,1091597768
450,4006,2,1091629858
450,4036,2.5,1091992827
450,4105,3,1091992810
450,4144,4.5,1091898001
450,4195,4,1091992773
450,4226,2.5,1091897327
450,4262,2.5,1091897460
450,4280,2.5,1091898418
450,4437,3.5,1091992850
450,4446,1.5,1091596864
450,4553,4,1091596713
450,4638,1.5,1091597302
450,4641,3.5,1091897526
450,4642,3.5,1091898336
450,4643,1,1091597236
450,4720,3,1091992652
450,4734,2,1091993962
450,4765,3,1091897873
450,4873,1.5,1091629796
450,4878,3.5,1091596300
450,4881,3,1091898289
450,4896,2,1091597625
450,4902,3,1091897454
450,4993,5,1091597547
450,5026,2,1091597615
450,5038,3,1091629808
450,5060,3.5,1091598192
450,5101,3,1091630095
450,5225,3.5,1091897773
450,5239,4,1091630682
450,5325,3.5,1091630031
450,5349,3.5,1091596517
450,5378,1,1091596751
450,5400,1,1091898780
450,5420,2,1091630621
450,5421,3,1091897662
450,5445,3,1091596556
450,5459,2,1091597278
450,5463,1.5,1091597226
450,5464,3,1091897579
450,5605,3,1091898349
450,5608,3.5,1091898376
450,5618,3.5,1091597563
450,5633,3.5,1091898083
450,5669,3,1091629992
450,5673,3,1091898371
450,5679,3,1091992823
450,5782,3,1091898459
450,5791,3,1091897934
450,5812,3,1091898380
450,5816,2,1091597621
450,5820,2.5,1091630188
450,5876,3.5,1091630425
450,5952,4.5,1091597540
450,5989,2.5,1091897476
450,6016,4,1091897398
450,6062,3.5,1091630119
450,6122,4,1091630046
450,6195,3,1091630137
450,6242,4,1091992612
450,6299,3.5,1091630180
450,6323,2,1091992846
450,6327,2,1091630128
450,6331,3.5,1091630064
450,6332,1,1091993841
450,6333,3,1091596496
450,6365,2,1091597146
450,6368,3,1091630142
450,6377,2.5,1091629710
450,6378,1.5,1091992152
450,6385,3.5,1091897438
450,6440,3,1091897626
450,6502,3,1091992642
450,6505,3,1091992907
450,6537,2.5,1091596722
450,6539,2.5,1091898486
450,6541,2,1091597319
450,6552,3.5,1091897766
450,6620,4,1091897343
450,6667,4,1091630146
450,6703,1,1091993230
450,6711,4.5,1091897504
450,6721,3.5,1091898315
450,6755,3,1091992634
450,6773,3,1091629738
450,6780,3.5,1091630014
450,6870,3,1091897446
450,6934,2,1091596774
450,6942,2.5,1091898365
450,6963,3,1091629999
450,6966,2.5,1091596905
450,6979,2,1091596304
450,7022,2.5,1091897334
450,7034,3,1091898360
450,7139,3,1091897419
450,7147,2.5,1091897321
450,7153,5,1091597544
450,7156,3,1091630069
450,7254,1,1091596564
450,7323,3,1091898386
450,7360,3,1091897702
450,7361,3.5,1091596296
450,7373,2.5,1091596526
450,7382,3.5,1091897823
450,7387,4,1091898495
450,7560,3.5,1091596292
450,7743,2.5,1091596501
450,7894,4,1091630674
450,7932,3,1091630007
450,8011,4,1091630085
450,8014,3.5,1091897604
450,8361,2,1091596913
450,8368,3.5,1091597529
450,8582,3.5,1091630017
450,8636,4,1091596287
450,8644,2,1091596604
450,8665,2.5,1091897551
451,1,4,1007849987
451,34,4,1007692467
451,36,3,1045175380
451,110,3,1045175246
451,150,5,1045175632
451,260,5,1007692684
451,340,3,1007692947
451,356,5,1007688913
451,357,5,1007692610
451,455,3,1012965247
451,497,5,1007692610
451,527,5,1007691938
451,590,5,1007692723
451,635,4,1007849987
451,674,3,1007693146
451,858,4,1007691744
451,910,4,1007692338
451,912,5,1007691963
451,914,4,1007692184
451,919,5,1007692723
451,923,2,1007692138
451,952,4,1007692751
451,953,4,1007688727
451,986,4,1007693111
451,1015,4,1007693111
451,1016,3,1007688913
451,1017,4,1007693146
451,1097,4,1007688835
451,1196,4,1007692723
451,1197,4,1007692541
451,1198,4,1007692684
451,1207,4,1007849748
451,1210,4,1007688672
451,1230,4,1007688700
451,1234,5,1007692303
451,1247,4,1007692106
451,1250,4,1007692106
451,1259,3,1007692541
451,1265,5,1007692423
451,1270,5,1007692423
451,1271,4,1045175456
451,1272,3,1007688672
451,1291,4,1007692809
451,1307,4,1007692338
451,1359,3,1012965306
451,1376,4,1007692947
451,1552,3,1012965146
451,1580,4,1007693041
451,1584,5,1045175488
451,1676,4,1012965247
451,1678,4,1045175317
451,1806,4,1012965329
451,1873,5,1045175552
451,1894,3,1012965247
451,2006,4,1012965060
451,2019,3,1007692069
451,2028,4,1045175176
451,2080,4,1007692541
451,2099,4,1007693111
451,2268,4,1045175413
451,2289,3,1007850017
451,2352,4,1007692423
451,2394,3,1009481942
451,2395,3,1009482001
451,2396,5,1007692338
451,2433,4,1009481441
451,2470,3,1007693111
451,2622,4,1009481849
451,2628,5,1012965146
451,2640,2,1007692947
451,2701,3,1009482093
451,2716,5,1007692610
451,2770,4,1009481411
451,2853,1,1009481669
451,2858,3,1007692423
451,2871,3,1007693146
451,2976,2,1009481411
451,2987,4,1007693004
451,3037,4,1007692423
451,3074,4,1007692069
451,3114,4,1007692567
451,3168,4,1007693004
451,3175,4,1007692809
451,3235,2,1007692268
451,3246,4,1045175632
451,3253,3,1007850017
451,3255,4,1007850200
451,3317,5,1008438457
451,3326,3,1008132305
451,3358,3,1007688913
451,3362,3,1007692184
451,3363,4,1007692496
451,3384,3,1009482036
451,3408,4,1009481719
451,3422,4,1007692496
451,3481,4,1008132098
451,3507,4,1007692496
451,3510,4,1009481750
451,3554,3,1008438390
451,3618,4,1008132197
451,3623,3,1009481883
451,3754,5,1008132389
451,3784,4,1008132354
451,3911,5,1008132122
451,3916,4,1008438390
451,3957,2,1007688804
451,3967,4,1008438457
451,3978,5,1008438457
451,3996,5,1007692947
451,3999,3,1012965009
451,4014,5,1008132122
451,4018,4,1007688728
451,4022,4,1007692751
451,4027,5,1007692947
451,4232,4,1012964980
451,4306,4,1011122509
451,4321,4,1007693004
451,4327,3,1007688752
451,4340,3,1008132405
451,4361,4,1007692423
451,4447,4,1007689018
451,4639,4,1009481248
451,4719,4,1007689018
451,4886,4,1008132122
451,4890,4,1011122670
451,4963,3,1011122643
451,4979,5,1011122643
451,4993,5,1009044620
451,5060,4,1007692567
452,105,5,975387863
452,110,5,975385849
452,165,3,975387655
452,480,4,975386718
452,589,5,975385893
452,648,4,975386051
452,858,5,975387931
452,924,4,975387558
452,1036,4,975387639
452,1193,5,975385695
452,1198,4,975385745
452,1213,5,975387841
452,1221,5,975387931
452,1240,5,975387526
452,1270,3,975385655
452,1370,4,975387639
452,1544,3,975386253
452,1580,3,975386765
452,1721,5,975387592
452,1784,5,975387841
452,1954,4,975387746
452,2023,3,975387931
452,2383,1,975385569
452,2409,4,975387746
452,2410,4,975387746
452,2411,4,975387746
452,2412,2,975387746
452,2456,3,975386498
452,2657,3,975387746
452,2683,2,996461093
452,2699,4,996461093
452,2710,4,996461150
452,2716,3,996461277
452,2735,2,975386718
452,2762,5,996461519
452,2858,4,975385849
452,2959,5,996461250
452,3160,4,975385942
452,3174,4,996461345
452,3219,3,996461400
452,3354,2,975386498
452,3408,3,975386969
452,3555,4,975386091
452,3578,4,975386933
452,3593,2,996461128
452,3623,4,996461367
452,3752,3,996461345
452,3753,3,975387002
452,3755,3,977962303
452,3793,4,996461597
452,3826,3,996461296
452,3893,2,975387392
452,3918,3,975386718
452,3948,2,975387461
452,3977,4,996461178
452,3978,3,975387058
452,3984,5,975386014
452,3987,3,975387490
452,4007,5,975386051
453,82,4,940166921
453,750,5,940166310
453,858,5,940166310
453,898,5,940166351
453,913,4,940166310
453,919,5,940166921
453,1198,5,940166352
453,1208,4,940166921
453,1214,3,940166432
453,1221,4,940166310
453,1365,5,940166835
453,1958,3,940166432
453,2064,5,940166352
453,2067,2,940166835
453,2186,5,940166310
453,2363,5,940166835
453,2366,3,940166921
453,2436,5,940166835
453,2774,3,940166056
454,47,4.5,1318543325
454,273,3,1318539767
454,296,5,1318542104
454,318,4.5,1318541909
454,356,5,1318543113
454,381,3,1318540117
454,527,4.5,1318541956
454,592,5,1318543128
454,593,4.5,1318543117
454,608,5,1318542108
454,780,3.5,1318543145
454,858,4,1318543033
454,915,4,1318540175
454,1089,5,1318543053
454,1193,4,1318543035
454,1206,5,1319316593
454,1213,5,1318542122
454,1258,5,1318543447
454,1296,4,1318539958
454,1835,4.5,1318540212
454,1892,3,1318540413
454,2010,4,1318540182
454,2145,4.5,1318539792
454,2160,3.5,1318539837
454,2329,5,1318541901
454,2541,4,1318539581
454,2739,3.5,1318540035
454,2858,3.5,1318541916
454,2908,4,1318539770
454,2959,4.5,1318542097
454,3535,5,1319315638
454,3624,2.5,1318539856
454,4226,3,1318541364
454,4235,4.5,1318541564
454,4975,3,1318539817
454,5992,4.5,1318540667
454,5995,4.5,1318541525
454,6016,3.5,1318541377
454,6323,4,1319316076
454,6870,4.5,1318542394
454,6874,4,1318542412
454,7153,3,1318542293
454,7323,4,1318541538
454,8645,4.5,1318541574
454,8950,4.5,1319316034
454,31410,4,1318543039
454,32587,4,1318542406
454,33794,4,1319379475
454,42418,5,1319379460
454,44555,3.5,1318541385
454,49530,2.5,1318542299
454,51540,4.5,1319379200
454,55765,4.5,1318542322
454,55820,4.5,1318542388
454,58559,4.5,1318541394
454,63876,4,1318541554
454,64614,5,1318542284
454,68157,4.5,1318542280
454,72641,3,1318678961
454,74458,5,1319316054
454,81591,5,1319317207
454,88163,4,1318541304
455,2,2,845752865
455,6,4,845925311
455,10,3,845752619
455,11,3,845752836
455,16,4,845925361
455,17,4,845752897
455,19,3,845752745
455,21,4,845752745
455,22,4,845925388
455,25,3,845925256
455,32,4,845752774
455,34,5,845752713
455,36,4,845925311
455,39,3,845752774
455,45,3,845925441
455,50,4,845752774
455,95,3,845752897
455,105,3,845925311
455,110,5,845752649
455,141,4,845925204
455,150,4,845752469
455,151,5,845752917
455,153,3,845752504
455,160,2,845752806
455,161,4,845752619
455,163,3,845925416
455,168,3,845925283
455,172,3,845925282
455,173,3,845925180
455,185,3,845752649
455,204,3,845752940
455,208,4,845752619
455,224,3,845925343
455,225,3,845752745
455,231,3,845752539
455,235,4,845752940
455,246,4,845925416
455,253,3,845752649
455,261,4,845925256
455,265,3,845925311
455,266,4,845752806
455,272,3,845925416
455,282,2,845752865
455,288,5,845752649
455,292,3,845752619
455,296,5,845752469
455,300,5,845752713
455,316,3,845752539
455,317,4,845752807
455,318,5,845752580
455,337,3,845752917
455,339,3,845752619
455,342,3,845925441
455,344,3,845752504
455,349,3,845752539
455,350,3,845752836
455,353,3,845925282
455,356,4,845752580
455,357,3,845752807
455,364,4,845752683
455,367,3,845752683
455,368,4,845925282
455,377,4,845752682
455,380,5,845752469
455,410,3,845752713
455,432,3,845752836
455,440,3,845752806
455,454,4,845752649
455,457,4,845752539
455,468,4,845925441
455,474,4,845752865
455,480,4,845752580
455,500,3,845752713
455,509,5,845752865
455,515,3,845925343
455,527,5,845752774
455,539,3,845752745
455,553,4,845752897
455,587,3,845752745
455,589,4,845752683
455,590,5,845752469
455,592,4,845752469
455,593,4,845752504
455,595,4,845752539
455,597,3,845752713
455,608,4,845925388
455,766,4,845753434
455,780,3,845925256
455,1073,3,845753434
456,7,4,1147091153
456,368,4,1147090928
456,508,5,1147090920
456,923,4.5,1147091144
456,1101,4,1147091045
456,1225,5,1147090978
456,1246,5,1147091324
456,1704,5,1147091397
456,1917,2,1147091026
456,2011,4,1147091117
456,2012,3,1147091067
456,2054,2,1147091186
456,2106,5,1147091366
456,2321,5,1147091549
456,2683,1,1147090888
456,2710,0.5,1147091074
456,3148,5,1147091410
456,3996,0.5,1147090952
456,4306,4,1147090854
456,4993,4,1147090863
456,5064,4,1147091506
457,1,4,1491173814
457,2,3,1497477282
457,47,4.5,1486009989
457,87,2.5,1491173410
457,110,4,1495308768
457,111,4,1496598289
457,123,3.5,1491173148
457,215,4.5,1490586003
457,260,4,1486009830
457,277,3,1495438028
457,296,3.5,1497477574
457,307,4,1497486534
457,318,4.5,1495435888
457,356,4.5,1490586188
457,367,3.5,1486010374
457,412,3.5,1491173236
457,480,4,1486010281
457,500,3,1497477302
457,527,4.5,1501139876
457,541,3,1495661361
457,586,3.5,1491173633
457,592,3,1497477171
457,593,4,1497478938
457,608,3.5,1495610540
457,741,3.5,1495652385
457,743,2.5,1497478013
457,750,4,1495684769
457,858,5,1486010141
457,904,4,1495644514
457,908,3.5,1490591745
457,912,4.5,1495478799
457,923,4.5,1486010244
457,1036,3.5,1486009997
457,1097,3.5,1486010283
457,1104,3,1496598334
457,1136,4.5,1495425101
457,1178,3.5,1500445488
457,1193,4.5,1495497971
457,1196,4,1497478952
457,1197,4,1495426229
457,1203,4.5,1490585696
457,1206,2.5,1497477950
457,1207,4.5,1497478339
457,1210,4.5,1486009822
457,1212,4,1495292983
457,1213,4.5,1490586069
457,1214,3.5,1495566690
457,1217,4.5,1490594445
457,1221,4.5,1486010148
457,1237,3.5,1495424293
457,1240,4,1486009835
457,1252,4.5,1495746049
457,1258,4,1497479065
457,1274,3.5,1491173153
457,1276,4,1497479149
457,1359,2.5,1491173419
457,1566,3,1497477288
457,1580,3.5,1490585498
457,1588,2.5,1491173600
457,1673,4,1498519787
457,1682,3.5,1490585510
457,1704,4,1490585502
457,1707,2,1490592015
457,1721,3.5,1486010170
457,1732,4,1490586617
457,1954,4,1495603516
457,2019,4,1486010233
457,2023,3.5,1491173723
457,2028,4,1500571320
457,2105,3,1497477089
457,2288,4.5,1499887131
457,2291,3,1497477276
457,2324,4.5,1490586089
457,2395,3.5,1497582339
457,2571,3.5,1497402192
457,2628,2.5,1490585505
457,2692,3.5,1497428280
457,2762,4,1486009992
457,2804,3.5,1495597508
457,2858,4.5,1490585480
457,2918,3,1497477609
457,2959,3,1491173528
457,2965,2,1490586048
457,3000,3.5,1491173321
457,3030,4,1490585576
457,3089,4,1500412751
457,3114,3.5,1491173822
457,3147,4,1486010326
457,3160,5,1496988969
457,3176,3,1497477295
457,3362,3.5,1501646597
457,3578,4.5,1486009726
457,3751,3,1486156417
457,3753,4,1486010439
457,3793,3.5,1486009758
457,3897,3.5,1497420686
457,3948,3,1486156414
457,3994,4,1486010436
457,3996,4,1486009782
457,4027,4,1486010403
457,4144,4,1490586483
457,4226,4.5,1490586199
457,4262,4,1495687048
457,4270,3,1486010514
457,4306,4,1486010392
457,4781,2,1490586040
457,4886,3.5,1486010390
457,4896,3.5,1486010402
457,4973,4.5,1495724950
457,4993,4.5,1486009730
457,4995,4.5,1490586209
457,5014,3.5,1490591927
457,5218,3,1486156489
457,5225,4.5,1490586240
457,5291,4.5,1491173778
457,5349,4,1486009784
457,5377,3.5,1486010487
457,5378,3,1486010413
457,5418,4,1486010007
457,5502,4,1486010096
457,5618,4,1490586676
457,5621,3,1497477359
457,5673,4.5,1501018920
457,5690,4.5,1490585563
457,5816,3.5,1490592484
457,5952,4.5,1486009729
457,5971,3.5,1491173314
457,5995,4.5,1486010443
457,6013,2,1497478150
457,6016,4,1495488493
457,6297,3.5,1490591967
457,6377,3,1486156391
457,6539,3.5,1486009750
457,6643,4.5,1490594456
457,6669,4,1500326067
457,6951,2.5,1497478062
457,7022,4,1497478857
457,7090,4.5,1486010571
457,7147,4,1486010431
457,7153,5,1486009727
457,7262,2,1497478116
457,7318,4.5,1498157239
457,7324,3,1497477064
457,7327,4,1490585640
457,7361,3,1497281547
457,8376,4,1486010546
457,8529,3.5,1496948607
457,8533,4,1497478882
457,8607,3.5,1491173329
457,8636,4,1486009882
457,8638,4,1490585996
457,8644,4,1486156494
457,8665,4,1486156457
457,8961,3.5,1486009787
457,8972,4,1486009958
457,25963,4,1490926192
457,26082,5,1490585632
457,26674,4.5,1490586169
457,27172,2.5,1491173396
457,27773,5,1486010520
457,27815,4.5,1497478320
457,30793,3.5,1486010494
457,30825,3,1486010653
457,31223,2,1497478144
457,31437,4.5,1497384848
457,31658,3,1497477637
457,31685,3.5,1486010623
457,31698,1.5,1497478180
457,32017,2,1490591990
457,33493,3.5,1486010429
457,33660,4,1497478843
457,33794,3.5,1486009774
457,41566,3.5,1486010493
457,41569,3.5,1486010593
457,42393,3,1497477266
457,42732,3,1497477072
457,44191,3.5,1486010004
457,44399,2,1497478001
457,44709,3,1497478227
457,44966,3,1497477161
457,45210,3.5,1495597643
457,46976,4,1486010581
457,47099,4,1497478780
457,47404,4.5,1490586352
457,48394,4.5,1486010423
457,48600,3,1497477078
457,48774,4,1499983014
457,48780,4.5,1498497494
457,50872,4,1486010441
457,51540,4.5,1497841171
457,51660,2.5,1497477842
457,52694,3,1497477223
457,52885,3.5,1495652414
457,53996,2.5,1491173544
457,54278,2,1497478100
457,54286,3.5,1486156482
457,55820,4.5,1486010717
457,55830,3,1497477513
457,56174,4,1486010483
457,56367,3.5,1491173298
457,56757,3.5,1490591944
457,56782,4.5,1497384168
457,57504,3.5,1491173272
457,57669,4,1497478831
457,58162,3,1497477547
457,58559,4.5,1486009743
457,58706,3,1497477134
457,59315,3.5,1486009839
457,59784,3.5,1497477448
457,60069,4,1490586647
457,60074,2.5,1486010674
457,60684,4.5,1486009910
457,62376,3,1497477388
457,63082,4,1490586635
457,64114,2,1497478112
457,64957,3.5,1497477382
457,64993,4.5,1490586464
457,65188,4.5,1490931920
457,66304,2,1497478094
457,67867,1.5,1490592008
457,68157,4,1490585974
457,68237,3.5,1495651641
457,68358,3.5,1486009864
457,68954,4,1486010408
457,70946,4,1501780998
457,72998,3,1486009869
457,73017,4,1497478810
457,73321,3.5,1486009926
457,74727,2.5,1497457519
457,76701,3,1497477235
457,77206,2.5,1497477894
457,78469,3,1486010371
457,78499,4,1486010478
457,78893,1,1490591980
457,79132,3.5,1490591955
457,79134,1.5,1497478240
457,79224,3,1497477409
457,80083,3,1497477649
457,81845,4.5,1486010468
457,82461,3.5,1497477118
457,85312,4.5,1499456388
457,86882,3.5,1491173163
457,86898,4,1491241874
457,87222,3.5,1497477461
457,87232,3.5,1486009893
457,87306,3.5,1486010102
457,88125,3.5,1501139993
457,88140,4,1486010664
457,88744,4,1486009979
457,89745,3.5,1486009876
457,89759,4.5,1495403523
457,91529,3.5,1486010035
457,91542,4,1486010095
457,93270,1.5,1499445186
457,93721,3.5,1497989275
457,94978,3.5,1497384910
457,96004,3.5,1497477741
457,96829,5,1497854828
457,98607,3,1497477625
457,98809,3,1486009879
457,99007,3,1491173433
457,99114,4,1486156432
457,100714,4,1490586012
457,102125,3,1486009936
457,102443,3,1497477190
457,103341,3,1497477539
457,104218,2,1496996291
457,104283,3.5,1491173257
457,104841,4.5,1491173673
457,104879,4.5,1490586290
457,104944,3.5,1491173224
457,105844,3.5,1495597630
457,106766,3.5,1498018615
457,107326,2.5,1491173441
457,107953,2.5,1497477664
457,107978,4.5,1497110569
457,109374,3.5,1486010143
457,109487,3,1486010277
457,110102,4,1486009905
457,111364,3,1497477764
457,111759,3.5,1486009853
457,112290,4.5,1490586285
457,112515,4,1498683113
457,112552,4.5,1490585574
457,112556,5,1495685175
457,112582,4.5,1491173706
457,112623,4,1486009974
457,112852,3.5,1486009842
457,113898,2.5,1497478259
457,114554,3.5,1491173290
457,114627,4,1490586627
457,115569,4.5,1495694473
457,115713,4.5,1500256038
457,116441,3,1497477142
457,116491,2.5,1499887082
457,116797,3.5,1486010027
457,117438,3,1497477631
457,118696,3.5,1486009967
457,122807,2.5,1497478130
457,122882,3,1486010561
457,122886,3.5,1486009845
457,122904,4,1486009899
457,122918,4,1495292309
457,122926,3.5,1499740588
457,127108,4.5,1490586254
457,127114,3,1497477475
457,128360,4,1497478741
457,130576,3.5,1491173371
457,132184,4.5,1497478311
457,133771,4,1490586668
457,134130,3.5,1486010509
457,134853,4.5,1486010533
457,135133,3,1497477210
457,135536,2.5,1497478021
457,136020,3,1497477484
457,136337,2.5,1497477929
457,136864,3,1497477182
457,139385,3.5,1495424790
457,139644,3.5,1497478711
457,140174,3.5,1490591668
457,140928,2.5,1491173486
457,141004,2.5,1497477600
457,141866,4,1490586608
457,141890,4,1495436586
457,142488,4.5,1490586262
457,143355,3,1497327860
457,143367,4,1490591888
457,143385,3,1497477497
457,146656,3.5,1491173139
457,148881,4,1495697003
457,149334,2.5,1491173464
457,149406,3,1497477449
457,152081,4,1486010193
457,152970,4,1486010186
457,155392,3,1497477271
457,156371,3.5,1490591935
457,156387,3.5,1490594234
457,156722,3,1497477779
457,156944,3.5,1490585935
457,157122,3,1497477323
457,157200,2.5,1491173538
457,157268,3.5,1491173250
457,157276,3,1497477556
457,158528,3,1497477551
457,158783,4,1490585523
457,158830,2.5,1491173509
457,159077,3,1497477774
457,159415,3,1497477518
457,159451,4,1497478383
457,160020,3.5,1491173350
457,160271,2.5,1491173474
457,160718,4,1486010175
457,160876,4,1490591900
457,160938,3,1497477151
457,161354,2.5,1491173502
457,161582,4.5,1486010319
457,161586,4,1490585988
457,161966,2.5,1495694715
457,162082,3,1500251650
457,162414,5,1486010183
457,162578,3,1490594237
457,163134,4,1491173045
457,163512,4.5,1490586152
457,163645,3,1490933541
457,163959,3.5,1491173242
457,164179,3.5,1486010196
457,164411,3.5,1491173192
457,164909,4.5,1486010189
457,164949,2.5,1491173455
457,165101,2.5,1491173494
457,165549,4,1497478909
457,165551,3.5,1490585529
457,166291,4,1500256001
457,166486,2.5,1497477981
457,166528,3.5,1490585539
457,166705,3.5,1490585882
457,166788,3,1497477311
457,167064,3.5,1491173214
457,167740,2.5,1498693977
457,167746,3,1499138284
457,168252,3.5,1490585522
457,168326,3.5,1500250356
457,169164,2.5,1491241753
457,169764,2.5,1491172911
457,169984,3,1495566669
457,170813,2.5,1498680660
457,170827,2,1498680688
457,170945,3,1499138306
457,171763,3.5,1500445554
457,172547,2,1499740599
457,173145,4,1500250415
457,174055,4.5,1501018889
457,174231,3.5,1497479509
458,3793,2.5,1484297905
458,3948,3.5,1484297942
458,3949,4,1484297933
458,4226,4,1484297894
458,4306,1,1484297892
458,4720,3,1484298035
458,4886,1,1484297908
458,4993,2,1484297873
458,4995,4,1484297921
458,5349,3,1484297923
458,5618,3,1484297953
458,5679,2.5,1484298057
458,5952,1.5,1484297878
458,6333,2.5,1484297974
458,6502,3.5,1484298008
458,6539,2,1484297900
458,7153,1,1484297889
458,7361,0.5,1484297917
458,8636,3,1484297952
458,8644,2.5,1484298013
458,32587,2.5,1484297945
458,48780,5,1484297981
458,50872,3,1484298003
458,63082,2,1484297996
458,70286,4.5,1484298017
458,72998,3,1484297961
458,74458,4.5,1484298023
458,78499,1,1484298070
458,79132,4,1484297915
458,79946,2.5,1484298337
458,80586,3.5,1484298131
458,81845,2,1484298065
458,96612,3,1484298158
458,99114,3,1484298015
458,109487,3.5,1484297999
458,112552,4,1484298208
458,122904,5,1484298382
458,122920,1,1484298413
458,122924,1,1484298399
458,141866,2,1484298228
458,152077,3.5,1484298109
458,157122,2,1484298181
459,1,3,1443930817
459,12,3,1443926594
459,246,0.5,1443932071
459,253,4.5,1443926456
459,260,0.5,1443927918
459,299,4.5,1443926644
459,318,4,1443929264
459,356,3,1443930508
459,593,4,1443926200
459,1197,3.5,1443930106
459,1198,1.5,1443929998
459,1202,5,1443926824
459,1203,2,1443932403
459,1219,4.5,1443929984
459,1230,4.5,1443929365
459,1246,4.5,1443928958
459,1339,4,1443928263
459,1348,2.5,1443931327
459,1704,4.5,1443929646
459,1968,4.5,1443930805
459,2052,4,1443926650
459,2291,3,1443932902
459,2626,4,1443928476
459,2644,4.5,1443926866
459,2648,3,1443926873
459,2762,2,1443930601
459,3094,5,1443927133
459,3095,4,1443929715
459,3275,4.5,1443928483
459,3671,4,1443930941
459,4128,4.5,1443928173
459,4148,4.5,1443928565
459,4605,3.5,1443930993
459,4816,3.5,1443928557
459,4878,1,1443930762
459,4886,3.5,1443930834
459,4896,3.5,1443932266
459,4993,4,1443929993
459,5618,4,1443928114
459,5620,3.5,1443931161
459,5952,4,1443929994
459,5971,3.5,1443932002
459,6297,4,1443928642
459,6350,2.5,1443932031
459,6863,5,1443928542
459,7153,4,1443929801
459,7260,3,1443928464
459,7444,3.5,1443931167
459,8533,1,1443930870
459,8783,4,1443928018
459,26662,3,1443930793
459,27646,4.5,1443928411
459,30793,3.5,1443927993
459,31658,4.5,1443926986
459,33794,2,1443932043
459,41571,4,1443933044
459,46578,4,1443932099
459,46972,4,1443926755
459,48394,5,1443926993
459,50804,4,1443930326
459,55282,3,1443931171
459,56333,4,1443931837
459,56757,3.5,1443930521
459,58559,1.5,1443935601
459,59315,3,1443930123
459,60069,2.5,1443935603
459,63876,4,1443930192
459,64575,4,1443930237
459,65770,4,1443928429
459,68157,4,1443930126
459,68793,4.5,1443926752
459,71579,4.5,1443926788
459,72167,4,1443928514
459,72407,1,1443931323
459,73017,4,1443930141
459,73929,3.5,1443927365
459,74458,4.5,1443930132
459,78499,3,1443932037
459,78772,1,1443931321
459,78893,0.5,1443931695
459,79132,3,1443929755
459,79702,3,1443930174
459,81132,3,1443933572
459,81834,4.5,1443930160
459,81845,4.5,1443927007
459,82461,4,1443930209
459,84395,3.5,1443927459
459,85397,4,1443933488
459,86548,3.5,1443927360
459,86835,3,1443927389
459,86882,5,1443933780
459,88118,4.5,1443928983
459,88125,4,1443931571
459,88179,4.5,1443931780
459,89470,3.5,1443933793
459,89745,2,1443932089
459,91126,3.5,1443927393
459,91529,1.5,1443935599
459,91542,3.5,1443931222
459,91673,4.5,1443927598
459,94813,3,1443933698
459,94959,2,1443932691
459,95207,4,1443927356
459,95307,3.5,1443933578
459,96432,4.5,1443927401
459,99149,4,1443927302
459,99296,4.5,1443929020
459,101088,3.5,1443933513
459,102407,4,1443926801
459,103075,3.5,1443931765
459,103253,3,1443931126
459,105844,4,1443933340
459,105869,5,1443927642
459,106441,4,1443930935
459,106542,4,1443927780
459,106918,5,1443927290
459,106920,1.5,1443931463
459,109374,4.5,1443927001
459,112556,1.5,1443932083
459,113780,4.5,1443928095
459,114662,1,1443930710
459,114795,3,1443931341
459,118900,3.5,1443930699
459,119145,4,1443927183
459,119155,4,1443926750
459,122882,3,1443931483
459,125916,0.5,1443930727
460,14,3,1240070320
460,79,2,1240070399
460,307,2,1240070398
460,327,3,1240070315
460,671,2,1240070386
460,743,2,1240070387
460,866,2,1240070396
460,1296,1.5,1240070395
460,1321,3.5,1240070319
460,1378,0.5,1240070388
460,1960,4,1240070318
460,2087,1.5,1240070389
460,2094,5,1240070324
460,2145,2,1240070313
460,2160,3.5,1240070322
460,2707,3.5,1240070321
460,2948,4.5,1240070392
460,3363,2,1240070314
460,3386,4,1240070320
460,33166,2,1240070398
461,22,2.5,1062088891
461,32,2.5,1062086487
461,40,2.5,1062086801
461,41,2,1062086633
461,47,3.5,1062086435
461,50,4.5,1062086234
461,62,3.5,1062086712
461,70,3,1062086151
461,104,3,1062086767
461,110,3.5,1062086225
461,111,3.5,1062088485
461,147,3,1062086740
461,150,3.5,1062086451
461,216,3.5,1062087291
461,223,3,1062086477
461,260,3,1062088450
461,296,3.5,1062086334
461,318,4.5,1062086206
461,349,2.5,1062085231
461,356,4.5,1062085535
461,380,3,1062085267
461,431,3,1062086549
461,457,3.5,1062086436
461,480,3.5,1062085725
461,508,3.5,1062086493
461,524,3,1062086726
461,529,3.5,1062086461
461,539,2.5,1062086777
461,543,2,1062078694
461,588,4,1062086535
461,592,3,1062094278
461,593,3.5,1062086220
461,596,3,1062085714
461,628,3.5,1062086453
461,733,3,1062085251
461,778,3,1062086518
461,858,5,1062084891
461,914,3.5,1062088631
461,919,2.5,1062085088
461,940,4,1062085092
461,1059,3.5,1062086753
461,1060,4,1062097180
461,1061,3,1062086627
461,1073,3.5,1062085102
461,1084,3,1062088627
461,1089,3.5,1062086287
461,1101,3,1062087434
461,1103,3.5,1062088677
461,1136,3.5,1062085488
461,1193,3.5,1062088446
461,1196,3,1062087316
461,1197,3.5,1062085065
461,1198,4.5,1062085051
461,1206,4,1062088486
461,1207,3,1062078669
461,1210,2.5,1062085316
461,1213,4,1062086263
461,1221,5,1062084894
461,1222,3.5,1062087320
461,1224,4,1062087382
461,1225,4,1062087328
461,1242,4,1062078681
461,1246,3.5,1062087327
461,1259,3.5,1062085058
461,1263,4,1062088466
461,1265,3.5,1062085569
461,1287,4,1062085084
461,1288,2.5,1062087380
461,1291,3.5,1062086088
461,1302,3.5,1062087365
461,1343,3.5,1062086669
461,1356,2.5,1062085260
461,1374,2.5,1062085137
461,1380,3,1062078741
461,1387,3,1062088458
461,1411,3.5,1062086529
461,1466,3,1062086352
461,1500,3,1062088902
461,1517,3,1062086583
461,1580,3,1062085234
461,1584,0.5,1062094459
461,1610,3.5,1062086442
461,1617,4,1062086264
461,1653,3,1062078629
461,1704,4,1062086429
461,1732,4,1062086608
461,1784,3,1062085537
461,1931,1.5,1062085118
461,1945,3.5,1062088671
461,1954,4,1062088470
461,1968,3.5,1062086079
461,2023,3,1062084896
461,2028,5,1062193458
461,2109,2.5,1062088501
461,2115,3,1062085224
461,2139,3.5,1062087368
461,2144,3.5,1062087408
461,2231,3.5,1062086565
461,2268,3,1062086449
461,2302,3,1062086579
461,2321,3,1062086594
461,2324,3.5,1062085506
461,2329,4,1062086209
461,2395,2.5,1062078635
461,2502,4,1062085540
461,2580,3.5,1062086485
461,2599,3,1062086556
461,2617,3,1062088898
461,2640,3.5,1062084953
461,2706,4,1062086658
461,2712,3,1062078657
461,2716,2.5,1062087363
461,2728,3.5,1062088600
461,2791,3,1062087339
461,2797,3,1062087378
461,2804,3.5,1062085767
461,2858,4,1062088998
461,2871,3.5,1062086083
461,2918,4,1062085476
461,2959,3.5,1062086432
461,2987,2.5,1062085146
461,2997,3,1062086495
461,3034,3,1062094307
461,3052,2.5,1062086577
461,3071,3,1062087370
461,3100,3.5,1062086414
461,3105,3.5,1062086499
461,3147,3.5,1062086427
461,3168,3,1062085142
461,3176,2.5,1062078746
461,3210,3,1062087343
461,3252,3.5,1062086509
461,3255,2.5,1062086646
461,3275,3.5,1062085557
461,3298,4,1062092129
461,3412,1,1062085248
461,3421,3.5,1062085367
461,3484,2.5,1062094022
461,3499,3,1062086472
461,3535,4,1062092968
461,3556,3.5,1062092098
461,3578,3.5,1062085833
461,3616,2.5,1062094063
461,3617,3.5,1062093022
461,3735,3,1062088454
461,3755,3.5,1062093058
461,3793,3,1062085909
461,3799,2,1062094155
461,3825,2,1062093428
461,3826,2,1062094055
461,3897,3,1062078734
461,3911,2,1062085917
461,3944,0.5,1062094453
461,3948,3.5,1062086006
461,3949,4,1062085849
461,3968,3,1062093319
461,3993,3,1062086037
461,3996,4,1062085062
461,4011,3,1062085840
461,4018,3,1062093031
461,4019,3,1062085905
461,4022,3,1062085136
461,4023,3,1062092990
461,4027,2.5,1062085311
461,4158,2.5,1062094112
461,4159,1,1062094033
461,4226,3,1062086112
461,4233,2,1062094070
461,4238,3,1062093181
461,4239,3.5,1062092088
461,4262,3.5,1062087350
461,4299,2.5,1062092995
461,4306,3.5,1062092038
461,4308,3,1062092114
461,4321,3,1062085229
461,4322,3.5,1062087353
461,4339,3,1062088644
461,4343,1.5,1062093405
461,4349,2,1062088937
461,4370,3,1062092660
461,4371,2.5,1062093976
461,4446,2.5,1062093005
461,4447,3,1062092648
461,4638,2.5,1062093425
461,4701,3.5,1062093009
461,4718,3.5,1062092962
461,4732,0.5,1062094123
461,4736,2,1062094086
461,4776,2.5,1062085857
461,4866,2.5,1062092981
461,4890,3.5,1062093118
461,4896,3,1062085203
461,4963,3,1062086153
461,4974,3.5,1062093334
461,4993,4,1062085041
461,4995,4.5,1062085832
461,5010,3,1062085852
461,5015,2,1062085980
461,5047,2.5,1062094117
461,5060,3.5,1062078616
461,5064,3,1062085902
461,5110,3,1062092954
461,5128,2,1062094129
461,5294,2,1062085884
461,5299,3,1062085939
461,5349,3.5,1062085108
461,5377,3,1062092031
461,5378,2.5,1062092641
461,5421,3,1062085969
461,5445,3,1062085846
461,5449,2.5,1062093351
461,5464,4,1062085842
461,5472,3,1062088559
461,5502,2.5,1062085965
461,5528,1.5,1062092607
461,5577,3.5,1062085926
461,5630,3.5,1062087005
461,5666,3,1062093047
461,5669,3,1062092026
461,5952,4,1062085033
461,5954,5,1062086923
461,5956,2,1062086049
461,5989,3,1062085862
461,6188,3.5,1062085950
461,6333,3.5,1062085047
461,6365,3,1062092056
461,6378,3.5,1062085245
461,6537,2.5,1062088746
461,6586,3.5,1062093080
462,356,3,967591773
462,919,4,967591745
462,953,4,967591745
462,1580,3,967591773
462,1603,3,967591773
462,1721,3,967591745
462,2859,3,967591745
463,6,2,946453097
463,11,3,945245762
463,16,4,945244933
463,22,2,946453245
463,24,3,945245834
463,25,1,945244814
463,34,2,945244479
463,47,1,946453135
463,50,1,946452999
463,62,2,945245359
463,74,2,945246274
463,78,1,945245713
463,81,2,945245856
463,112,3,946453135
463,116,4,946453388
463,140,1,945246080
463,147,4,945245916
463,213,5,945244135
463,224,1,945246016
463,235,1,945244712
463,254,2,945245603
463,268,2,945245713
463,296,4,945243807
463,337,4,945245392
463,350,2,945245894
463,354,2,945246527
463,371,2,945245790
463,382,4,945245954
463,428,3,945245656
463,431,2,945245256
463,450,1,945246181
463,454,2,945245213
463,455,3,945246318
463,457,2,946453628
463,459,4,946453628
463,481,3,945243969
463,483,2,945245288
463,493,2,945245392
463,508,1,945244539
463,509,2,945245152
463,521,3,946453204
463,524,3,945246104
463,527,4,945243887
463,529,4,945244971
463,532,1,946453271
463,535,4,945244377
463,555,3,946452999
463,556,2,946453345
463,562,3,945244933
463,574,5,945245656
463,592,1,945245713
463,593,3,945243141
463,608,5,945244065
463,627,2,945245521
463,647,1,945245790
463,778,3,945244096
463,832,3,945245079
463,848,2,945246181
463,858,4,945243679
463,866,5,946452999
463,902,3,945244841
463,908,3,945243105
463,909,3,945244510
463,912,3,945244017
463,920,2,945243268
463,924,5,945243969
463,926,4,945243887
463,948,2,945244712
463,949,2,945243758
463,953,5,945244423
463,954,3,945244479
463,969,3,946453542
463,991,4,945245834
463,999,4,946453051
463,1012,4,945245182
463,1041,3,945244065
463,1051,3,945245521
463,1061,2,946453051
463,1084,3,945244423
463,1089,3,946452999
463,1090,4,945245056
463,1094,3,945244213
463,1095,2,945244017
463,1097,3,945244781
463,1124,3,945245481
463,1131,4,945244017
463,1179,3,945244135
463,1183,3,945244971
463,1185,4,945244880
463,1186,3,945244814
463,1187,3,945244358
463,1189,1,946453345
463,1192,3,945243105
463,1193,5,945243758
463,1196,2,945244065
463,1198,4,946453586
463,1201,4,946453586
463,1203,3,945244096
463,1213,5,945243758
463,1214,2,946453628
463,1221,5,946452958
463,1222,3,945244275
463,1225,3,945243887
463,1227,3,945244213
463,1233,4,945243807
463,1237,5,945243807
463,1240,2,946453586
463,1242,2,946453586
463,1244,3,945243922
463,1247,3,945244065
463,1250,5,945243887
463,1253,3,945244510
463,1259,5,945244539
463,1263,5,945243922
463,1268,1,945245738
463,1272,5,945243887
463,1276,4,945243969
463,1287,3,946453586
463,1290,4,945246527
463,1293,3,945244880
463,1299,3,945243679
463,1302,2,945245012
463,1305,2,945244275
463,1352,2,946453245
463,1358,3,945244305
463,1387,4,946453542
463,1393,3,945245289
463,1396,1,945245521
463,1466,4,945245056
463,1472,2,946453164
463,1476,4,945245321
463,1487,3,945245894
463,1488,3,945246371
463,1500,1,946453164
463,1584,3,945245426
463,1589,1,945245762
463,1611,2,945245713
463,1619,2,945246371
463,1635,2,945244336
463,1645,1,946453204
463,1673,1,945244175
463,1678,3,945243268
463,1680,3,945245521
463,1693,2,945246478
463,1694,3,945244065
463,1699,2,945243758
463,1701,4,945245573
463,1704,5,945244781
463,1719,1,945244275
463,1721,2,945246203
463,1727,4,945246527
463,1729,3,945244880
463,1732,2,946453097
463,1784,4,945244712
463,1785,2,946453097
463,1799,2,946453135
463,1804,2,946453245
463,1805,3,946453097
463,1810,4,945245152
463,1914,3,945244175
463,1929,3,945245182
463,1933,2,945245894
463,1940,3,945245628
463,1944,2,945243969
463,1945,3,945243887
463,1946,4,945244275
463,1949,5,945244017
463,1952,5,945243693
463,1953,5,945243758
463,1954,5,945244741
463,1955,3,945244539
463,1956,5,945244175
463,1957,3,945244213
463,1958,3,945244781
463,1959,2,945245426
463,1960,3,945245152
463,1964,3,945245481
463,2000,1,945245573
463,2001,1,945246017
463,2019,3,946453542
463,2023,1,945245954
463,2028,3,945244275
463,2064,4,946453345
463,2067,3,945244712
463,2070,2,945243969
463,2076,3,945245152
463,2112,1,945245114
463,2114,4,945245603
463,2130,3,945244423
463,2132,1,945244336
463,2145,4,945245981
463,2159,3,946452999
463,2231,5,945245573
463,2236,5,945245289
463,2240,5,945245056
463,2243,4,945244814
463,2250,3,945246132
463,2262,2,945245573
463,2268,3,945245236
463,2276,2,945244971
463,2297,2,945246527
463,2303,3,945244135
463,2312,3,945245213
463,2313,3,945244336
463,2324,3,945243887
463,2329,3,945244712
463,2333,1,945244135
463,2336,2,945244814
463,2341,2,945246527
463,2344,2,945244781
463,2352,1,945245012
463,2391,4,946453051
463,2395,1,945243268
463,2398,4,945245114
463,2409,1,945246371
463,2417,2,945246478
463,2420,4,945246231
463,2425,3,946453051
463,2427,3,945245213
463,2432,1,945244741
463,2433,4,945245954
463,2435,2,945246044
463,2437,3,945244446
463,2440,4,945243587
463,2447,2,945246395
463,2472,3,945243268
463,2501,3,945244017
463,2504,2,945245236
463,2506,3,945246337
463,2580,5,946453051
463,2605,1,946453296
463,2712,1,945245680
463,2734,2,945246274
463,2738,3,945246017
463,2750,2,945244841
463,2917,4,946452999
463,2919,3,945244275
463,2926,1,945245012
463,2929,3,945245392
463,2944,2,946453586
463,2951,4,946453628
463,2956,2,946453245
463,2959,2,945245152
463,2961,2,945244781
463,2967,3,945245114
463,2985,2,946453204
463,3006,5,945243922
463,3019,4,945244423
463,3053,2,945246044
463,3068,5,945244712
463,3090,2,945244880
463,3093,2,945245114
463,3095,3,945243807
463,3098,3,945244479
463,3105,3,945244880
463,3107,2,945246132
463,3108,1,945243679
463,3152,3,945244175
463,3167,5,945243448
463,3168,4,945243679
463,3169,4,945243414
464,419,5,1206253427
464,1909,5,1206253353
464,2393,5,1206253381
464,2429,5,1206254674
464,3441,5,1206253503
464,3444,5,1206253555
464,3769,5,1206254602
464,4442,5,1206253863
464,4569,5,1206254005
464,4588,5,1206254865
464,4589,5,1206254777
464,4748,5,1206253666
464,4949,5,1206253955
464,5264,5,1206253699
464,5382,5,1206253716
464,26792,5,1206254231
464,48783,5,1206254594
465,2,2.5,1093552522
465,3,2.5,1093552636
465,6,3.5,1093550969
465,10,2,1093552329
465,19,3,1093552571
465,22,1.5,1093550666
465,32,3.5,1093552243
465,39,1,1093552386
465,44,1,1093553175
465,47,2,1093552292
465,70,4,1093553082
465,95,1,1093552375
465,145,1,1093550726
465,156,2.5,1093780548
465,165,3,1093552258
465,169,1,1093550896
465,172,4,1093550595
465,185,1.5,1093735445
465,208,3,1093552380
465,231,3,1093552339
465,288,3.5,1093588423
465,290,2.5,1093636965
465,296,4,1093552188
465,315,2.5,1093555505
465,316,3,1093552271
465,344,3,1093552262
465,356,2.5,1093552197
465,367,3,1093552343
465,368,1.5,1094232609
465,370,4,1101159080
465,377,3.5,1101160875
465,380,2.5,1093552220
465,415,2,1093588845
465,420,1,1093552650
465,431,3.5,1093553440
465,434,0.5,1093588392
465,435,2,1094232811
465,442,2.5,1093552569
465,457,3.5,1093813279
465,466,3.5,1093552885
465,480,1.5,1094232367
465,481,3.5,1093635530
465,482,2.5,1093587084
465,485,1.5,1093552960
465,500,2,1093780650
465,520,2.5,1093588453
465,527,4,1093552238
465,546,0.5,1093590386
465,555,4,1093586379
465,589,3,1093552224
465,592,3,1093552210
465,593,3,1093552197
465,608,3,1093552247
465,616,3,1093553559
465,648,1.5,1093552268
465,720,3.5,1093636859
465,733,3,1093552313
465,736,0.5,1093552276
465,737,0.5,1094114015
465,743,3.5,1093636089
465,778,4,1093552601
465,780,1,1093550950
465,784,1.5,1093552880
465,786,2,1093552528
465,788,1.5,1094232554
465,832,1,1093552800
465,858,4,1093552326
465,903,4.5,1093553068
465,904,3.5,1093554650
465,910,3,1093553183
465,913,3,1093553040
465,920,1.5,1094232804
465,942,3,1093637185
465,968,4.5,1093610446
465,1036,4.5,1093552454
465,1079,4.5,1094232600
465,1080,4,1093552757
465,1088,0.5,1093553291
465,1089,4.5,1093552646
465,1092,1.5,1093553220
465,1097,2,1093637290
465,1101,1,1093552778
465,1103,1.5,1093588772
465,1120,3,1093553362
465,1125,5,1093590460
465,1136,5,1093552477
465,1148,4.5,1093636914
465,1198,3,1094232419
465,1201,4.5,1093553156
465,1206,2.5,1093552617
465,1209,4,1093587198
465,1213,5,1093552534
465,1214,2,1094232528
465,1215,5,1093550702
465,1219,3,1093636824
465,1220,4.5,1093552680
465,1221,4,1093552489
465,1222,4,1093552770
465,1228,3,1101161155
465,1233,3,1093735399
465,1240,1.5,1093552428
465,1241,5,1093554058
465,1249,4.5,1093553351
465,1255,5,1093554220
465,1261,5,1093586791
465,1262,3.5,1093553434
465,1265,1.5,1093637529
465,1266,4.5,1093552990
465,1270,3,1093552317
465,1275,4,1093550737
465,1283,2.5,1101161597
465,1288,2.5,1093636830
465,1291,3.5,1093552473
465,1301,2.5,1093554192
465,1342,1.5,1101162101
465,1347,2,1093846586
465,1370,2,1093552818
465,1378,1.5,1093635500
465,1387,2,1093550960
465,1391,2,1093552692
465,1407,0.5,1093552755
465,1429,4,1093635451
465,1431,2,1093785413
465,1466,4,1093552026
465,1476,4,1093729101
465,1479,2,1093553466
465,1485,1.5,1093552007
465,1517,4,1093550877
465,1523,3,1093785307
465,1527,3.5,1094232766
465,1562,1,1101161278
465,1573,2,1093552707
465,1580,3,1093552019
465,1586,0.5,1093552067
465,1589,3,1093554376
465,1590,4,1093552043
465,1597,3.5,1093550781
465,1608,1,1093552037
465,1617,3.5,1093552395
465,1625,4,1093553830
465,1631,3,1093813429
465,1641,3,1093637266
465,1644,1,1093814050
465,1645,3,1093553202
465,1676,1.5,1093552930
465,1682,3,1093588354
465,1687,2.5,1093588725
465,1702,1.5,1093588712
465,1721,0.5,1093552401
465,1722,1.5,1093550746
465,1729,4.5,1093553325
465,1748,4,1093553267
465,1753,3,1093635595
465,1772,3,1093729599
465,1805,3,1093813340
465,1833,3.5,1093589395
465,1876,0.5,1093553155
465,1882,1,1101161430
465,1884,4,1093554579
465,1909,3,1094113970
465,1918,1,1093637639
465,1920,2,1093588748
465,1921,3.5,1093780684
465,1923,4.5,1093552607
465,1953,4,1093551176
465,1954,2.5,1093814777
465,1961,1.5,1094232580
465,1965,3.5,1093636049
465,1994,0.5,1093553529
465,1997,1,1093550728
465,2000,2.5,1093552775
465,2001,1.5,1093553116
465,2002,1,1093553474
465,2003,2,1101161102
465,2004,2,1101161885
465,2011,2,1093552817
465,2012,2,1093552856
465,2023,4,1093553193
465,2027,3.5,1093812069
465,2028,3.5,1093609143
465,2042,0.5,1093589250
465,2054,1.5,1093553088
465,2058,4,1093553487
465,2060,2.5,1093589405
465,2115,3.5,1093552909
465,2153,1.5,1093729488
465,2174,1.5,1093636373
465,2194,3,1093553016
465,2232,4.5,1093551592
465,2278,4.5,1093553460
465,2291,1.5,1094232847
465,2294,2.5,1101161178
465,2329,4,1093553368
465,2334,3,1093813695
465,2355,3,1093728602
465,2376,3.5,1093810395
465,2378,2,1093588620
465,2379,2,1093593450
465,2380,1.5,1093729550
465,2381,1,1093635605
465,2382,1,1093737785
465,2383,1,1093729543
465,2409,3,1093814878
465,2414,2.5,1101162175
465,2421,0.5,1093635973
465,2422,0.5,1093811582
465,2425,3,1094251043
465,2427,2,1101161304
465,2459,2,1093589227
465,2462,0.5,1093589984
465,2470,2.5,1093550789
465,2471,2,1093728860
465,2476,3,1093810375
465,2481,3,1093781014
465,2490,4,1093553450
465,2505,3,1093728779
465,2517,3,1101159226
465,2542,4.5,1093553385
465,2571,4.5,1093552374
465,2617,3,1093550600
465,2628,1.5,1094232519
465,2672,4,1093588588
465,2683,4,1093552584
465,2700,3.5,1093552941
465,2701,1.5,1093553330
465,2706,3,1093608842
465,2710,0.5,1093552694
465,2712,3.5,1093552903
465,2716,3,1093552483
465,2722,2,1093593729
465,2748,2,1093550902
465,2762,3.5,1093637521
465,2788,4,1093588604
465,2791,4,1093552793
465,2792,2.5,1093609276
465,2797,1.5,1093808046
465,2808,1,1093785386
465,2857,0.5,1093588644
465,2858,4.5,1101159147
465,2918,3,1093635992
465,2944,4,1093588669
465,2947,4,1093553379
465,2948,4,1093588668
465,2949,4,1093609484
465,2951,4,1093588681
465,2985,1.5,1093553011
465,2987,3,1093552613
465,2990,2,1093810497
465,2991,4,1093588635
465,2993,4,1093588628
465,3033,4.5,1093553337
465,3081,3.5,1093553198
465,3082,2,1093813516
465,3104,3.5,1093608741
465,3113,0.5,1093588529
465,3147,4,1093553136
465,3160,3.5,1093553300
465,3174,3.5,1093609972
465,3198,4,1093636749
465,3208,1.5,1093785382
465,3253,2.5,1093550797
465,3258,2.5,1093586669
465,3267,4,1093813197
465,3272,3.5,1093811912
465,3275,4.5,1093554943
465,3316,2,1093589042
465,3355,3,1093814264
465,3363,1.5,1093554227
465,3418,3.5,1093550715
465,3430,3.5,1093635582
465,3431,2.5,1093810518
465,3432,2,1093811576
465,3448,3.5,1093553373
465,3450,3,1093609250
465,3481,4,1093552984
465,3498,3.5,1093589156
465,3527,2.5,1093592970
465,3569,2.5,1093555084
465,3578,3.5,1093552549
465,3605,1,1093593756
465,3623,1,1093553169
465,3624,2,1093593709
465,3633,1.5,1093611207
465,3635,3.5,1093588517
465,3638,2,1101161872
465,3639,4,1093588507
465,3654,3,1093611756
465,3681,3.5,1093551576
465,3682,2.5,1093812260
465,3698,2,1093588474
465,3702,3,1093554004
465,3703,4,1093553873
465,3704,3,1093637261
465,3717,2.5,1093611082
465,3726,3.5,1093554517
465,3729,3,1093812270
465,3751,3,1093593329
465,3752,4,1093555160
465,3763,3.5,1093610916
465,3785,1,1093555208
465,3791,1,1101159267
465,3793,1.5,1093552805
465,3826,2.5,1093635483
465,3836,3,1093611191
465,3863,2.5,1093814271
465,3868,4.5,1093590495
465,3869,3.5,1101162133
465,3917,3,1093635601
465,3918,2,1093729380
465,3946,1.5,1093635575
465,3948,3,1093588483
465,3970,2.5,1093846773
465,3972,4,1093550905
465,3977,1,1093550772
465,3984,4,1093588562
465,3994,3.5,1093553276
465,4011,5,1093590526
465,4084,3,1093587360
465,4085,3,1093587366
465,4105,3.5,1093586787
465,4167,4,1093635617
465,4207,0.5,1093635566
465,4226,4.5,1093553048
465,4254,2,1093555434
465,4262,4.5,1093609373
465,4270,2.5,1093807403
465,4310,1,1101161521
465,4344,2,1093807395
465,4361,2,1093609259
465,4367,2,1093609239
465,4369,1.5,1093588447
465,4388,1,1093555389
465,4396,3,1093729434
465,4397,2.5,1093808988
465,4398,0.5,1093737780
465,4498,2.5,1093813046
465,4563,1.5,1093589736
465,4565,2.5,1093589729
465,4566,1,1093590225
465,4567,1,1093590220
465,4572,2.5,1093810603
465,4599,2,1093589656
465,4624,4,1093587108
465,4635,2.5,1093810573
465,4654,1,1093635630
465,4673,2,1093608872
465,4701,2,1093735431
465,4718,3,1093555112
465,4728,4,1093555172
465,4811,3,1093814787
465,4844,3,1093588960
465,4855,3.5,1093588364
465,4865,3.5,1093554569
465,4876,2.5,1093586449
465,4896,1.5,1093807521
465,4911,2,1093589697
465,4934,2.5,1093810469
465,4945,3,1093610082
465,4950,2,1093810421
465,4961,2.5,1093882187
465,4973,4.5,1093554958
465,4974,2.5,1093551260
465,4981,4,1093554022
465,4993,2.5,1093807500
465,5003,3,1093551008
465,5010,1.5,1093592957
465,5027,3.5,1093588971
465,5049,2.5,1093610095
465,5165,2.5,1093593110
465,5173,4,1093780488
465,5219,2.5,1093729221
465,5244,3.5,1101159320
465,5246,2.5,1093808896
465,5247,3.5,1093588933
465,5248,1.5,1093590199
465,5299,1,1093807916
465,5383,3.5,1093554215
465,5400,1,1093588912
465,5445,3.5,1093610495
465,5459,2.5,1093555234
465,5464,3,1093610373
465,5481,4,1093555131
465,5500,3.5,1093588859
465,5541,3.5,1093635547
465,5553,2.5,1093808874
465,5574,3.5,1093587256
465,5621,3,1093555408
465,5673,4,1093588412
465,5679,2,1093610150
465,5785,4,1093555120
465,5872,2,1093807382
465,5884,1,1093809021
465,5927,1.5,1093635697
465,5952,3.5,1093553258
465,5987,4,1093812203
465,6104,4,1093609590
465,6132,2.5,1093611060
465,6143,2.5,1093590132
465,6203,2.5,1093590153
465,6287,3,1093586494
465,6294,1,1093589644
465,6333,1.5,1093588393
465,6365,3.5,1093587293
465,6373,3,1093555035
465,6383,1,1093589515
465,6482,1.5,1093555448
465,6502,3.5,1093593956
465,6539,2,1093554986
465,6541,3,1093587230
465,6548,1,1093555157
465,6550,3.5,1093555260
465,6582,3,1093589618
465,6586,2.5,1093588892
465,6593,1.5,1093555102
465,6662,3.5,1093590451
465,6663,5,1093590455
465,6664,1.5,1093810587
465,6686,3,1093555417
465,6709,3,1093587161
465,6730,4,1093610600
465,6731,3.5,1093812874
465,6755,3.5,1093554950
465,6782,2.5,1101160518
465,6795,2.5,1093810540
465,6800,2,1093811575
465,6807,4.5,1093609978
465,6814,3,1093810565
465,6874,4,1093587061
465,6888,2.5,1093555340
465,6893,3.5,1093589517
465,6923,3.5,1093736348
465,6934,3,1093587295
465,6953,4.5,1093554337
465,6966,2.5,1093589623
465,6997,3.5,1093610913
465,7000,1.5,1093593505
465,7007,2.5,1093729736
465,7017,2.5,1093813712
465,7022,4.5,1093586552
465,7034,2.5,1093636775
465,7076,3.5,1093553950
465,7115,2.5,1093551843
465,7193,1.5,1093550931
465,7300,3.5,1093611223
465,7308,2.5,1093808933
465,7310,2.5,1093810553
465,7325,2.5,1093555150
465,7387,5,1093554161
465,7438,4,1093587060
465,7454,2.5,1093587400
465,7482,4,1093586764
465,7569,3.5,1093812372
465,7570,3.5,1093810364
465,7573,4,1093810352
465,7704,0.5,1093735816
465,8016,5,1093609550
465,8118,0.5,1093785430
465,8207,4,1093590077
465,8372,2,1096032011
465,8387,1,1093586251
465,8401,3.5,1093610903
465,8404,3.5,1093610981
465,8501,3,1093586150
465,8526,2.5,1093587333
465,8576,4,1093554010
465,8589,3,1101159938
465,8596,5,1093590470
465,8604,2.5,1093586090
465,8623,2.5,1093808005
465,8773,3.5,1093637439
465,8846,3,1096031998
465,8884,2,1099950668
466,164,4,957114568
466,457,4,957114056
466,541,4,957114360
466,565,3,957114056
466,707,2,957114602
466,913,4,957114360
466,1018,3,957114056
466,1179,4,957114568
466,1252,5,957114360
466,1254,5,957114056
466,1344,3,957114411
466,1617,4,957114360
466,1748,5,957114568
466,1783,2,957114602
466,1984,1,957114056
466,2109,4,957114056
466,2987,3,957114568
466,3404,2,957114056
466,3549,4,957114056
467,110,5,993043748
467,608,4,993043890
467,1198,4,993044084
467,3101,4,993043922
467,3444,4,993043748
468,1,4.5,1251894659
468,2,3.5,1251290369
468,10,3.5,1251289513
468,12,3,1250204633
468,19,4.5,1249856088
468,21,3,1251289652
468,44,3,1251754642
468,47,3.5,1251290263
468,48,3.5,1251591476
468,107,4.5,1251757065
468,110,4,1249942861
468,111,4,1251290228
468,145,1.5,1251591624
468,153,1.5,1251289544
468,163,4,1249854567
468,165,3.5,1251894200
468,173,2.5,1251591597
468,180,3.5,1251756687
468,186,1,1251754442
468,231,2,1250793783
468,239,3.5,1250204628
468,256,4,1249854753
468,260,4,1249942855
468,277,5,1249854758
468,288,3,1251290476
468,296,4.5,1251289481
468,317,4,1251591270
468,318,5,1249857543
468,344,4,1249856083
468,345,3,1249856716
468,353,1.5,1251591485
468,355,2.5,1251755770
468,356,4,1251289502
468,364,5,1250792259
468,367,3,1251289555
468,370,3.5,1251591411
468,374,2,1249942321
468,410,3.5,1249856134
468,420,4,1251591336
468,425,2,1252330102
468,442,3,1251591373
468,455,1.5,1251756354
468,457,4,1251403531
468,466,1.5,1249854573
468,480,4,1250792438
468,500,3.5,1251289662
468,508,4.5,1251591340
468,520,3,1251591382
468,527,4.5,1249858599
468,531,3,1251756558
468,541,3.5,1249942816
468,551,2.5,1251591273
468,558,4.5,1249942833
468,586,3,1251290372
468,588,5,1249856874
468,589,4,1251894652
468,593,4.5,1251289559
468,594,3,1250793247
468,595,4.5,1249943634
468,596,2,1250205261
468,597,2,1251289488
468,609,2,1250204600
468,616,4,1249857276
468,631,3.5,1249942807
468,648,2.5,1251289454
468,673,4.5,1251755547
468,733,4,1251289573
468,778,1.5,1251290250
468,780,4,1251894662
468,783,3,1251591617
468,784,2,1251591324
468,788,2.5,1251290364
468,802,3,1249854629
468,805,3.5,1251591453
468,837,3,1249942306
468,849,4,1251756003
468,858,4,1249858570
468,899,3.5,1249854769
468,914,3.5,1249854763
468,919,2.5,1251290233
468,920,3,1249941335
468,1015,2.5,1249942296
468,1020,3,1251756893
468,1022,3.5,1250792125
468,1023,4,1250205211
468,1025,4,1250205343
468,1028,4.5,1251403264
468,1029,3,1249941330
468,1032,5,1249856911
468,1035,3.5,1251291358
468,1036,3,1251546021
468,1061,4.5,1249854777
468,1064,3,1249856879
468,1073,4,1249941072
468,1080,4,1250204214
468,1097,2,1251758201
468,1136,4.5,1251403259
468,1148,4.5,1249858609
468,1185,3.5,1251757072
468,1196,4,1249942786
468,1198,5,1249858594
468,1201,5,1249857460
468,1203,5,1249854922
468,1206,3.5,1251591565
468,1210,4,1251289664
468,1214,3,1249856916
468,1220,5,1249857496
468,1240,3,1251289863
468,1263,4,1251754402
468,1265,4,1251289546
468,1266,4,1251545998
468,1270,4.5,1251289549
468,1282,3.5,1249854644
468,1288,4,1251591387
468,1291,4.5,1249942781
468,1345,2,1249941309
468,1350,2.5,1250204573
468,1367,4,1249854902
468,1380,2.5,1251591308
468,1387,2,1251546045
468,1391,3.5,1251290415
468,1393,3,1251289712
468,1407,2.5,1251591435
468,1485,2.5,1251290257
468,1500,4,1251290472
468,1517,3.5,1249857399
468,1544,2.5,1249941304
468,1552,3.5,1249941301
468,1562,3,1251591689
468,1566,4,1251757878
468,1580,4,1251289441
468,1625,4,1249854578
468,1639,3,1249941296
468,1641,3,1251545806
468,1682,4.5,1251289576
468,1704,3,1251289571
468,1717,1.5,1251755924
468,1721,3.5,1249941026
468,1722,3.5,1249941292
468,1732,3.5,1251290397
468,1739,2.5,1249855023
468,1777,2.5,1251290888
468,1784,3,1249857322
468,1831,2,1251755550
468,1882,3,1251755372
468,1884,4.5,1251755922
468,1907,4.5,1250205297
468,1911,3.5,1251755990
468,1917,3.5,1249857282
468,1923,2.5,1251289499
468,1954,2.5,1251591297
468,1967,3,1251291404
468,1968,1,1251289581
468,1982,2.5,1251756071
468,2000,4,1250792299
468,2001,4,1249854608
468,2002,3.5,1251591668
468,2011,4,1251290665
468,2012,4,1250204207
468,2018,3,1250205244
468,2028,4,1251290503
468,2053,2,1251758038
468,2054,2.5,1251289795
468,2078,4,1249941254
468,2080,3,1250205249
468,2081,4.5,1251403269
468,2083,4.5,1249943636
468,2085,4,1250205254
468,2087,3.5,1250205292
468,2096,3.5,1250205287
468,2115,3.5,1251289689
468,2124,4,1249856129
468,2139,4,1251291353
468,2141,3,1249942019
468,2144,3,1249941249
468,2145,2.5,1251755342
468,2161,4,1250792443
468,2167,3,1251591278
468,2174,3,1251289614
468,2194,4,1251290877
468,2273,4,1251591544
468,2294,1.5,1249857233
468,2300,2,1251755718
468,2321,3.5,1251290366
468,2329,5,1249857021
468,2335,2,1251756094
468,2355,2.5,1251290374
468,2384,2.5,1250204518
468,2392,2.5,1249942716
468,2394,3,1251756330
468,2420,3.5,1251591694
468,2431,3.5,1251756342
468,2470,2.5,1249854639
468,2471,3.5,1250204512
468,2502,3,1251289791
468,2541,2.5,1251591672
468,2542,3.5,1251290874
468,2571,3.5,1251289483
468,2580,4,1251591651
468,2617,4,1250204191
468,2628,2.5,1251289592
468,2657,2,1251545793
468,2671,3,1249854649
468,2683,4,1249857399
468,2687,3.5,1249941619
468,2694,1.5,1249941217
468,2700,3.5,1251289809
468,2701,3,1251591314
468,2706,2,1249857034
468,2710,1.5,1251290237
468,2716,4.5,1251289586
468,2717,4,1251754403
468,2722,3,1249941213
468,2723,2.5,1251591621
468,2724,3,1251591607
468,2728,2,1251756883
468,2746,3.5,1251755928
468,2770,4.5,1249854722
468,2788,3.5,1251756296
468,2791,4,1249856841
468,2792,1.5,1249856847
468,2797,5,1249941208
468,2826,3.5,1249854939
468,2918,3.5,1250204077
468,2947,3.5,1251591311
468,2948,4,1251291361
468,2949,4,1251755365
468,2953,3.5,1251755758
468,2959,1.5,1249942702
468,2968,3.5,1251591691
468,2987,4.5,1249941018
468,2990,3.5,1249941602
468,2991,3.5,1251756989
468,2993,4,1250205348
468,2997,4,1250204075
468,3000,4,1251403256
468,3033,0.5,1250204179
468,3034,4,1250205101
468,3039,4,1251291342
468,3052,3,1251290380
468,3060,4,1251756657
468,3081,3,1250204184
468,3082,3.5,1251591645
468,3113,3.5,1251756282
468,3114,4,1250205402
468,3147,4,1251289798
468,3156,3.5,1250204428
468,3159,4,1250205354
468,3160,3.5,1251591425
468,3186,3,1251756824
468,3253,4,1250204175
468,3254,3,1251756445
468,3263,4,1251755932
468,3273,1.5,1251755501
468,3300,2,1251755131
468,3301,3.5,1251756363
468,3354,3,1251755142
468,3396,4,1250204169
468,3397,1.5,1251758156
468,3418,1.5,1250204170
468,3438,2.5,1249941594
468,3448,4,1251894113
468,3481,4,1250204164
468,3489,3.5,1251591536
468,3499,2,1249941169
468,3527,3,1251290469
468,3534,2.5,1251756695
468,3578,3.5,1251289603
468,3617,2.5,1250204159
468,3624,2.5,1250204157
468,3638,3,1251756276
468,3639,4,1251757878
468,3646,3,1249942674
468,3697,2.5,1251756084
468,3717,3.5,1251591377
468,3751,2.5,1250205333
468,3752,2.5,1251591594
468,3753,4,1251289856
468,3785,4,1249941164
468,3793,2.5,1251289493
468,3826,3,1250204130
468,3868,3.5,1250205338
468,3869,3.5,1251756028
468,3882,2,1251756293
468,3932,2.5,1249942626
468,3948,3.5,1249941167
468,3968,3.5,1251756973
468,3972,4,1251758168
468,3977,1.5,1251290229
468,3979,2,1250204411
468,3986,3.5,1249855922
468,3991,2,1249854916
468,3994,3.5,1251894330
468,4002,3.5,1249941159
468,4014,2.5,1251591448
468,4015,3.5,1249941470
468,4016,4,1250792421
468,4018,3,1250204135
468,4022,3.5,1251289858
468,4025,3,1250204140
468,4039,2.5,1249942617
468,4084,3.5,1251756054
468,4085,3.5,1249941154
468,4090,3,1249942591
468,4102,3.5,1249942586
468,4148,3,1251755169
468,4161,3.5,1249941460
468,4214,4,1251757467
468,4246,2,1251290412
468,4247,2.5,1249942581
468,4262,3,1251546025
468,4270,3.5,1250204145
468,4299,2,1251755585
468,4306,3.5,1251289485
468,4308,3.5,1251291456
468,4343,2.5,1251756888
468,4344,3.5,1249941453
468,4367,1,1251591685
468,4370,3.5,1249855947
468,4388,3,1251757883
468,4447,2,1251591491
468,4467,5,1249856168
468,4489,3.5,1251756600
468,4519,2.5,1249942499
468,4571,3.5,1251545797
468,4621,2,1251756655
468,4638,1.5,1251591579
468,4641,4,1249941437
468,4701,3.5,1249941430
468,4728,3.5,1251757384
468,4734,5,1249857437
468,4748,3,1249855001
468,4749,2,1249855018
468,4750,2,1249855028
468,4816,3.5,1251591449
468,4865,3,1251756010
468,4878,2,1250204120
468,4886,4,1250791627
468,4887,2,1249942493
468,4890,2,1250204398
468,4896,2.5,1251289788
468,4963,3.5,1251289589
468,4973,5,1249858549
468,4975,3.5,1251591428
468,4979,3.5,1251289785
468,4980,4,1251756650
468,4993,3,1251289657
468,5025,2.5,1249942486
468,5040,1.5,1249942481
468,5047,4.5,1249857561
468,5171,2.5,1251756331
468,5218,2,1251290400
468,5254,3,1251755368
468,5299,1.5,1251290229
468,5349,2.5,1251289594
468,5377,2.5,1249856064
468,5378,3,1250204125
468,5444,3.5,1250204377
468,5445,2.5,1251289625
468,5449,3,1251756977
468,5459,2,1251290379
468,5463,2,1251757887
468,5481,4,1249857394
468,5502,2.5,1251894148
468,5507,2,1250204366
468,5523,2,1249856711
468,5528,2.5,1251754634
468,5618,4.5,1249858603
468,5620,1,1251756453
468,5630,3.5,1251591663
468,5669,3,1251289618
468,5678,4,1251894573
468,5693,2,1251757003
468,5785,2.5,1251757907
468,5816,2.5,1251290960
468,5872,2.5,1251591575
468,5952,3,1251290960
468,5956,4.5,1251591409
468,5971,4,1251291679
468,5989,3,1250204115
468,6155,2,1251756345
468,6156,2.5,1250204794
468,6188,3,1251754452
468,6218,2,1251545790
468,6281,3,1251591603
468,6287,2,1249857197
468,6291,3.5,1251403183
468,6294,3.5,1249942399
468,6297,1,1251291452
468,6333,2,1251289511
468,6350,4,1251757924
468,6365,3,1249941095
468,6373,2.5,1251290647
468,6377,3.5,1251289659
468,6378,2.5,1251290495
468,6502,2,1249854990
468,6503,1.5,1251755363
468,6534,0.5,1251754482
468,6537,2.5,1251290410
468,6539,4,1250204110
468,6541,3.5,1251754648
468,6548,2,1251756886
468,6564,0.5,1251756831
468,6593,1.5,1251758041
468,6595,3,1251756983
468,6624,0.5,1249856787
468,6662,4,1249942394
468,6708,3,1251591640
468,6711,3.5,1251289622
468,6754,0.5,1251755583
468,6793,1,1250204788
468,6807,3,1251290660
468,6863,3,1251290376
468,6870,3.5,1252238515
468,6874,4,1251289583
468,6888,3.5,1251757929
468,6934,2.5,1251289781
468,6936,3,1251754449
468,6942,3.5,1251591402
468,7004,3.5,1249941422
468,7022,4,1251755530
468,7147,4.5,1251289823
468,7153,3.5,1251289668
468,7173,2.5,1249856982
468,7247,3,1249942389
468,7293,2,1249855069
468,7318,2.5,1251755943
468,7345,0.5,1249856792
468,7360,3.5,1251755785
468,7361,3.5,1251290462
468,7373,2.5,1251591497
468,7387,3.5,1251757388
468,7438,4,1251290360
468,7444,2.5,1249854929
468,7445,2.5,1250204308
468,7451,1,1251755324
468,7454,3,1249941416
468,7458,3.5,1251591318
468,8360,2.5,1249943029
468,8361,1.5,1250204313
468,8366,3,1250204781
468,8368,3.5,1250792310
468,8376,2,1251591350
468,8464,2.5,1251290403
468,8526,3,1249857307
468,8528,3.5,1249941407
468,8533,3.5,1251756556
468,8604,1,1249943024
468,8636,2.5,1250792433
468,8641,4,1251403280
468,8644,3,1249941089
468,8783,2.5,1249941383
468,8807,3.5,1251755783
468,8810,1,1249856050
468,8874,2.5,1249943009
468,8907,2.5,1250204744
468,8917,2,1249941370
468,8948,1.5,1249856893
468,8949,3,1251290406
468,8957,4.5,1251591653
468,8961,4,1249943005
468,8970,2.5,1251290805
468,8972,3,1251754645
468,8974,3.5,1249943002
468,8981,3.5,1251755322
468,9010,4,1251894165
468,26662,4,1251757943
468,27075,3.5,1249856124
468,27253,4,1251756014
468,27311,3.5,1251291205
468,27368,3.5,1250792643
468,27441,4.5,1249858502
468,27478,4,1249856898
468,27592,4,1251894192
468,27706,2.5,1250204293
468,27773,5,1251755339
468,27904,3,1249942374
468,30825,2,1250204298
468,31193,4,1250792649
468,31410,4,1251289394
468,31658,1.5,1251545874
468,31685,2.5,1250204287
468,31696,2,1250204283
468,31878,4,1249857574
468,32587,4,1251289693
468,33004,2,1251290960
468,33162,3,1251756815
468,33493,3.5,1250204105
468,33615,3,1251755779
468,33679,2,1250204272
468,33794,3.5,1249941084
468,33836,3,1250204742
468,34048,2.5,1251290362
468,34150,1.5,1249941375
468,34162,3,1251290253
468,35836,4,1249855049
468,36401,1.5,1250204737
468,37386,2.5,1249856728
468,37729,2.5,1251894125
468,37741,0.5,1251591637
468,37830,2,1249942988
468,39446,3,1251756592
468,39715,2,1249857048
468,40278,2.5,1251755735
468,40339,1.5,1249942993
468,40815,4,1250792416
468,40819,2.5,1251290890
468,41566,3,1251591321
468,41997,2.5,1251591343
468,42002,4,1249942971
468,42632,4,1251894181
468,42723,0.5,1249942369
468,44022,0.5,1251756092
468,44191,4,1251289553
468,44555,4.5,1249858576
468,44665,3.5,1252330118
468,45188,0.5,1251757483
468,45431,2,1249942364
468,45447,1.5,1251591438
468,45499,3,1250204268
468,45517,2.5,1251754446
468,45666,1.5,1249942976
468,45672,2.5,1249942359
468,45720,2,1251754504
468,45722,3,1249942981
468,45728,4,1251755503
468,45880,2,1249942986
468,46578,3,1250204098
468,46965,3,1250204728
468,46970,2.5,1250204713
468,46972,3.5,1251755878
468,46976,3.5,1251290501
468,47518,1.5,1249856076
468,47725,3.5,1251289408
468,48304,1.5,1249857251
468,48385,1.5,1251289812
468,48394,1.5,1249857484
468,48593,4,1251894079
468,48774,1.5,1251289820
468,48780,4,1251546004
468,48982,1.5,1249942966
468,49272,2,1250204092
468,50189,3,1249857043
468,50872,5,1249941360
468,51084,2.5,1249942903
468,51255,1.5,1251290231
468,51412,2,1249942897
468,51540,2.5,1250204708
468,51662,4.5,1249855030
468,51935,3,1250204675
468,52245,3,1250204679
468,52328,2.5,1251755935
468,52722,1,1251591295
468,52730,2.5,1250793338
468,52973,2,1251290884
468,53000,1.5,1249854995
468,53121,0.5,1251755881
468,53125,4,1251591416
468,53322,2.5,1249942338
468,53460,3,1250793658
468,53953,4,1249854944
468,53996,2,1249941355
468,54001,2.5,1251290869
468,54259,3.5,1251291329
468,54503,2.5,1250204263
468,54999,2.5,1249942896
468,55830,3.5,1251756455
468,56152,2.5,1249942335
468,56171,3.5,1251756057
468,56174,2.5,1250204257
468,56251,2.5,1250793258
468,56367,3,1251289450
468,56587,3,1251756881
468,56757,2.5,1250204641
468,56775,2.5,1251756067
468,56949,2.5,1251757878
468,57640,3,1249942334
468,58025,2.5,1251755884
468,58047,2.5,1250793794
468,58293,1.5,1249854897
468,58559,0.5,1249858554
468,59022,2.5,1249942891
468,59315,3.5,1251289654
468,59369,3.5,1251591562
468,59501,3,1249942881
468,59615,3.5,1251289866
468,59784,4,1250205216
468,59900,2,1249942886
468,60040,2.5,1251591505
468,60069,5,1251289491
468,60072,0.5,1251591557
468,60074,2.5,1251591495
468,60684,4,1250204638
468,60816,4.5,1250205157
468,61024,1.5,1251755327
468,61132,3,1251591426
468,61240,4.5,1251755762
468,61323,4,1249942329
468,61401,4,1251894587
468,63131,3.5,1250793357
468,63859,3,1249942876
468,63992,1,1249942872
468,64497,1.5,1251756979
468,64614,4,1251289386
468,64620,4.5,1251591615
468,64969,4,1251755547
468,66097,5,1249854852
468,67087,3.5,1251754362
468,67408,4,1251756684
468,68157,5,1251403000
468,68237,4,1249943675
468,68358,3.5,1251545850
468,69122,3.5,1249944004
468,69784,0.5,1249854847
468,69844,4,1250791403
468,70159,2.5,1251756336
469,1,5,999490539
469,16,3,999492410
469,17,4,999492364
469,21,3,999491219
469,25,4,999492232
469,31,1,999489544
469,32,3,999492093
469,34,4,999490624
469,36,5,999491934
469,39,3,999490853
469,45,4,999491065
469,52,2,999491385
469,99,3,999491540
469,110,4,999491775
469,111,4,999491695
469,157,2,999489544
469,161,5,999492320
469,162,3,999491507
469,165,3,999490132
469,190,3,999490067
469,194,1,999492111
469,205,2,999491385
469,215,3,999492232
469,223,2,999490796
469,235,4,999490819
469,246,5,999491473
469,247,4,999491934
469,265,5,999492410
469,272,4,999489995
469,296,5,999491635
469,300,5,999492394
469,322,4,999490666
469,337,4,999492111
469,342,1,999490941
469,346,4,999492111
469,352,2,999491084
469,354,2,999489519
469,356,3,999489968
469,357,4,999491169
469,417,3,999491169
469,428,3,999492133
469,441,5,999490624
469,448,2,999491854
469,457,5,999490034
469,468,1,999489544
469,471,5,999491272
469,475,5,999492394
469,477,4,999492394
469,497,1,999491110
469,501,5,999491854
469,503,1,999492352
469,509,1,999492260
469,514,5,999491385
469,527,5,999489544
469,529,5,999491883
469,549,4,999491507
469,551,4,999490992
469,556,5,999491551
469,574,4,999491219
469,581,4,999491507
469,592,4,999492172
469,593,5,999489945
469,608,4,999491648
469,705,2,999490819
469,708,4,999491320
469,778,1,999491870
469,799,3,999490819
469,800,5,999491918
469,852,4,999491415
469,858,5,999491610
469,910,4,999490586
469,919,5,999491719
469,923,3,999491674
469,924,1,999489995
469,926,4,999491775
469,986,3,999490151
469,1036,4,999489968
469,1041,5,999492172
469,1042,4,999490132
469,1050,5,999491507
469,1060,4,999490730
469,1079,5,999490706
469,1090,3,999489968
469,1095,5,999492151
469,1097,3,999491789
469,1104,5,999491758
469,1147,5,999491453
469,1171,1,999491320
469,1188,1,999490730
469,1189,4,999491473
469,1191,2,999491560
469,1193,4,999491674
469,1196,4,999491674
469,1197,1,999489519
469,1202,5,999490092
469,1203,5,999491775
469,1206,5,999489968
469,1213,5,999491648
469,1220,1,999490750
469,1221,5,999491635
469,1222,3,999489968
469,1234,3,999490604
469,1235,4,999490539
469,1242,3,999491836
469,1243,5,999490486
469,1247,3,999491789
469,1250,4,999491719
469,1253,3,999491900
469,1259,3,999490520
469,1265,3,999490586
469,1270,3,999490561
469,1272,4,999492151
469,1277,3,999492394
469,1278,5,999490506
469,1285,5,999491126
469,1288,5,999490638
469,1292,3,999490506
469,1293,5,999489995
469,1307,4,999490561
469,1310,3,999489545
469,1354,1,999492023
469,1358,5,999491758
469,1370,4,999490110
469,1393,5,999492352
469,1414,3,999491065
469,1449,5,999489968
469,1465,3,999491918
469,1466,3,999492040
469,1564,4,999490666
469,1569,4,999490110
469,1584,3,999492394
469,1585,2,999491320
469,1635,5,999492246
469,1639,3,999491934
469,1641,3,999490941
469,1653,2,999492133
469,1673,4,999492151
469,1682,4,999492205
469,1694,3,999492246
469,1699,5,999492054
469,1719,3,999492205
469,1729,4,999492410
469,1730,4,999492003
469,1784,5,999490796
469,1856,3,999491507
469,1883,1,999491065
469,1923,5,999490730
469,1944,3,999492151
469,1946,3,999490034
469,1950,4,999492133
469,1952,5,999491741
469,1955,3,999489995
469,1961,4,999492133
469,1968,5,999490750
469,1982,3,999490092
469,2000,3,999491038
469,2001,3,999491351
469,2011,3,999491385
469,2020,3,999492133
469,2022,2,999492276
469,2028,4,999491719
469,2064,4,999490666
469,2071,5,999490067
469,2080,3,999491084
469,2100,3,999491351
469,2148,2,999490151
469,2155,3,999491198
469,2248,5,999490604
469,2289,5,999490520
469,2291,4,999492111
469,2295,2,999491415
469,2300,4,999490586
469,2302,3,999491110
469,2324,5,999491695
469,2333,3,999492334
469,2336,3,999492054
469,2352,1,999490992
469,2355,4,999490796
469,2359,3,999490853
469,2362,1,999491870
469,2384,4,999490638
469,2390,3,999491198
469,2395,1,999490779
469,2431,1,999490214
469,2482,2,999491008
469,2501,4,999491870
469,2599,5,999491038
469,2618,5,999491385
469,2671,3,999490092
469,2706,5,999490092
469,2712,4,999490132
469,2759,3,999491428
469,2770,5,999491399
469,2791,5,999490750
469,2795,3,999490777
469,2858,5,999490506
469,2908,4,999491900
469,2966,2,999491818
469,2997,4,999490730
469,3007,5,999491473
469,3019,2,999492303
469,3039,3,999490777
469,3052,5,999490110
469,3077,5,999489927
469,3088,3,999490706
469,3104,2,999490764
469,3108,5,999490690
469,3114,5,999490506
469,3142,1,999491540
469,3160,4,999492232
469,3173,2,999490168
469,3175,3,999491084
469,3178,4,999490690
469,3199,4,999489519
469,3200,3,999490764
469,3201,3,999492395
469,3246,5,999492232
469,3253,5,999490092
469,3254,5,999490181
469,3255,3,999491219
469,3261,5,999491351
469,3317,3,999490750
469,3362,3,999490586
469,3424,5,999490539
469,3461,2,999492172
469,3466,2,999490941
469,3467,5,999491741
469,3468,3,999491695
469,3481,4,999490992
469,3498,2,999492172
469,3504,5,999490539
469,3525,1,999490168
469,3535,3,999491219
469,3539,4,999491522
469,3551,4,999489945
469,3552,3,999491126
469,3556,3,999491351
469,3578,1,999492191
469,3677,5,999491540
469,3704,2,999489519
469,3735,4,999491836
469,3865,3,999491084
469,3868,5,999491065
469,3897,5,999490506
469,3911,4,999490730
469,3918,1,999490199
469,3948,3,999491142
469,3977,2,999491385
469,3983,5,999489598
469,3994,4,999489598
469,3996,5,999489598
469,4002,3,999490666
469,4022,4,999489598
469,4027,5,999489598
469,4029,5,999489619
469,4033,5,999489705
469,4116,5,999490110
469,4141,1,999489619
469,4148,2,999489638
469,4153,2,999489655
469,4155,1,999489619
469,4161,1,999489638
469,4167,3,999489638
469,4214,3,999491320
469,4225,4,999490690
469,4226,4,999491610
469,4263,4,999491900
469,4278,5,999491473
469,4280,2,999491008
469,4308,4,999492232
469,4321,2,999491219
469,4322,4,999492320
469,4361,4,999490624
469,4378,4,999489817
469,4383,3,999489837
469,4401,1,999490067
469,4415,4,999490229
469,4428,2,999490199
469,4446,1,999489852
469,4467,3,999491126
469,4570,3,999490690
469,4571,3,999491008
469,4623,1,999491038
470,185,0.5,1451247071
470,260,5,1451247136
470,1196,5,1451247148
470,1197,5,1451247135
470,1198,5,1451247139
470,2571,0.5,1451247079
470,122882,0.5,1451247075
470,122886,0.5,1451247071
470,127098,0.5,1451247074
470,127202,5,1451247144
470,134130,0.5,1451247077
470,134853,5,1451247137
470,149574,0.5,1451247081
470,149580,5,1451247117
470,149586,5,1451247145
471,1,4,1437883161
471,32,4,1437883632
471,50,3.5,1437883713
471,208,3.5,1437884011
471,260,5,1437883173
471,296,4.5,1437883810
471,316,3.5,1437883320
471,318,5,1437883217
471,356,5,1437883154
471,442,3.5,1437884043
471,480,3.5,1437883160
471,541,4.5,1437883849
471,589,4,1437883992
471,593,5,1437883156
471,780,3,1437883999
471,788,2.5,1437884046
471,810,1.5,1437884661
471,924,4.5,1437884018
471,1019,3.5,1437884172
471,1097,2.5,1437884003
471,1127,4,1488604307
471,1196,5,1437883840
471,1198,5,1437883224
471,1200,4.5,1437884017
471,1210,4.5,1437883998
471,1214,4.5,1437883326
471,1223,4.5,1437884136
471,1240,4,1437884004
471,1270,3.5,1437883162
471,1320,3.5,1437884054
471,1356,4.5,1437884034
471,1527,4,1437884012
471,1580,3,1437884001
471,1584,4.5,1437883332
471,1653,4.5,1437883299
471,1690,3,1437883631
471,1748,2.5,1437884089
471,1779,3.5,1437884187
471,1876,3,1437884080
471,1909,3.5,1437883335
471,1917,3,1437884030
471,2019,4,1437883743
471,2105,3,1437883679
471,2232,4,1437884196
471,2288,4.5,1437884110
471,2329,4.5,1437883745
471,2529,4,1437883391
471,2571,5,1437883153
471,2628,3.5,1437884006
471,2683,2.5,1437884024
471,2701,2.5,1437884097
471,2716,3,1437884008
471,2717,3,1437884121
471,2722,2.5,1437884141
471,2761,3.5,1437884116
471,2916,3,1437883344
471,2959,5,1437883225
471,2968,3.5,1437884107
471,2997,2.5,1437883683
471,3033,3,1437884091
471,3156,2,1437883380
471,3175,3.5,1437884051
471,3300,3.5,1437883685
471,3354,3.5,1437883403
471,3578,5,1488604129
471,3793,3.5,1437883563
471,3821,2,1437884595
471,3864,2.5,1437884700
471,3981,2.5,1437884433
471,4226,4.5,1437883731
471,4370,3.5,1437883689
471,4446,4,1437884174
471,4571,3.5,1437884119
471,4638,2.5,1437884168
471,4643,3.5,1437884113
471,4874,4,1437884185
471,4975,4,1437883652
471,4980,3.5,1437884436
471,4993,5,1437883226
471,5219,4,1437884288
471,5254,3.5,1437884277
471,5445,5,1437884024
471,5463,4,1437884583
471,5502,3,1437884101
471,5881,4,1437883661
471,5903,4.5,1437884163
471,5944,4,1437883665
471,5952,5,1437883227
471,6016,4.5,1437883736
471,6157,2.5,1437884278
471,6264,3,1437884673
471,6502,4.5,1437884086
471,6537,3,1437884125
471,6541,3,1437884289
471,6645,4,1437884764
471,6659,3,1437884509
471,6934,3.5,1437884082
471,7153,5,1437883220
471,7163,4,1437884604
471,7254,4,1437883323
471,7373,3.5,1437884227
471,8361,3,1437884193
471,8371,3.5,1437883668
471,8644,3.5,1437884103
471,8861,3.5,1437884609
471,8914,4.5,1437883375
471,8961,3.5,1437883471
471,8985,3.5,1437884620
471,27611,4.5,1488604258
471,27660,4.5,1437884581
471,27904,4,1437884512
471,33004,3.5,1437883634
471,33493,3.5,1437884084
471,34048,3.5,1437884177
471,34319,4,1437884298
471,37380,2.5,1437884732
471,37386,2.5,1437883366
471,42422,4.5,1437883637
471,42738,3.5,1437884648
471,43928,2.5,1437884770
471,45499,3,1437884183
471,48043,5,1437884587
471,48516,4,1437883770
471,48774,3.5,1437883400
471,48780,4.5,1437883643
471,49278,4.5,1437884590
471,50872,4,1437883206
471,52328,5,1437884612
471,53000,4,1437884340
471,53125,4.5,1437883248
471,53996,3.5,1437883239
471,54286,4,1488604141
471,56145,3.5,1437884682
471,56174,4,1437884161
471,56801,1.5,1437884760
471,56921,4.5,1437884803
471,57368,4,1437884448
471,58559,5,1437883722
471,59315,4,1437884077
471,60684,3,1437883250
471,61160,3.5,1437883465
471,65642,3.5,1488604264
471,68237,5,1437883368
471,68319,3.5,1437884510
471,68358,4.5,1437884144
471,69526,3.5,1437884626
471,70286,4,1437884132
471,71135,5,1437884796
471,71530,4,1437884710
471,71535,4,1437883240
471,72378,2.5,1437883308
471,72998,4,1437883312
471,73017,4,1437883237
471,73321,4,1437884655
471,77177,4.5,1437883741
471,77561,4,1437884307
471,79132,5,1437883222
471,80463,4,1437883246
471,80917,3.5,1437883328
471,81591,3,1437883244
471,81845,4,1437883786
471,82461,4,1437883459
471,83613,3,1437884810
471,84152,4.5,1437884584
471,85414,5,1437883294
471,87232,3.5,1437884329
471,87306,3.5,1437883656
471,87520,3,1437884783
471,88140,4,1437884598
471,88744,4,1437884600
471,89745,4,1437883911
471,90405,4,1437884739
471,91500,4,1437883296
471,94777,3.5,1437884735
471,95875,3.5,1437883345
471,96610,4,1437883304
471,97752,4,1437884670
471,99114,4.5,1437883817
471,100553,5,1437883728
471,101864,5,1437884718
471,103228,4.5,1437884745
471,103253,4.5,1437883297
471,109487,5,1437883258
471,111759,5,1437883601
471,112852,3.5,1437883360
471,115713,3.5,1488604122
471,116823,4,1437884806
471,122882,4,1437883264
471,122886,4,1488604253
471,127098,5,1437883260
471,131724,5,1437883725
471,134130,5,1488604085
471,166528,4,1488604156
472,260,2.5,1448658129
472,318,4,1448658120
472,1196,3,1448658126
472,1198,3,1448658131
472,2571,5,1448658133
472,7153,5,1448658136
472,54286,5,1448658293
472,59315,5,1448658290
472,60069,4,1448658288
472,68954,5,1448658297
473,3755,4,1320358216
474,1,4,947645160
474,7,3,947647531
474,10,3,947646348
474,21,2,947654708
474,52,3,947655146
474,111,3,947645341
474,150,5,947645405
474,260,3,947655290
474,296,3,947644845
474,329,2,947655682
474,342,3,947646996
474,348,3,947654352
474,356,5,947645780
474,362,3,947646599
474,367,4,947646071
474,376,2,947647650
474,377,4,947646737
474,380,3,947654841
474,454,3,947646282
474,457,4,947645562
474,466,3,947647755
474,480,3,947655456
474,492,3,947654912
474,500,2,947647095
474,537,3,947647531
474,551,4,947645405
474,552,3,947647711
474,589,4,947655290
474,592,3,947655610
474,594,3,947645523
474,728,3,947654612
474,780,3,947647501
474,858,5,947644732
474,903,3,947645115
474,904,3,947645115
474,908,3,947645013
474,910,3,947645076
474,916,3,947645951
474,920,3,947644437
474,923,4,947644926
474,924,4,947645751
474,934,3,947645997
474,950,3,947644985
474,952,3,947645951
474,968,2,947645523
474,969,3,947645076
474,1017,2,947646942
474,1028,2,947645688
474,1036,4,947655326
474,1073,1,947646665
474,1077,4,947654418
474,1079,4,947654441
474,1080,4,947645978
474,1084,3,947646414
474,1099,3,947645341
474,1101,3,947646646
474,1125,4,947645856
474,1136,4,947645452
474,1171,3,947654486
474,1172,3,947645798
474,1183,3,947646295
474,1193,4,947644926
474,1196,4,947655290
474,1197,3,947654379
474,1199,3,947645261
474,1200,5,947645405
474,1201,3,947655326
474,1203,3,947645036
474,1206,4,947645472
474,1207,4,947645115
474,1210,2,947644256
474,1211,3,947654352
474,1214,4,947655326
474,1219,4,947645299
474,1220,4,947645832
474,1225,4,947645115
474,1230,4,947644802
474,1233,4,947645013
474,1235,3,947645658
474,1240,4,947655326
474,1250,4,947644771
474,1254,3,947645751
474,1265,5,947654379
474,1267,3,947644845
474,1270,4,947644315
474,1275,3,947645705
474,1276,3,947654352
474,1278,4,947644771
474,1282,3,947645900
474,1285,4,947645472
474,1291,3,947655456
474,1292,4,947654401
474,1301,4,947645723
474,1303,4,947647148
474,1304,3,947655390
474,1307,3,947654401
474,1333,3,947646038
474,1345,3,947646136
474,1356,4,947645926
474,1370,3,947646467
474,1371,2,947647633
474,1372,3,947645901
474,1376,3,947655485
474,1380,2,947647095
474,1387,4,947644771
474,1517,4,947646431
474,1527,5,947646118
474,1580,3,947645813
474,1610,3,947655456
474,1676,2,947647251
474,1680,3,947646802
474,1690,2,947647591
474,1722,4,947646219
474,1747,3,947654633
474,1784,2,947654612
474,1912,4,947655390
474,1921,3,947646193
474,1923,4,947646175
474,1931,3,947645601
474,1954,4,947655485
474,1957,4,947645135
474,1963,4,947644732
474,1993,2,947644437
474,2011,3,947654558
474,2012,3,947646859
474,2013,3,947654141
474,2019,3,947645176
474,2064,4,947646348
474,2078,3,947654379
474,2100,4,947654558
474,2109,3,947645978
474,2111,3,947647738
474,2124,3,947647501
474,2150,2,947645493
474,2167,4,947646090
474,2174,4,947645926
474,2194,2,947655390
474,2243,3,947646633
474,2245,3,947647464
474,2247,3,947647286
474,2289,4,947654441
474,2300,3,947644802
474,2346,3,947646391
474,2352,3,947647251
474,2371,3,947646023
474,2376,3,947655814
474,2393,2,947646737
474,2396,4,947645191
474,2406,4,947645856
474,2463,3,947654959
474,2467,3,947645601
474,2470,4,947646943
474,2527,3,947655890
474,2529,3,947645523
474,2539,4,947647198
474,2571,5,947645227
474,2617,4,947647286
474,2628,2,947646282
474,2640,3,947645688
474,2641,3,947647591
474,2662,3,947646136
474,2683,3,947653995
474,2699,4,947646906
474,2716,5,947645261
474,2746,3,947654708
474,2762,5,947645405
474,2770,4,947647265
474,2774,2,947647711
474,2791,4,947645076
474,2797,4,947654486
474,2803,3,947646391
474,2805,3,947647299
474,2819,4,947645601
474,2822,2,947647551
474,2857,2,947647251
474,2871,3,947646023
474,2872,3,947646391
474,2915,4,947654558
474,2916,3,947645452
474,2942,4,947654219
474,2944,3,947645780
474,2947,3,947645452
474,2948,4,947645871
474,2949,4,947645997
474,2973,3,947644926
474,2985,3,947644256
474,2987,4,947646219
474,2991,3,947655545
474,2993,4,947655577
474,2997,5,947654019
474,3006,4,947645013
474,3019,3,947644960
474,3032,3,947647609
474,3037,4,947645658
474,3039,3,947645543
474,3049,3,947645341
474,3072,3,947654486
474,3081,4,947644554
474,3082,3,947644518
474,3104,2,947655290
474,3105,4,947646514
474,3114,4,947644486
474,3153,3,947655390
474,3175,4,947644486
474,5060,5,947645562
475,236,4,1142568878
475,282,3.5,1142568978
475,599,4,1189231550
475,904,4.5,1142568895
475,1148,4.5,1142569020
475,1199,4.5,1142569031
475,1204,4.5,1142569045
475,1278,4,1142568902
475,1408,4,1142569042
475,1674,4,1142569094
475,2100,4,1142569053
475,2529,4,1142569049
475,2657,4,1142568984
475,3147,4.5,1142568883
475,3418,4,1142569057
475,3753,4,1142569100
475,4881,4,1189231482
475,4995,4,1142569076
475,5147,5,1235802898
475,6001,4,1189232006
475,6539,2,1142569089
475,6874,3.5,1189231992
475,25825,5,1235802780
475,31347,5,1205126253
475,37731,4,1189231969
476,168,3,1216825485
476,265,4,1216825487
476,471,4.5,1216825517
476,543,1,1216825493
476,552,3.5,1216825496
476,596,5,1216825489
476,852,4.5,1216825525
476,903,4,1216825498
476,913,5,1216825518
476,1215,4,1216825513
476,1282,4,1216825515
476,1372,1,1216825520
476,1376,4.5,1216825495
476,1396,4,1216825492
476,1674,3.5,1216825526
476,1876,4.5,1216825514
476,1909,5,1216825528
476,2395,2.5,1216825490
476,2890,3.5,1216825521
476,5418,2,1216825484
477,318,5,1439818096
477,356,4,1439818108
477,2571,5,1439818104
477,3409,4,1439818667
477,3751,4,1439818164
477,4226,5,1439819283
477,4973,5,1439819321
477,4993,5,1439819277
477,5618,5,1439819330
477,5952,5,1439819279
477,7153,5,1439819271
477,58559,5,1439819267
477,74458,4,1439818731
477,76093,2.5,1439818748